ImageNumber	ObjectNumber	Children_PLA_Count	Location_Center_X	Location_Center_Y	Location_Center_Z	Number_Object_Number	Parent_Nuclei
1	1	0	347.8008241758242	18.414835164835164	0	1	1
1	2	0	78.6900826446281	17.33884297520661	0	2	2
1	3	0	13.464638783269962	56.92395437262358	0	3	3
1	4	0	81.25221068819685	64.66935793925413	0	4	4
1	5	0	26.35907678650688	96.22636484687084	0	5	5
1	6	0	191.3550021105952	93.63191219924019	0	6	6
1	7	0	307.54437283093705	97.4174516608825	0	7	7
1	8	0	354.01619256017506	98.67089715536105	0	8	8
1	9	0	211.88681757656457	130.16955170883267	0	9	9
1	10	0	369.09994288977725	135.2130211307824	0	10	10
1	11	0	255.65257595772786	131.94892118009687	0	11	11
1	12	0	412.0625782227785	132.70921985815602	0	12	12
1	13	0	12.520537124802528	142.41627172195894	0	13	13
1	14	0	294.7437722419929	138.11601423487545	0	14	14
1	15	16	325.87759484609876	143.66857551896922	0	15	15
1	16	0	479.6346215266688	149.60747365059086	0	16	16
1	17	0	109.72277227722772	165.22539312754805	0	17	17
1	18	0	165.09755030621173	169.9400699912511	0	18	18
1	19	0	284.51776649746193	177.1694162436548	0	19	19
1	20	0	125.2739571589628	185.10822998872604	0	20	20
1	21	0	31.605353075170843	182.57858769931664	0	21	21
1	22	0	384.78173784977906	189.9620029455081	0	22	22
1	23	0	321.2199074074074	192.57361111111112	0	23	23
1	24	0	7.795977011494253	193.28879310344828	0	24	24
1	25	0	143.57073170731707	202.4670731707317	0	25	25
1	26	0	132.50645161290322	219.08548387096775	0	26	26
1	27	0	112.69607843137256	226.95989304812835	0	27	27
1	28	0	163.97061909758656	226.21301154249738	0	28	28
1	29	0	16.31289040318001	237.96365701306075	0	29	29
1	30	0	191.71447112264764	227.59312134977287	0	30	30
1	31	2	423.455005843397	237.7923646279704	0	31	31
1	32	0	92.91709511568124	245.9331619537275	0	32	32
1	33	0	142.9827089337176	251.56772334293947	0	33	33
1	34	0	295.84329004329004	243.4112554112554	0	34	34
1	35	0	183.66480446927375	262.12849162011173	0	35	35
1	36	0	55.358260869565214	261.2968115942029	0	36	36
1	37	0	212.50212765957446	262.0631205673759	0	37	37
1	38	0	244.19482120838472	266.8218249075216	0	38	38
1	39	0	352.94361525704807	270.9875621890547	0	39	39
1	40	0	384.16	282.107	0	40	40
1	41	0	482.7015355086372	283.1967370441459	0	41	41
1	42	0	108.7596463022508	279.06752411575565	0	42	42
1	43	0	157.46691568836712	286.8025613660619	0	43	43
1	44	0	329.2963940193492	279.22339489885667	0	44	44
1	45	0	284.19354838709677	285.74121863799286	0	45	45
1	46	0	312.19179894179894	292.7354497354497	0	46	46
1	47	0	62.06672369546621	298.55346449957227	0	47	47
1	48	0	37.596259625962595	297.52255225522555	0	48	48
1	49	0	129.66782729805013	310.091922005571	0	49	49
1	50	0	15.807764558547277	301.5967438948027	0	50	50
1	51	0	90.25968728755949	308.2168592794018	0	51	51
1	52	0	258.35673076923075	302.825	0	52	52
1	53	0	200.56897477187331	307.6269457863661	0	53	53
1	54	0	230.2998712998713	308.2226512226512	0	54	54
1	55	0	351.3552758954501	312.0590513068732	0	55	55
1	56	0	495.72687545520756	320.4027676620539	0	56	56
1	57	0	315.6910569105691	324.397212543554	0	57	57
1	58	0	244.6127562642369	331.53302961275625	0	58	58
1	59	0	280.01191567369386	328.3088909257562	0	59	59
1	60	0	338.9476047904192	335.6751497005988	0	60	60
1	61	0	301.14814814814815	344.74652777777777	0	61	61
1	62	0	384.8463785046729	338.1892523364486	0	62	62
1	63	0	356.1812977099237	354.5562977099237	0	63	63
1	64	0	205.75567620927936	354.609081934847	0	64	64
1	65	0	254.03283815480845	362.4511336982017	0	65	65
1	66	0	63.04704016913319	365.3229386892178	0	66	66
1	67	0	282.59753593429156	371.2566735112936	0	67	67
1	68	0	331.8618638466623	374.9325842696629	0	68	68
1	69	0	34.65234765234765	372.3296703296703	0	69	69
1	70	0	105.6388	378.202	0	70	70
1	71	0	309.56756756756755	388.84384384384384	0	71	71
1	72	0	234.38570241064008	384.76226101413135	0	72	72
1	73	0	384.1431792559188	390.7433295753476	0	73	73
1	74	0	175.9031141868512	395.19204152249137	0	74	74
1	75	0	30.57744874715262	402.30865603644645	0	75	75
1	76	0	281.7517006802721	407.5748299319728	0	76	76
1	77	0	212.48208640674395	417.659114857745	0	77	77
1	78	0	249.6256	416.9608	0	78	78
1	79	0	316.17103235747305	427.95942475603493	0	79	79
1	80	0	67.73703567488047	427.68554615667523	0	80	80
1	81	0	263.6231541642056	447.071470761961	0	81	81
1	82	0	298.2976769313884	468.31388438681796	0	82	82
1	83	0	125.68286755771567	469.21668691778046	0	83	83
1	84	8	442.0360459973463	472.5340557275542	0	84	84
1	85	0	369.9755403868032	481.2673492605233	0	85	85
1	86	8	444.1419878296146	494.6551724137931	0	86	86
1	87	6	482.4907120743034	494.10835913312695	0	87	87
1	88	4	461.09302325581393	497.309481216458	0	88	88
1	89	0	298.6011419249592	498.3752039151713	0	89	89
1	90	0	339.16165951359085	493.04935622317595	0	90	90
1	91	0	101.98320895522389	498.2692786069652	0	91	91
2	1	0	259.9550561797753	9.549438202247192	0	1	1
2	2	0	389.536231884058	12.128623188405797	0	2	2
2	3	0	441.4963190184049	14.769325153374233	0	3	3
2	4	0	312.6045584045584	23.974928774928774	0	4	4
2	5	0	277.70588235294116	35.09005726184279	0	5	5
2	6	0	478.9187898089172	34.60549363057325	0	6	6
2	7	0	83.25029832935562	37.932875894988065	0	7	7
2	8	0	421.5842696629214	44.83976551050318	0	8	8
2	9	0	505.69193548387096	32.45322580645161	0	9	9
2	10	0	31.575196850393702	43.00944881889764	0	10	10
2	11	0	373.4371152154793	57.11477572559367	0	11	11
2	12	0	404.3934807916182	72.011641443539	0	12	12
2	13	0	500.82267441860466	81.13662790697674	0	13	13
2	14	0	465.26982543640895	83.24488778054862	0	14	14
2	15	0	432.69	115.88347826086957	0	15	15
2	16	0	468.36733185513674	124.41019955654102	0	16	16
2	17	0	490.67483946293055	139.8085230589609	0	17	17
2	18	0	329.52952029520293	156.02982779827798	0	18	18
2	19	0	497.6943366951125	175.73312645461598	0	19	19
2	20	0	388.8242424242424	156.11322314049588	0	20	20
2	21	0	234.54121306376362	187.39377916018663	0	21	21
2	22	1	106.80747204799563	193.10471775293155	0	22	22
2	23	0	441.67721518987344	229.309127248501	0	23	23
2	24	0	320.456780333069	230.92268041237114	0	24	24
2	25	0	271.49302607640993	238.5979381443299	0	25	25
2	26	0	142.88558769872296	246.5572061506385	0	26	26
2	27	0	17.10187667560322	248.42412868632707	0	27	27
2	28	0	358.68153200419727	251.09391395592866	0	28	28
2	29	0	388.75830469644904	268.446735395189	0	29	29
2	30	0	70.15707369553523	268.30796126949974	0	30	30
2	31	0	428.2012578616352	279.685534591195	0	31	31
2	32	0	11.615981380915438	298.42513576415826	0	32	32
2	33	0	359.7305424528302	301.61733490566036	0	33	33
2	34	0	314.64710643464184	303.4609469850263	0	34	34
2	35	0	52.26905065985526	312.25457641549593	0	35	35
2	36	0	404.00527859237536	316.4991202346041	0	36	36
2	37	0	458.2841041585698	310.8072289156627	0	37	37
2	38	1	211.38545953360767	321.962962962963	0	38	38
2	39	0	353.3757327080891	335.89038686987107	0	39	39
2	40	0	179.7819118488838	337.0412135088724	0	40	40
2	41	0	490.1783783783784	340.3888513513514	0	41	41
2	42	1	62.664659564613245	346.4006484483557	0	42	42
2	43	0	115.4106090373281	347.8285854616896	0	43	43
2	44	0	429.9324937027708	355.69319899244334	0	44	44
2	45	0	155.47067448680352	367.84701857282505	0	45	45
2	46	0	393.7941489361702	364.96702127659574	0	46	46
2	47	0	348.77005789909015	366.9884201819686	0	47	47
2	48	0	205.0795892169448	377.59392383397517	0	48	48
2	49	0	91.33820459290187	382.07265135699373	0	49	49
2	50	0	324.40904936014624	384.0603290676417	0	50	50
2	51	0	256.5711852861035	380.4346049046322	0	51	51
2	52	0	462.992656587473	388.3473002159827	0	52	52
2	53	0	378.4812076401725	398.29081947011707	0	53	53
2	54	0	188.33543804262035	422.6199684293607	0	54	54
2	55	1	428.56226572261556	421.82007496876304	0	55	55
2	56	0	264.093592512599	426.76889848812095	0	56	56
2	57	0	232.51228249744113	434.72262026612077	0	57	57
2	58	0	349.91988950276243	437.7115232833465	0	58	58
2	59	0	388.84295105916726	436.2644265887509	0	59	59
2	60	0	293.15616045845275	444.0207736389685	0	60	60
2	61	0	477.80888183980966	444.9932593180016	0	61	61
2	62	0	114.68265460030166	450.2295625942685	0	62	62
2	63	0	400.59470810583787	475.4187316253675	0	63	63
2	64	0	460.9021183345508	469.85244704163625	0	64	64
2	65	0	326.6256463288521	480.873491899345	0	65	65
2	66	0	238.0383552176918	485.57774706288876	0	66	66
2	67	6	492.2623705408516	492.45454545454544	0	67	67
2	68	20	446.2403455284553	495.390243902439	0	68	68
2	69	0	125.68469785575049	493.02923976608184	0	69	69
3	1	0	345.1078348778433	9.383319292333614	0	1	1
3	2	0	189.01239669421489	17.87878787878788	0	2	2
3	3	0	259.3529411764706	20.51747655583973	0	3	3
3	4	0	286.634008097166	21.63157894736842	0	4	4
3	5	0	423.73858585858585	20.333737373737375	0	5	5
3	6	0	56.0505090054816	32.45614722004699	0	6	6
3	7	0	359.4345066358915	35.235429890363534	0	7	7
3	8	0	312.55899419729207	40.575918762088975	0	8	8
3	9	0	15.787234042553191	45.596926713947994	0	9	9
3	10	0	394.5801952580195	47.70781032078103	0	10	10
3	11	0	214.1247784473591	51.355547678128325	0	11	11
3	12	0	467.169360764144	54.29316678912564	0	12	12
3	13	0	24.173660714285713	79.51875	0	13	13
3	14	0	428.7108655616943	79.30524861878453	0	14	14
3	15	0	361.75482832618025	78.72210300429184	0	15	15
3	16	0	128.35776397515528	79.77805383022775	0	16	16
3	17	0	307.80241748024173	78.56345885634589	0	17	17
3	18	0	90.41044234952864	77.96519216823785	0	18	18
3	19	0	242.36051353226927	87.38306731436502	0	19	19
3	20	0	397.3251895534962	95.13395113732098	0	20	20
3	21	0	171.64994298745725	87.46294184720638	0	21	21
3	22	0	61.88521269412559	97.7373396353815	0	22	22
3	23	0	91.07860262008734	115.79737991266376	0	23	23
3	24	0	302.7139709122962	111.57734684883208	0	24	24
3	25	0	359.39720930232556	123.39488372093024	0	25	25
3	26	0	272.0980211688909	132.76346065347445	0	26	26
3	27	0	476.9483933787731	129.26647192469977	0	27	27
3	28	0	411.6049261083744	133.6320197044335	0	28	28
3	29	1	182.4046021093001	137.80728667305848	0	29	29
3	30	0	242.98302023121389	156.33598265895955	0	30	30
3	31	0	73.70410292072323	157.07093184979138	0	31	31
3	32	0	381.1812161348585	162.82600842865745	0	32	32
3	33	0	21.987034574468087	167.4840425531915	0	33	33
3	34	0	453.33348708487085	169.7227859778598	0	34	34
3	35	0	130.36886102403344	163.53030303030303	0	35	35
3	36	0	325.1806095979248	172.30901426718546	0	36	36
3	37	0	421.1079478054567	172.94543297746145	0	37	37
3	38	0	157.0748407643312	179.18471337579618	0	38	38
3	39	0	208.7221228384019	186.7185450208706	0	39	39
3	40	0	103.88464211257818	190.80611535788742	0	40	40
3	41	0	468.75943104514533	196.67285095856525	0	41	41
3	42	0	410.4020134228188	202.23355704697985	0	42	42
3	43	0	169.38062622309198	206.85225048923678	0	43	43
3	44	0	365.67247754886426	199.91706286318015	0	44	44
3	45	0	250.4524248004911	200.48680171884592	0	45	45
3	46	0	497.7012820512821	204.1974358974359	0	46	46
3	47	0	102.20782851817334	220.26374650512582	0	47	47
3	48	0	277.67318611987383	213.20504731861197	0	48	48
3	49	0	301.68640454760776	228.0279488394126	0	49	49
3	50	0	62.3447695930037	235.32357887655567	0	50	50
3	51	0	370.4787714543812	231.43631436314362	0	51	51
3	52	0	411.08507570295603	241.9718817591925	0	52	52
3	53	0	238.50991114149008	238.55023923444975	0	53	53
3	54	0	483.1362880886427	244.62770083102492	0	54	54
3	55	0	186.0394218134034	249.33201927288655	0	55	55
3	56	0	441.3821782178218	246.89158415841584	0	56	56
3	57	0	213.75428571428571	254.3761904761905	0	57	57
3	58	0	385.4033149171271	254.88397790055248	0	58	58
3	59	0	131.4786561264822	251.9407114624506	0	59	59
3	60	0	341.66715470961446	254.44899951195706	0	60	60
3	61	0	300.05344494526724	266.29813264649067	0	61	61
3	62	0	386.067876344086	280.58266129032256	0	62	62
3	63	0	502.41129032258067	279.04737903225805	0	63	63
3	64	0	238.50105374077978	279.4857744994731	0	64	64
3	65	0	138.44714964370547	283.166270783848	0	65	65
3	66	0	452.2283907238229	284.7406886858749	0	66	66
3	67	0	15.460805084745763	288.5381355932203	0	67	67
3	68	0	479.77111540941326	301.3023855577047	0	68	68
3	69	0	285.35809806835067	296.4301634472511	0	69	69
3	70	0	314.15039281705947	310.69584736251403	0	70	70
3	71	0	339.5076470588235	302.6623529411765	0	71	71
3	72	0	408.1193931398417	305.6807387862797	0	72	72
3	73	0	144.82347297729453	317.23696834026225	0	73	73
3	74	0	240.77507447864946	313.54816285998015	0	74	74
3	75	0	442.8552544613351	324.1242564441507	0	75	75
3	76	0	367.0347928068804	333.6274433150899	0	76	76
3	77	1	285.21719659650694	338.6820420958352	0	77	77
3	78	0	405.2096069868996	342.391557496361	0	78	78
3	79	0	494.7913769123783	335.85813630041724	0	79	79
3	80	0	217.92757894736843	345.7115789473684	0	80	80
3	81	0	333.88229755178907	362.89171374764595	0	81	81
3	82	0	434.4947874899759	365.10505212510026	0	82	82
3	83	0	463.08437343984025	374.3449825262107	0	83	83
3	84	0	493.56175854849965	378.13886950453593	0	84	84
3	85	0	247.06957866254348	380.55701584847316	0	85	85
3	86	0	303.0662309368192	391.91459694989106	0	86	86
3	87	0	405.0840707964602	389.2940466613033	0	87	87
3	88	0	345.181220657277	411.3380281690141	0	88	88
3	89	0	498.61251015434607	420.2087733549959	0	89	89
3	90	0	278.02876480541454	421.31077270163564	0	90	90
3	91	0	379.70744138634046	424.3924566768603	0	91	91
3	92	0	244.7106842737095	436.06282513005203	0	92	92
3	93	0	428.0536953242836	446.5607843137255	0	93	93
3	94	0	222.07165109034267	473.9450934579439	0	94	94
3	95	19	444.09547383309757	489.27510608203676	0	95	95
3	96	7	495.3186274509804	484.2962962962963	0	96	96
3	97	4	468.6567534076828	490.0470879801735	0	97	97
3	98	0	351.06408450704225	491.49718309859156	0	98	98
3	99	0	239.4191011235955	502.87865168539327	0	99	99
3	100	0	317.8220742150333	492.23406279733587	0	100	100
3	101	0	387.16222570532915	495.7805642633229	0	101	101
4	1	0	364.4921363040629	14.43315858453473	0	1	1
4	2	0	417.88659793814435	10.175257731958762	0	2	2
4	3	0	265.48694826767917	18.679639297579495	0	3	3
4	4	0	194.61591962905717	17.22488408037094	0	4	4
4	5	0	144.65033407572383	30.90534521158129	0	5	5
4	6	0	482.3042328042328	21.501984126984127	0	6	6
4	7	0	447.934	26.142	0	7	7
4	8	0	314.66547915924474	29.107231920199503	0	8	8
4	9	0	404.42391304347825	39.75563607085346	0	9	9
4	10	0	466.69545454545454	46.68484848484849	0	10	10
4	11	0	198.57679409792087	42.9570757880617	0	11	11
4	12	0	13.860023041474655	59.68663594470046	0	12	12
4	13	0	235.27955205309001	60.614682704272084	0	13	13
4	14	0	166.3249452954048	69.15536105032822	0	14	14
4	15	0	457.5308710033076	70.32083792723263	0	15	15
4	16	0	338.2332361516035	66.49951409135083	0	16	16
4	17	0	497.5220667384284	74.8778256189451	0	17	17
4	18	0	41.8761316872428	77.55473251028806	0	18	18
4	19	0	403.72904009720537	84.07695423248279	0	19	19
4	20	0	286.10179869881364	82.71641791044776	0	20	20
4	21	0	196.09150943396227	99.58537735849056	0	21	21
4	22	0	249.90358744394618	101.17488789237669	0	22	22
4	23	0	363.24391480730225	101.26014198782961	0	23	23
4	24	0	321.6694505494506	117.18065934065935	0	24	24
4	25	0	448.31911142454163	115.97743300423132	0	25	25
4	26	0	490.43361188486534	133.18755803156918	0	26	26
4	27	0	227.1997796547925	138.1494674990819	0	27	27
4	28	0	41.223404255319146	136.97098646034817	0	28	28
4	29	0	9.780035335689046	139.6439929328622	0	29	29
4	30	0	369.613727637824	146.49470609711574	0	30	30
4	31	0	418.60297572435394	159.17149569303055	0	31	31
4	32	0	112.97193500738553	170.05071393402264	0	32	32
4	33	0	287.8842666666667	153.1744	0	33	33
4	34	0	82.56507731958763	169.0012886597938	0	34	34
4	35	0	158.6650521609538	172.80141579731745	0	35	35
4	36	0	256.30216082182073	189.7350336521431	0	36	36
4	37	0	294.57402361489557	183.2942779291553	0	37	37
4	38	0	498.0083876980429	178.68965517241378	0	38	38
4	39	0	201.6106978391782	187.4275593340418	0	39	39
4	40	0	466.4988991633642	184.89520035226772	0	40	40
4	41	0	7.57852193995381	194.19284064665126	0	41	41
4	42	0	37.34006011163589	186.49506225848003	0	42	42
4	43	0	365.9573091849935	186.34346701164296	0	43	43
4	44	0	322.0774693350549	194.18463524854744	0	44	44
4	45	0	418.2386401884887	207.49040727027938	0	45	45
4	46	0	352.8489425981873	215.91742195367573	0	46	46
4	47	0	499.2357414448669	214.23320659062105	0	47	47
4	48	0	130.9708295350957	214.57019143117594	0	48	48
4	49	0	60.31764705882353	217.1873949579832	0	49	49
4	50	0	87.33968253968254	239.4121693121693	0	50	50
4	51	0	320.0797764227642	232.8622967479675	0	51	51
4	52	0	372.25252525252523	240.1104797979798	0	52	52
4	53	0	142.73516949152543	246.364406779661	0	53	53
4	54	0	486.6777932313398	247.7783959202596	0	54	54
4	55	0	416.78636741479636	245.8744804655029	0	55	55
4	56	0	50.40111111111111	251.69333333333333	0	56	56
4	57	0	209.9766435986159	249.24567474048442	0	57	57
4	58	0	11.467541940189642	251.5426695842451	0	58	58
4	59	0	294.8783783783784	254.43333333333334	0	59	59
4	60	0	449.44449925999015	259.1391218549581	0	60	60
4	61	0	400.55555555555554	266.0508826583593	0	61	61
4	62	0	319.46666666666664	275.98848484848486	0	62	62
4	63	0	176.59379544352885	273.8424624333495	0	63	63
4	64	0	389.41914722445694	286.2381335478681	0	64	64
4	65	0	44.43246019517206	287.48638931689777	0	65	65
4	66	0	355.5003940110323	285.36406619385343	0	66	66
4	67	0	434.19175257731956	303.220618556701	0	67	67
4	68	0	216.48848603625675	299.61538461538464	0	68	68
4	69	0	492.5489236790607	299.1179060665362	0	69	69
4	70	0	15.099810486418193	308.18445988629185	0	70	70
4	71	0	327.3837293016559	309.80345572354213	0	71	71
4	72	0	161.81388012618297	311.28180862250264	0	72	72
4	73	0	112.54351351351352	315.7645945945946	0	73	73
4	74	0	377.66358192705496	321.91181273816005	0	74	74
4	75	0	237.63560830860533	334.01305637982193	0	75	75
4	76	0	334.5366568914956	341.00684261974584	0	76	76
4	77	0	54.51184622261958	337.6718819848011	0	77	77
4	78	0	158.4292480757845	349.90467732386026	0	78	78
4	79	0	201.63790446841296	347.1381612737545	0	79	79
4	80	0	460.26466575716233	334.21145975443386	0	80	80
4	81	0	485.42084006462034	340.0799676898223	0	81	81
4	82	0	294.4771630152247	339.8065354623097	0	82	82
4	83	0	414.28951486697963	346.8643714136672	0	83	83
4	84	0	353.59412550066753	362.5340453938585	0	84	84
4	85	0	14.181365221723967	366.0896860986547	0	85	85
4	86	0	254.70670241286862	368.7238605898123	0	86	86
4	87	0	274.72370766488416	363.0944741532977	0	87	87
4	88	0	443.46695557963164	365.79035752979416	0	88	88
4	89	0	499.669133192389	379.6321353065539	0	89	89
4	90	0	473.8590657165479	382.52098178939036	0	90	90
4	91	0	106.31506849315069	376.3673262303399	0	91	91
4	92	0	152.52714812862413	382.1286241433843	0	92	92
4	93	0	73.04808548530721	375.34461264470167	0	93	93
4	94	0	318.8843797856049	383.4640122511485	0	94	94
4	95	0	37.31458179126573	391.57290895632866	0	95	95
4	96	0	63.351528384279476	400.86353711790395	0	96	96
4	97	0	391.48046230049533	393.20528343423223	0	97	97
4	98	0	208.1086859688196	398.8400890868597	0	98	98
4	99	0	312.15412844036695	410.65443425076455	0	99	99
4	100	0	242.7405119152692	411.29126213592235	0	100	100
4	101	0	95.33819018404908	415.9171779141104	0	101	101
4	102	0	145.75	414.1757925072046	0	102	102
4	103	0	356.5292598967298	417.01376936316694	0	103	103
4	104	0	273.24664224664224	424.73382173382174	0	104	104
4	105	0	33.33750711439954	434.977233921457	0	105	105
4	106	0	134.9344473007712	436.2005141388175	0	106	106
4	107	0	9.064969271290606	440.8454784899034	0	107	107
4	108	0	227.793686583991	451.9847801578354	0	108	108
4	109	0	354.60891445003597	449.11646297627607	0	109	109
4	110	0	72.68332108743571	443.7134459955915	0	110	110
4	111	0	391.3593486805166	450.6631106120157	0	111	111
4	112	0	191.6521537748958	452.8059286706809	0	112	112
4	113	0	117.0029368575624	458.2858541360744	0	113	113
4	114	0	161.94908062234794	457.012729844413	0	114	114
4	115	1	459.8095803642122	465.53087885985747	0	115	115
4	116	0	62.465852555404794	477.5685210312076	0	116	116
4	117	0	291.8236301369863	471.7782534246575	0	117	117
4	118	15	442.5217864923747	495.6100217864924	0	118	118
4	119	13	486.37938252223967	493.80743066457353	0	119	119
4	120	0	157.32842287694973	494.15164644714037	0	120	120
4	121	0	266.7427606177606	492.9594594594595	0	121	121
4	122	0	330.629387755102	489.68408163265303	0	122	122
4	123	0	216.93932584269663	492.92209737827716	0	123	123
5	1	0	178.1814569536424	7.22251655629139	0	1	1
5	2	0	343.785204412719	16.596365996106424	0	2	2
5	3	0	471.5370237239396	16.31488138030194	0	3	3
5	4	0	501.82278481012656	12.887884267631103	0	4	4
5	5	0	76.43015133876601	14.819557625145517	0	5	5
5	6	0	270.5005117707267	24.573694984646878	0	6	6
5	7	0	30.18047788510422	25.894763599389933	0	7	7
5	8	0	178.55354892902142	32.78160436791264	0	8	8
5	9	0	231.93794212218648	39.084244372990355	0	9	9
5	10	0	426.32329749103945	38.16057347670251	0	10	10
5	11	0	495.09705248023005	48.89432063263839	0	11	11
5	12	0	75.53506029477445	52.83564091112104	0	12	12
5	13	0	326.1431578947368	51.91	0	13	13
5	14	0	483.1181818181818	77.33282828282829	0	14	14
5	15	0	449.67771781033156	71.45412490362375	0	15	15
5	16	0	128.66881998277347	67.46511627906976	0	16	16
5	17	0	57.63354430379747	81.01075949367089	0	17	17
5	18	0	359.84757653061223	73.41390306122449	0	18	18
5	19	0	196.51784596117722	84.52473387601754	0	19	19
5	20	0	292.6094477711244	80.27544910179641	0	20	20
5	21	0	333.6300699300699	99.36713286713287	0	21	21
5	22	0	30.99182389937107	95.7188679245283	0	22	22
5	23	0	124.44794952681389	105.49921135646687	0	23	23
5	24	0	256.95612903225805	93.79569892473118	0	24	24
5	25	0	381.8968835930339	101.25527039413382	0	25	25
5	26	1	305.04395604395603	116.5040293040293	0	26	26
5	27	0	444.91137566137564	106.55820105820106	0	27	27
5	28	0	439.2849413886384	135.92515779981966	0	28	28
5	29	0	237.8383324860193	130.6970005083884	0	29	29
5	30	0	75.92523020257826	134.8184162062615	0	30	30
5	31	0	26.576334106728538	136.8060324825986	0	31	31
5	32	0	388.973293768546	143.33399274645566	0	32	32
5	33	0	282.97116736990154	144.65541490857947	0	33	33
5	34	0	467.4900416859657	153.14451134784622	0	34	34
5	35	0	165.96586715867159	143.55627306273064	0	35	35
5	36	0	241.90589353612168	175.1920152091255	0	36	36
5	37	0	196.1938202247191	166.6247191011236	0	37	37
5	38	0	128.52754237288136	171.79322033898305	0	38	38
5	39	1	317.4757403906742	164.11216131064901	0	39	39
5	40	0	13.125763125763125	166.5067155067155	0	40	40
5	41	0	281.43009985734665	181.50641940085592	0	41	41
5	42	1	350.69919168591224	176.6726327944573	0	42	42
5	43	0	18.304080061585836	194.22555812163202	0	43	43
5	44	0	174.4407796101949	195.40179910044978	0	44	44
5	45	0	453.18864550737595	191.7031738936075	0	45	45
5	46	0	200.6964461994077	211.7280355380059	0	46	46
5	47	0	326.12734082397003	201.99812734082397	0	47	47
5	48	1	152.3439218081857	211.54367745876604	0	48	48
5	49	0	425.3390410958904	216.61301369863014	0	49	49
5	50	0	360.0989010989011	218.8211233211233	0	50	50
5	51	0	301.7171052631579	216.77697368421053	0	51	51
5	52	0	45.61657083115525	227.45452169367485	0	52	52
5	53	0	268.2114537444934	223.81686595342984	0	53	53
5	54	0	232.59259259259258	227.52291274325174	0	54	54
5	55	1	460.544798556825	231.9200240529164	0	55	55
5	56	0	327.475	230.80333333333334	0	56	56
5	57	0	102.73717442778216	234.0264404104183	0	57	57
5	58	0	497.84567517112635	242.30491599253267	0	58	58
5	59	4	317.69545745361484	260.6039667306462	0	59	59
5	60	0	349.98821396192204	256.6736174070716	0	60	60
5	61	0	146.57974579745797	258.93849938499386	0	61	61
5	62	0	405.67717528373265	250.192517864649	0	62	62
5	63	0	244.73108614232208	265.25393258426965	0	63	63
5	64	0	188.16587677725119	266.271327014218	0	64	64
5	65	1	99.36285858077504	277.2068444891797	0	65	65
5	66	0	386.78604177279675	281.46255731023945	0	66	66
5	67	0	212.9125102207686	272.5551921504497	0	67	67
5	68	0	280.4814612868048	271.7639040348964	0	68	68
5	69	0	460.2115091463415	274.733612804878	0	69	69
5	70	0	163.6906779661017	297.89043583535107	0	70	70
5	71	0	496.4485235434956	294.3056664006385	0	71	71
5	72	0	232.54057771664375	309.66506189821183	0	72	72
5	73	0	348.6803760282021	297.2121034077556	0	73	73
5	74	0	261.0139211136891	310.31631863882444	0	74	74
5	75	0	434.9634277518824	313.81247759053423	0	75	75
5	76	0	308.6753321779318	307.14615829000576	0	76	76
5	77	0	60.62269372693727	312.3228782287823	0	77	77
5	78	0	27.14176245210728	310.55391351943075	0	78	78
5	79	0	110.62586417242781	318.294835298902	0	79	79
5	80	0	498.1685863874346	330.1015706806283	0	80	80
5	81	0	8.904761904761905	325.7404295051354	0	81	81
5	82	0	204.80833942940745	325.4381858083394	0	82	82
5	83	0	372.86675824175825	331.2925824175824	0	83	83
5	84	0	296.4510717614166	334.2143522833178	0	84	84
5	85	0	339.0174094707521	339.2646239554318	0	85	85
5	86	0	177.90622406639005	339.68713692946056	0	86	86
5	87	0	155.6255060728745	342.4655870445344	0	87	87
5	88	0	281.23669849931787	353.1712141882674	0	88	88
5	89	0	79.50164835164836	355.05384615384617	0	89	89
5	90	0	128.37657864523536	356.29448909299657	0	90	90
5	91	0	478.7409302325581	351.3860465116279	0	91	91
5	92	0	401.04985578903995	349.47589616810876	0	92	92
5	93	0	210.6812804453723	359.6764091858038	0	93	93
5	94	0	246.51339608979	361.454018826937	0	94	94
5	95	0	358.63486616334933	380.51612903225805	0	95	95
5	96	0	18.995804195804197	379.44335664335665	0	96	96
5	97	0	219.8747276688453	389.4466230936819	0	97	97
5	98	0	331.3071200850159	380.26567481402765	0	98	98
5	99	0	68.83965968586388	391.57460732984293	0	99	99
5	100	0	150.6940350877193	387.72070175438597	0	100	100
5	101	0	389.5432525951557	400.2387543252595	0	101	101
5	102	0	455.4828519855596	391.3781588447653	0	102	102
5	103	0	261.396878483835	389.1962095875139	0	103	103
5	104	1	180.51948842874543	396.204628501827	0	104	104
5	105	0	423.73286384976524	398.2981220657277	0	105	105
5	106	0	490.8277043563387	402.91042584434655	0	106	106
5	107	0	302.9940511600238	394.28554431885783	0	107	107
5	108	0	277.3400758533502	404.7749683944374	0	108	108
5	109	0	240.40013271400133	418.1652289316523	0	109	109
5	110	0	337.4892443463872	418.5868725868726	0	110	110
5	111	0	130.99366515837104	424.05701357466063	0	111	111
5	112	0	207.30127576054957	423.2757605495584	0	112	112
5	113	0	53.19155264723379	431.48958953004166	0	113	113
5	114	0	283.4111936036551	440.19988577955456	0	114	114
5	115	0	186.92414664981035	442.0790139064475	0	115	115
5	116	0	373.05766062602964	441.7611202635914	0	116	116
5	117	0	88.61824014665444	446.801099908341	0	117	117
5	118	0	498.06136363636364	446.26969696969695	0	118	118
5	119	0	20.327242524916944	450.87707641196016	0	119	119
5	120	0	329.0015479876161	459.3250773993808	0	120	120
5	121	0	248.01338766006984	458.11583236321303	0	121	121
5	122	0	422.76935483870966	458.7341935483871	0	122	122
5	123	1	152.1961141469338	462.2380085003036	0	123	123
5	124	0	470.8527559055118	469.4244094488189	0	124	124
5	125	0	225.17837837837837	484.8876876876877	0	125	125
5	126	0	188.12821758135016	487.8353569694026	0	126	126
5	127	0	122.09395017793594	488.71957295373664	0	127	127
5	128	6	493.2080443828017	490.1622746185853	0	128	128
5	129	0	23.197456087219866	493.4360993337371	0	129	129
5	130	20	451.2121212121212	495.4012345679012	0	130	130
5	131	0	265.3305954825462	496.9534565366188	0	131	131
