ImageNumber	ObjectNumber	Children_PLA_Count	Location_Center_X	Location_Center_Y	Location_Center_Z	Number_Object_Number	Parent_Nuclei
1	1	0	236.31113320079524	7.140159045725646	0	1	1
1	2	0	108.77272727272727	22.066310160427808	0	2	2
1	3	0	145.25847776940466	18.765636774679727	0	3	3
1	4	0	489.79359430604984	20.126588713777327	0	4	4
1	5	0	427.9736247174077	21.39374529012811	0	5	5
1	6	0	50.97158427403659	23.394706111327366	0	6	6
1	7	0	376.5606372045221	20.717882836587872	0	7	7
1	8	0	176.47349310094407	21.335511982570807	0	8	8
1	9	0	212.27805575411008	28.907791279485348	0	9	9
1	10	0	252.432527693857	37.22255790533736	0	10	10
1	11	0	339.3703893442623	34.89036885245902	0	11	11
1	12	0	292.6201214223764	38.88117953165655	0	12	12
1	13	0	189.52941176470588	60.07983193277311	0	13	13
1	14	0	84.71186440677967	59.44774011299435	0	14	14
1	15	0	467.3780303030303	47.30681818181818	0	15	15
1	16	0	25.489299610894943	63.12305447470817	0	16	16
1	17	0	144.2184317718941	66.19195519348268	0	17	17
1	18	0	379.9619686800895	66.41923937360178	0	18	18
1	19	0	327.3876478318003	71.71090670170828	0	19	19
1	20	0	496.314745308311	78.9769436997319	0	20	20
1	21	0	304.0558412931668	86.92138133725201	0	21	21
1	22	0	423.6923076923077	86.06820512820512	0	22	22
1	23	0	461.6713036565978	92.84658187599364	0	23	23
1	24	0	119.97405966277562	93.8041504539559	0	24	24
1	25	0	53.97067745197169	92.23154701718909	0	25	25
1	26	0	83.58536585365853	95.70731707317073	0	26	26
1	27	0	19.653617021276595	98.54382978723405	0	27	27
1	28	0	174.54446308724832	105.00125838926175	0	28	28
1	29	0	380.4093990058744	108.53637596023498	0	29	29
1	30	0	272.6601466992665	106.0307369891722	0	30	30
1	31	0	232.68242766407903	113.32498235709245	0	31	31
1	32	0	71.40546967895362	121.67419738406659	0	32	32
1	33	0	43.711409395973156	121.92393736017897	0	33	33
1	34	0	101.79422649888971	130.50037009622503	0	34	34
1	35	0	14.49534574468085	135.89228723404256	0	35	35
1	36	0	435.14489896500737	132.8018728437654	0	36	36
1	37	0	133.596449704142	139.15680473372782	0	37	37
1	38	0	356.8702737940026	138.16036505867015	0	38	38
1	39	0	214.7913043478261	144.15652173913043	0	39	39
1	40	0	45.07211538461539	141.7676282051282	0	40	40
1	41	0	169.27523441809157	150.38554881412026	0	41	41
1	42	0	57.89944649446495	162.67158671586716	0	42	42
1	43	0	389.23760623229464	163.03682719546742	0	43	43
1	44	0	299.61577608142494	160.50330788804072	0	44	44
1	45	0	472.99568034557234	171.36933045356372	0	45	45
1	46	0	498.20873362445417	185.32052401746725	0	46	46
1	47	0	444.3934632306725	180.47957259585166	0	47	47
1	48	0	102.35270338554825	179.07983830217282	0	48	48
1	49	0	190.44785615491008	190.01438450899033	0	49	49
1	50	0	414.5156555772994	189.93639921722112	0	50	50
1	51	0	135.5806658130602	197.86747759282972	0	51	51
1	52	0	46.71454977554793	214.4050699762345	0	52	52
1	53	0	340.2624584717608	210.64820967146548	0	53	53
1	54	1	245.67367009387573	209.29503799731785	0	54	54
1	55	0	414.46583072100316	218.26583072100314	0	55	55
1	56	0	106.2087358252835	226.9685006299874	0	56	56
1	57	0	297.61198188784397	228.28422152560083	0	57	57
1	58	0	449.9081551860649	240.41567695961996	0	58	58
1	59	0	250.96966632962588	246.90798786653184	0	59	59
1	60	0	386.5630314232902	252.84399260628464	0	60	60
1	61	0	169.44638227669103	252.41786471835965	0	61	61
1	62	0	219.04057971014493	250.4231884057971	0	62	62
1	63	0	485.41204099060633	261.66609735269003	0	63	63
1	64	0	264.494746895893	263.7650429799427	0	64	64
1	65	0	31.044582685329186	265.7480559875583	0	65	65
1	66	0	76.38897455666924	275.5185042405551	0	66	66
1	67	0	14.075609756097561	290.2317073170732	0	67	67
1	68	0	287.8634274458306	290.7235718975706	0	68	68
1	69	0	223.73142857142858	284.9447619047619	0	69	69
1	70	0	356.85577630610743	284.8815305371597	0	70	70
1	71	0	123.74592707525214	289.45849495733125	0	71	71
1	72	0	496.0271348762969	299.12609736632083	0	72	72
1	73	0	445.5056027164686	300.93242784380305	0	73	73
1	74	0	240.07576706324357	313.2304320601127	0	74	74
1	75	0	322.0031486146096	307.110201511335	0	75	75
1	76	0	375.11369740376006	309.2363473589973	0	76	76
1	77	0	194.1301440329218	311.68106995884773	0	77	77
1	78	0	12.558237145855195	320.4522560335782	0	78	78
1	79	0	337.6279069767442	326.19269102990035	0	79	79
1	80	0	401.375236294896	312.1304347826087	0	80	80
1	81	0	137.9984886649874	325.0609571788413	0	81	81
1	82	0	52.6768558951965	319.09364386220284	0	82	82
1	83	0	416.8767494356659	347.8040632054176	0	83	83
1	84	0	350.5618661257607	346.96247464503045	0	84	84
1	85	0	162.3230543318649	344.6116005873715	0	85	85
1	86	0	490.2993440667859	346.1210494931425	0	86	86
1	87	0	374.0860341779611	357.1579257513259	0	87	87
1	88	0	67.22707423580786	349.8857350800582	0	88	88
1	89	0	28.327700663850333	358.82377791188895	0	89	89
1	90	0	223.6626377532883	360.1969427657305	0	90	90
1	91	0	184.10314802411253	368.5954454119223	0	91	91
1	92	0	139.11102775693922	369.81095273818454	0	92	92
1	93	0	459.9801787796347	366.28293820443065	0	93	93
1	94	0	264.18129571577845	368.41849529780563	0	94	94
1	95	0	8.082794307891332	377.32858990944374	0	95	95
1	96	0	299.09611742424244	373.34517045454544	0	96	96
1	97	0	88.05384615384615	373.28552036199096	0	97	97
1	98	0	127.17264791464598	390.36566440349173	0	98	98
1	99	0	434.73972602739724	400.57142857142856	0	99	99
1	100	0	391.05573770491804	403.077868852459	0	100	100
1	101	0	335.46254071661235	399.13094462540715	0	101	101
1	102	0	35.695774647887326	409.0835680751174	0	102	102
1	103	0	81.71616219303256	418.4357509994289	0	103	103
1	104	0	118.72391991570073	424.4567966280295	0	104	104
1	105	0	261.677304964539	414.2532928064843	0	105	105
1	106	0	305.42929292929296	421.502886002886	0	106	106
1	107	0	487.57360703812316	417.6891495601173	0	107	107
1	108	0	7.467359050445104	424.20623145400594	0	108	108
1	109	0	214.29571384520506	424.32716620413197	0	109	109
1	110	0	357.15010351966873	429.9472049689441	0	110	110
1	111	0	426.6241565452092	438.5148448043185	0	111	111
1	112	0	467.35154826958103	448.3806921675774	0	112	112
1	113	0	31.073662966700304	459.19710729902454	0	113	113
1	114	0	297.4250832408435	463.2269700332963	0	114	114
1	115	0	335.5586099585062	466.5933609958506	0	115	115
1	116	0	261.7021801727684	468.1271081859317	0	116	116
1	117	8	430.4808933002481	475.81588089330023	0	117	117
1	118	0	367.62526652452027	483.3310234541578	0	118	118
1	119	5	494.46975546975546	480.3333333333333	0	119	119
1	120	0	64.7413217623498	489.29238985313754	0	120	120
1	121	9	451.3938144329897	495.0144329896907	0	121	121
1	122	6	469.6531302876481	496.17089678510996	0	122	122
1	123	0	402.44977890082123	494.5268477574226	0	123	123
2	1	0	27.87364390555201	27.107530312699424	0	1	1
2	2	0	350.2615859938208	14.46549948506694	0	2	2
2	3	0	228.15214124718256	17.887678437265215	0	3	3
2	4	0	102.32202052091554	16.747434885556434	0	4	4
2	5	0	384.5512351326624	25.17612076852699	0	5	5
2	6	0	161.41057268722466	13.971806167400882	0	6	6
2	7	0	328.78456014362655	27.54398563734291	0	7	7
2	8	0	448.30369357045146	26.738258093935247	0	8	8
2	9	0	131.84898710865562	35.24769797421731	0	9	9
2	10	0	75.93260869565218	39.244565217391305	0	10	10
2	11	0	168.73423423423424	50.591591591591595	0	11	11
2	12	0	219.4141876430206	55.85297482837529	0	12	12
2	13	0	420.387153800825	53.92398350029464	0	13	13
2	14	0	296.5793472144063	62.29403489026449	0	14	14
2	15	0	84.45913043478261	66.98260869565217	0	15	15
2	16	0	355.92112676056337	65.37230046948356	0	16	16
2	17	0	115.0800283286119	68.71883852691218	0	17	17
2	18	0	475.82	72.92	0	18	18
2	19	0	421.57102539981184	85.49059266227657	0	19	19
2	20	0	53.63728323699422	79.07731213872832	0	20	20
2	21	0	91.01849836779108	93.90642002176278	0	21	21
2	22	0	352.18386491557226	95.83020637898687	0	22	22
2	23	0	235.43588269120184	86.73375503162737	0	23	23
2	24	0	135.07334963325184	95.43276283618582	0	24	24
2	25	0	269.342987804878	104.01753048780488	0	25	25
2	26	0	23.0424739195231	102.80029806259314	0	26	26
2	27	0	57.76364846870839	114.1491344873502	0	27	27
2	28	0	158.93454258675078	108.99842271293376	0	28	28
2	29	0	320.2219827586207	107.69324712643679	0	29	29
2	30	0	229.09983896940417	115.18035426731079	0	30	30
2	31	0	491.0945045795171	121.2472939217319	0	31	31
2	32	0	387.2260240963855	114.6944578313253	0	32	32
2	33	0	115.35327455919395	126.17821158690177	0	33	33
2	34	0	193.20205983325158	119.1358509073075	0	34	34
2	35	0	10.33061224489796	134.68775510204082	0	35	35
2	36	0	435.0153110047847	128.3507177033493	0	36	36
2	37	0	240.17889908256882	135.46422018348625	0	37	37
2	38	0	339.93473531544595	135.62726613488036	0	38	38
2	39	0	76.71287976037655	148.38810440735986	0	39	39
2	40	0	259.0550351288056	155.89754098360655	0	40	40
2	41	0	382.38104639684104	156.88055281342548	0	41	41
2	42	0	293.3407766990291	151.52815533980583	0	42	42
2	43	0	147.12620027434843	149.3628257887517	0	43	43
2	44	0	318.3050259965338	161.44194107452338	0	44	44
2	45	0	30.11129207383279	161.14169381107493	0	45	45
2	46	0	176.12218649517686	165.15353697749197	0	46	46
2	47	0	213.1072599531616	169.2632318501171	0	47	47
2	48	0	345.40256797583083	172.57703927492446	0	48	48
2	49	0	432.4717391304348	174.6863354037267	0	49	49
2	50	0	132.91647150663545	181.80327868852459	0	50	50
2	51	0	92.47470176881941	194.06129164952694	0	51	51
2	52	0	182.30543933054392	194.60251046025104	0	52	52
2	53	0	45.223001402524545	197.90556334735857	0	53	53
2	54	0	324.55882352941177	194.48823529411766	0	54	54
2	55	0	144.1661272923409	204.64077669902912	0	55	55
2	56	0	229.76170212765956	209.08037825059102	0	56	56
2	57	0	308.08688613059905	213.21478683216407	0	57	57
2	58	0	365.79411764705884	217.8625170998632	0	58	58
2	59	0	173.28426092160382	220.29802513464992	0	59	59
2	60	0	262.52798789712557	224.81996974281392	0	60	60
2	61	0	39.24752475247525	233.73209085614442	0	61	61
2	62	0	107.41242937853107	236.77636534839925	0	62	62
2	63	0	297.8137347130762	251.82408278457197	0	63	63
2	64	0	145.2876455125798	262.72437101013895	0	64	64
2	65	0	91.28382502543235	261.5218718209563	0	65	65
2	66	0	14.655835543766578	265.25928381962865	0	66	66
2	67	0	422.2328282828283	265.5924242424242	0	67	67
2	68	1	186.4245810055866	265.67690875232773	0	68	68
2	69	0	260.0	270.128296507484	0	69	69
2	70	0	338.5420827389444	273.246790299572	0	70	70
2	71	0	66.48577929465301	269.4448236632537	0	71	71
2	72	0	220.6622571310459	277.64117403885905	0	72	72
2	73	0	485.84974893781384	284.2692159134801	0	73	73
2	74	0	36.382204246713854	291.30030333670373	0	74	74
2	75	0	80.59714158106297	302.35596248325146	0	75	75
2	76	0	242.11467648605998	314.90373487638084	0	76	76
2	77	0	280.5959860383944	312.913612565445	0	77	77
2	78	0	422.46393357550596	306.20809548521015	0	78	78
2	79	0	356.7751479289941	305.0266272189349	0	79	79
2	80	0	187.765780730897	318.12292358803984	0	80	80
2	81	0	125.90215198386012	319.8221250840619	0	81	81
2	82	0	160.87210796915167	335.15552699228795	0	82	82
2	83	0	331.734125742884	336.36409133562717	0	83	83
2	84	0	382.52868852459017	330.97723132969037	0	84	84
2	85	0	8.893284268629255	332.8150873965041	0	85	85
2	86	0	487.81620469083157	335.44307036247335	0	86	86
2	87	0	424.3076030179919	342.3830528148578	0	87	87
2	88	0	39.15232774674116	347.77914338919925	0	88	88
2	89	0	74.79331848552339	373.36347438752784	0	89	89
2	90	0	460.95274584929757	378.65900383141764	0	90	90
2	91	0	411.52876011930124	381.57392415850023	0	91	91
2	92	0	493.28679906542055	396.01752336448595	0	92	92
2	93	0	313.1875391358798	400.13274890419535	0	93	93
2	94	0	52.84329501915709	413.56206896551726	0	94	94
2	95	0	366.5333039258933	409.806793118659	0	95	95
2	96	0	230.06085985482972	402.37632607481856	0	96	96
2	97	0	183.2909636295463	410.9771278590176	0	97	97
2	98	0	416.0651068158698	419.2965412004069	0	98	98
2	99	0	465.22675879396985	433.5678391959799	0	99	99
2	100	0	338.12084993359895	437.9847277556441	0	100	100
2	101	0	259.155524278677	429.15657987332867	0	101	101
2	102	0	213.634011090573	449.8034504004929	0	102	102
2	103	0	437.5473441108545	437.6674364896074	0	103	103
2	104	0	24.30635838150289	454.15962650066695	0	104	104
2	105	2	415.2042160737813	470.4163372859025	0	105	105
2	106	0	171.0322440087146	462.53376906318084	0	106	106
2	107	0	281.05941499085924	472.5051797684339	0	107	107
2	108	0	340.6135084427767	475.9542213883677	0	108	108
2	109	11	482.83702850561474	480.6153181687302	0	109	109
2	110	0	101.67683407835919	479.16224033657636	0	110	110
2	111	16	445.01033295063144	496.3869115958668	0	111	111
2	112	0	149.86630036630038	492.03846153846155	0	112	112
2	113	0	49.49425287356322	494.06206896551726	0	113	113
2	114	0	202.89537366548043	495.66903914590745	0	114	114
3	1	0	397.8502463054187	13.533004926108374	0	1	1
3	2	0	428.4299781181619	15.439824945295404	0	2	2
3	3	0	471.06435643564356	9.071782178217822	0	3	3
3	4	0	170.02071251035625	12.005799502899752	0	4	4
3	5	0	27.175977653631286	22.537243947858475	0	5	5
3	6	0	276.48605414273993	24.47292863002461	0	6	6
3	7	0	63.588235294117645	21.04705882352941	0	7	7
3	8	0	496.9582875960483	25.731064763995608	0	8	8
3	9	0	363.96908809891806	25.90623390005152	0	9	9
3	10	0	454.43257443082314	36.97022767075306	0	10	10
3	11	0	174.96360271437385	38.649599012954965	0	11	11
3	12	0	319.01229895931885	39.12157048249763	0	12	12
3	13	0	231.76386269332326	34.73293096944549	0	13	13
3	14	0	496.7904411764706	53.45955882352941	0	14	14
3	15	0	128.35613971912136	50.91609650702197	0	15	15
3	16	0	48.1219103477168	59.05027230833682	0	16	16
3	17	0	366.5063917525773	68.39134020618556	0	17	17
3	18	0	419.2418266735859	60.39387649195641	0	18	18
3	19	0	208.4723740133576	72.11961141469338	0	19	19
3	20	0	472.9129861568886	72.18984838497033	0	20	20
3	21	0	171.3000968054211	71.52565343659245	0	21	21
3	22	0	11.970588235294118	78.46148459383754	0	22	22
3	23	0	413.3785199738048	91.94629993451211	0	23	23
3	24	0	329.7644877144182	87.49698655540102	0	24	24
3	25	0	173.2964509394572	99.89074460681977	0	25	25
3	26	0	270.33069238718565	98.52910781949707	0	26	26
3	27	0	468.2316384180791	103.4569993722536	0	27	27
3	28	0	315.7769365171811	116.55503785672686	0	28	28
3	29	0	96.72792022792022	106.36182336182337	0	29	29
3	30	0	230.29089952656497	112.32614413466597	0	30	30
3	31	0	143.39524348810872	120.72536806342016	0	31	31
3	32	1	363.31031220435193	135.06764427625356	0	32	32
3	33	0	396.5695258391049	128.1566329248801	0	33	33
3	34	0	441.09548254620125	128.49486652977413	0	34	34
3	35	0	188.8456678700361	134.7572202166065	0	35	35
3	36	0	79.3546477205447	137.7619893428064	0	36	36
3	37	0	43.53649105848236	139.67327211213146	0	37	37
3	38	0	11.594663278271918	142.40660736975858	0	38	38
3	39	0	471.8137651821862	153.33147773279353	0	39	39
3	40	0	498.8453996983409	166.33785822021116	0	40	40
3	41	0	119.99096249435156	164.9959331224582	0	41	41
3	42	0	329.8396648044693	168.60977653631284	0	42	42
3	43	2	18.41860465116279	176.78197674418604	0	43	43
3	44	0	421.1176192725555	172.7312234293812	0	44	44
3	45	1	208.2157598499062	173.71951219512195	0	45	45
3	46	0	49.75395858708892	188.67722289890378	0	46	46
3	47	0	88.34540911930044	193.8257339163023	0	47	47
3	48	0	209.87006737247353	208.49230028873916	0	48	48
3	49	0	446.93893591293835	203.21946795646917	0	49	49
3	50	0	135.6572934973638	209.88137082601054	0	50	50
3	51	0	476.5705329153605	220.41782355575458	0	51	51
3	52	0	503.39816700611	221.571283095723	0	52	52
3	53	0	397.1355255070682	219.21665642286416	0	53	53
3	54	0	43.81882951653944	226.43715012722646	0	54	54
3	55	0	90.41660261337432	229.25826287471176	0	55	55
3	56	0	252.61076512455517	227.30693950177937	0	56	56
3	57	0	178.56993413405658	238.19566059666795	0	57	57
3	58	0	341.30823117338	231.05647985989492	0	58	58
3	59	0	282.04089219330854	249.63940520446096	0	59	59
3	60	0	145.56613418530353	259.23450479233225	0	60	60
3	61	0	105.42732919254658	262.5937888198758	0	61	61
3	62	0	359.4960285941223	270.066719618745	0	62	62
3	63	0	58.81487964989059	266.3978118161926	0	63	63
3	64	0	305.33122779313067	280.9735491512041	0	64	64
3	65	0	128.53792502179599	288.4376634699215	0	65	65
3	66	0	238.96952458350265	280.180820804551	0	66	66
3	67	0	9.435212660731949	290.9683481701286	0	67	67
3	68	0	30.716184971098265	299.38439306358384	0	68	68
3	69	0	209.91688144329896	295.5173969072165	0	69	69
3	70	1	181.40392156862745	297.78823529411767	0	70	70
3	71	0	92.19896538002388	309.816553919618	0	71	71
3	72	0	152.481245576787	313.1188959660297	0	72	72
3	73	0	363.68486686889116	322.7812605325244	0	73	73
3	74	0	63.91104675217211	337.4203558129913	0	74	74
3	75	0	267.44160583941607	332.4350364963504	0	75	75
3	76	0	327.55667084901717	340.9272271016311	0	76	76
3	77	0	154.7937091503268	351.75081699346407	0	77	77
3	78	0	15.340219224283306	364.64966273187184	0	78	78
3	79	0	219.56899609790705	367.6002128414331	0	79	79
3	80	0	280.3950361944157	370.56721820062046	0	80	80
3	81	0	50.355117139334155	384.14138923140155	0	81	81
3	82	0	105.18339895013123	380.4402887139108	0	82	82
3	83	0	338.9220623501199	383.5475619504397	0	83	83
3	84	0	283.8542817679558	403.0704419889503	0	84	84
3	85	0	179.82863082863082	400.3038313038313	0	85	85
3	86	0	249.90070422535211	407.82394366197184	0	86	86
3	87	0	18.385701676963812	419.63548102383055	0	87	87
3	88	0	372.9383003492433	431.16938300349244	0	88	88
3	89	0	312.24345092560253	431.39154732797766	0	89	89
3	90	0	252.98082510168507	444.9325973271354	0	90	90
3	91	0	25.88120163859809	453.08830223031407	0	91	91
3	92	0	143.9016393442623	444.2655737704918	0	92	92
3	93	0	215.7655119908641	453.60449181575945	0	93	93
3	94	0	169.91138273491214	478.6459129106188	0	94	94
3	95	0	335.6589095744681	468.67353723404256	0	95	95
3	96	0	464.7730593607306	466.0529680365297	0	96	96
3	97	0	310.2823871906841	476.50072780203783	0	97	97
3	98	9	428.134404057481	492.7650042265427	0	98	98
3	99	10	451.59326424870466	491.3704663212435	0	99	99
3	100	6	495.4513584574934	494.44609991235757	0	100	100
3	101	4	469.3491379310345	495.1616379310345	0	101	101
3	102	0	266.68358531317494	492.6328293736501	0	102	102
3	103	0	315.5049205147615	498.8985616956851	0	103	103
