ImageNumber	ObjectNumber	Children_PLA_Count	Location_Center_X	Location_Center_Y	Location_Center_Z	Number_Object_Number	Parent_Nuclei
1	1	2	142.8881118881119	10.675990675990676	0	1	1
1	2	0	306.3095238095238	10.900560224089636	0	2	2
1	3	0	448.50372208436727	12.205955334987593	0	3	3
1	4	0	108.91386138613862	14.015841584158416	0	4	4
1	5	1	28.626420454545453	13.197443181818182	0	5	5
1	6	3	412.63772048846675	16.539348710990502	0	6	6
1	7	2	275.80757575757576	18.09090909090909	0	7	7
1	8	0	8.548387096774194	22.098118279569892	0	8	8
1	9	2	339.17279210093255	21.37904552934723	0	9	9
1	10	3	475.08545197740114	23.65183615819209	0	10	10
1	11	16	72.55266853932584	25.540730337078653	0	11	11
1	12	1	499.5589318600368	31.72744014732965	0	12	12
1	13	1	241.60066833751046	33.73182957393484	0	13	13
1	14	4	184.95717199184227	44.660095173351465	0	14	14
1	15	2	214.6611320754717	47.490566037735846	0	15	15
1	16	0	24.573809523809523	48.97857142857143	0	16	16
1	17	4	147.9141592920354	47.55929203539823	0	17	17
1	18	2	99.3430303030303	48.191515151515155	0	18	18
1	19	0	44.03152709359606	56.64630541871921	0	19	19
1	20	1	74.5792	57.7216	0	20	20
1	21	3	287.9755944931164	57.26658322903629	0	21	21
1	22	4	107.67416829745596	72.59686888454011	0	22	22
1	23	1	12.205229793977812	76.37717908082409	0	23	23
1	24	2	352.79712131596983	67.59698423577792	0	24	24
1	25	2	135.0461893764434	75.40646651270208	0	25	25
1	26	0	166.96004700352526	74.54876615746181	0	26	26
1	27	2	405.33013040494166	68.82841455044613	0	27	27
1	28	4	284.27825261158597	86.42165242165242	0	28	28
1	29	9	247.244	80.314	0	29	29
1	30	0	384.36105263157896	84.3021052631579	0	30	30
1	31	6	480.20202588632526	85.28756330894767	0	31	31
1	32	13	65.71017604121941	90.79132674967798	0	32	32
1	33	8	324.3364969801553	85.6427955133736	0	33	33
1	34	2	186.68723221936588	95.75149957155098	0	34	34
1	35	3	216.887831407206	102.49490142760027	0	35	35
1	36	2	153.7111111111111	103.55087719298245	0	36	36
1	37	1	130.70691333982472	114.83641674780915	0	37	37
1	38	5	437.8180345572354	108.60691144708423	0	38	38
1	39	4	105.51117734724292	113.73621460506706	0	39	39
1	40	5	343.58964143426294	116.55059760956175	0	40	40
1	41	2	371.13521126760565	112.20281690140845	0	41	41
1	42	4	272.1885565669701	119.2893368010403	0	42	42
1	43	3	310.331561461794	123.28239202657808	0	43	43
1	44	1	399.20861486486484	120.4704391891892	0	44	44
1	45	1	12.781803542673108	128.01368760064412	0	45	45
1	46	1	173.31292517006804	131.70068027210885	0	46	46
1	47	3	208.70320855614975	135.75579322638146	0	47	47
1	48	5	145.87821122740246	146.1941008563273	0	48	48
1	49	4	490.92526223776224	139.6652097902098	0	49	49
1	50	2	86.6809024979855	143.68412570507655	0	50	50
1	51	1	47.12684989429175	146.50105708245243	0	51	51
1	52	2	226.9255520504732	156.9217665615142	0	52	52
1	53	2	409.30774907749077	156.47011070110702	0	53	53
1	54	3	378.6079207920792	152.85742574257426	0	54	54
1	55	0	442.4515905947441	162.5650069156293	0	55	55
1	56	4	317.0632911392405	167.79430379746836	0	56	56
1	57	7	349.74878218510787	165.87195546276965	0	57	57
1	58	3	16.81297446514838	172.10835058661146	0	58	58
1	59	3	54.6538860103627	179.1979274611399	0	59	59
1	60	6	88.40708976558034	181.1069182389937	0	60	60
1	61	3	464.3490566037736	183.12342767295598	0	61	61
1	62	7	133.55100095328885	180.9161105815062	0	62	62
1	63	3	375.10659898477155	188.5482233502538	0	63	63
1	64	2	194.26590198123046	187.05943691345152	0	64	64
1	65	0	168.7563981042654	186.39431279620854	0	65	65
1	66	3	246.9861286254729	194.10214375788146	0	66	66
1	67	9	284.71588188347965	186.9956105347167	0	67	67
1	68	4	491.6482381530984	199.83718104495748	0	68	68
1	69	3	215.73701842546063	204.37018425460636	0	69	69
1	70	9	329.1311111111111	203.5948148148148	0	70	70
1	71	4	411.15861027190334	208.71978851963746	0	71	71
1	72	2	146.42016806722688	224.8174178762414	0	72	72
1	73	7	77.1414038657172	218.76907426246186	0	73	73
1	74	8	182.5764367816092	227.22701149425288	0	74	74
1	75	5	333.94592744695416	233.17111567419576	0	75	75
1	76	8	392.730110775428	230.40281973816718	0	76	76
1	77	3	52.062118126272914	223.13645621181263	0	77	77
1	78	2	104.10254545454545	232.4930909090909	0	78	78
1	79	3	461.712	234.474	0	79	79
1	80	2	34.45408805031447	235.74591194968554	0	80	80
1	81	11	253.6878358573522	241.14606741573033	0	81	81
1	82	30	412.1329011345219	247.19611021069693	0	82	82
1	83	8	497.15845824411133	251.47323340471092	0	83	83
1	84	8	362.58385093167703	254.3975155279503	0	84	84
1	85	38	29.52755905511811	259.09291338582676	0	85	85
1	86	4	68.24741298212606	256.81843838193794	0	86	86
1	87	6	222.99409158050221	258.6454948301329	0	87	87
1	88	4	309.5541401273885	255.32939035486805	0	88	88
1	89	4	135.31538992408557	256.58040027605244	0	89	89
1	90	5	431.9835315645014	260.21225983531565	0	90	90
1	91	18	391.8881829733164	265.17407878017787	0	91	91
1	92	2	272.5980861244019	267.95574162679424	0	92	92
1	93	2	468.16385372714484	273.1603375527426	0	93	93
1	94	6	289.7118528610354	284.7731607629428	0	94	94
1	95	0	134.17801857585138	284.10371517027863	0	95	95
1	96	5	166.50787401574803	279.1173228346457	0	96	96
1	97	2	335.15907274180654	281.6306954436451	0	97	97
1	98	12	49.58177570093458	282.0342679127726	0	98	98
1	99	6	408.955737704918	293.1032786885246	0	99	99
1	100	4	371.9232693911593	291.9974979149291	0	100	100
1	101	6	83.7520107238606	294.2640750670241	0	101	101
1	102	2	199.64760147601476	292.45756457564573	0	102	102
1	103	13	436.3540609137056	294.4035532994924	0	103	103
1	104	7	32.937849162011176	304.77793296089385	0	104	104
1	105	1	112.86198137171888	297.40304826418287	0	105	105
1	106	3	248.7982216142271	297.9733242134063	0	106	106
1	107	4	484.30374128091313	308.3690551680406	0	107	107
1	108	7	222.70896946564886	315.2251908396947	0	108	108
1	109	3	448.0809968847352	313.6375908618899	0	109	109
1	110	7	146.94490566037737	315.6120754716981	0	110	110
1	111	7	306.48732802317164	313.84359160028964	0	111	111
1	112	2	343.80340425531915	316.2876595744681	0	112	112
1	113	2	378.3729792147806	334.6945727482679	0	113	113
1	114	5	110.13812600969305	332.2318255250404	0	114	114
1	115	3	14.313778990450205	336.1944065484311	0	115	115
1	116	4	172.42125984251967	333.70708661417325	0	116	116
1	117	5	67.53601953601954	337.1831501831502	0	117	117
1	118	5	207.41509433962264	341.51698113207544	0	118	118
1	119	5	241.77759472817132	343.7660626029654	0	119	119
1	120	5	325.12523719165085	349.03478810879193	0	120	120
1	121	3	44.6394422310757	355.22908366533864	0	121	121
1	122	4	482.2289156626506	346.34578313253013	0	122	122
1	123	5	272.31887550200804	349.578313253012	0	123	123
1	124	5	123.49185415050427	357.07137315748645	0	124	124
1	125	4	185.78076923076924	362.1826923076923	0	125	125
1	126	9	463.8241758241758	378.06843156843155	0	126	126
1	127	5	92.48832417582418	377.6737637362637	0	127	127
1	128	4	269.1086780210868	379.3463098134631	0	128	128
1	129	5	315.0868372943327	380.60054844606947	0	129	129
1	130	2	233.23854796888506	381.2445980985307	0	130	130
1	131	1	129.85433422698839	387.7497765862377	0	131	131
1	132	4	194.93358490566038	390.77358490566036	0	132	132
1	133	2	23.060450160771705	395.32797427652736	0	133	133
1	134	6	161.78518518518518	393.77407407407406	0	134	134
1	135	8	340.0788064269319	391.65187452180567	0	135	135
1	136	8	59.39952996474736	401.6515863689777	0	136	136
1	137	4	290.62351868732907	404.82588878760254	0	137	137
1	138	7	360.4636150234742	407.63967136150234	0	138	138
1	139	0	221.45117845117846	406.58024691358025	0	139	139
1	140	3	392.8198863636364	407.58181818181816	0	140	140
1	141	3	133.6331006979063	415.06979062811564	0	141	141
1	142	3	264.3587726199843	418.2368214004721	0	142	142
1	143	3	328.71632653061226	422.33061224489796	0	143	143
1	144	10	224.2437745740498	427.1625163826999	0	144	144
1	145	12	93.3873398643557	424.0557648831952	0	145	145
1	146	10	190.5696316262354	430.98292902066487	0	146	146
1	147	29	63.68607594936709	436.2392405063291	0	147	147
1	148	2	159.44733861834655	434.03624009060024	0	148	148
1	149	6	365.1589958158996	440.22803347280336	0	149	149
1	150	4	127.46180963572267	441.55229142185664	0	150	150
1	151	3	331.3130300693909	450.54433307633	0	151	151
1	152	0	392.6290801186944	450.9693372898121	0	152	152
1	153	39	108.33008526187577	458.347137637028	0	153	153
1	154	3	221.1536231884058	452.6608695652174	0	154	154
1	155	3	498.46515837104073	451.20361990950227	0	155	155
1	156	9	30.90415512465374	455.1556786703601	0	156	156
1	157	29	76.79981634527088	460.9669421487603	0	157	157
1	158	6	251.0128398791541	451.28398791540786	0	158	158
1	159	2	146.56308411214954	458.2429906542056	0	159	159
1	160	11	206.2847100175747	464.8664323374341	0	160	160
1	161	3	180.3022222222222	459.717037037037	0	161	161
1	162	2	162.3242424242424	472.7818181818182	0	162	162
1	163	3	373.45648312611013	474.341918294849	0	163	163
1	164	2	450.9	470.9991869918699	0	164	164
1	165	10	243.80528375733854	482.36986301369865	0	165	165
1	166	14	128.37981651376145	489.58807339449544	0	166	166
1	167	2	183.5659679408138	487.12577065351417	0	167	167
1	168	18	435.79571428571427	495.8257142857143	0	168	168
1	169	8	53.697274881516584	491.7796208530806	0	169	169
1	170	1	357.7324902723735	494.3832684824903	0	170	170
1	171	3	209.91575492341357	493.1542669584245	0	171	171
1	172	19	483.67612809315864	497.1673944687045	0	172	172
2	1	1	113.61431701972242	13.932067202337473	0	1	1
2	2	0	166.3767572633552	10.413308341143393	0	2	2
2	3	0	19.201796821008983	25.129232895646165	0	3	3
2	4	1	152.51254275940707	37.72748004561004	0	4	4
2	5	2	344.99508465319497	44.71845985800109	0	5	5
2	6	1	226.33470057424117	43.9487284659557	0	6	6
2	7	4	24.0859167404783	53.17006200177148	0	7	7
2	8	1	128.26820966643976	57.76718856364874	0	8	8
2	9	2	87.31907514450867	55.21329479768786	0	9	9
2	10	2	63.08972691807542	77.61443433029909	0	10	10
2	11	0	23.88293650793651	83.52314814814815	0	11	11
2	12	2	162.40964419475657	90.24157303370787	0	12	12
2	13	1	114.8838821490468	92.894858463316	0	13	13
2	14	1	10.445431472081218	111.90355329949239	0	14	14
2	15	2	325.02665995975855	98.18863179074447	0	15	15
2	16	1	52.549220010758475	114.71812802582033	0	16	16
2	17	1	367.32763532763533	119.25830959164293	0	17	17
2	18	6	323.2422825070159	130.10757717492984	0	18	18
2	19	0	114.00473933649289	128.019634394042	0	19	19
2	20	3	275.75036144578314	135.59469879518073	0	20	20
2	21	1	64.76424139875917	148.02086858432037	0	21	21
2	22	1	99.41984056687333	150.22497785651018	0	22	22
2	23	0	223.5633626097867	150.50062735257214	0	23	23
2	24	2	313.17627345844505	157.98927613941018	0	24	24
2	25	0	18.05987055016181	156.31877022653723	0	25	25
2	26	2	32.94444444444444	175.40917107583775	0	26	26
2	27	3	89.66097122302158	178.38758992805757	0	27	27
2	28	1	350.14446854663777	179.46334056399132	0	28	28
2	29	3	131.6781206171108	185.96704067321178	0	29	29
2	30	0	166.8619119878604	193.91401112797166	0	30	30
2	31	4	300.01028517999066	197.40205703599813	0	31	31
2	32	2	56.10266774454325	197.00404203718674	0	32	32
2	33	2	481.53579676674366	200.0411855273287	0	33	33
2	34	2	105.92086330935251	214.23994921709692	0	34	34
2	35	0	43.309815950920246	220.1073619631902	0	35	35
2	36	2	455.34852880232074	230.69167012018235	0	36	36
2	37	0	183.71484992101105	231.08056872037915	0	37	37
2	38	2	17.477234401349072	241.35862844294547	0	38	38
2	39	2	217.27630180658875	241.28320935175344	0	39	39
2	40	0	69.98677248677248	249.14814814814815	0	40	40
2	41	2	110.36537348002317	254.06137811233353	0	41	41
2	42	1	156.6341085271318	247.9596899224806	0	42	42
2	43	4	153.74336973478938	276.66926677067084	0	43	43
2	44	1	39.05934065934066	272.1838827838828	0	44	44
2	45	3	332.6521981079577	274.27267668336117	0	45	45
2	46	0	477.1824362606232	283.4929178470255	0	46	46
2	47	0	442.91423766816143	282.1586322869955	0	47	47
2	48	1	114.19165247018739	287.18824531516185	0	48	48
2	49	3	191.23111111111112	285.14730158730157	0	49	49
2	50	2	227.84255319148937	284.0801418439716	0	50	50
2	51	0	27.545250560957367	296.01271503365746	0	51	51
2	52	2	77.96304508499631	294.7856614929786	0	52	52
2	53	0	346.69529411764705	300.7647058823529	0	53	53
2	54	4	255.85498046875	311.4423828125	0	54	54
2	55	0	109.26030368763557	318.69269703543023	0	55	55
2	56	0	181.63292682926829	320.26951219512193	0	56	56
2	57	1	212.87182516243354	327.0756054341406	0	57	57
2	58	0	52.22303110522832	325.0059563203177	0	58	58
2	59	1	150.3593661573288	321.5998868138087	0	59	59
2	60	1	463.8578897338403	333.0375475285171	0	60	60
2	61	0	25.721442885771545	338.4909819639279	0	61	61
2	62	2	277.8518847006652	343.8128603104213	0	62	62
2	63	1	363.8263127524524	338.2775533756492	0	63	63
2	64	1	317.22569239835	340.8055391868002	0	64	64
2	65	1	84.07793575566087	351.9505002632965	0	65	65
2	66	1	341.55643421998565	366.12293314162474	0	66	66
2	67	2	124.29390681003584	362.6569380440348	0	67	67
2	68	2	167.96133397776703	365.3310778153697	0	68	68
2	69	0	488.32624867162593	370.56376195536666	0	69	69
2	70	0	47.57296380090498	373.82579185520365	0	70	70
2	71	2	232.85251590514747	371.9172932330827	0	71	71
2	72	0	288.0534635053464	392.0330079033008	0	72	72
2	73	2	26.49631614199598	395.30743469524447	0	73	73
2	74	2	439.1756869275604	391.0766028309742	0	74	74
2	75	0	321.64199814986125	397.62534690101756	0	75	75
2	76	3	232.3462435837611	407.8609426038264	0	76	76
2	77	7	479.0751445086705	416.64739884393066	0	77	77
2	78	3	92.68045977011494	410.2787356321839	0	78	78
2	79	1	445.0230352303523	422.83062330623306	0	79	79
2	80	0	334.8159544159544	421.03019943019945	0	80	80
2	81	0	40.09628217349857	423.5919923736892	0	81	81
2	82	0	134.81761442441055	422.7156726768377	0	82	82
2	83	0	175.11396543671182	418.0859411489958	0	83	83
2	84	0	414.06711409395973	432.73825503355704	0	84	84
2	85	0	196.5560398505604	441.8019925280199	0	85	85
2	86	1	102.21024258760107	441.91374663072776	0	86	86
2	87	1	286.5036496350365	447.30311179408375	0	87	87
2	88	0	241.05256723716383	444.7359413202934	0	88	88
2	89	0	65.28683693516699	446.93320235756386	0	89	89
2	90	0	30.797709923664122	455.0706106870229	0	90	90
2	91	0	130.3319805194805	458.7719155844156	0	91	91
2	92	0	452.88255033557044	451.60822147651004	0	92	92
2	93	0	495.7713841368585	448.95567651632973	0	93	93
2	94	1	341.6281812538796	454.895096213532	0	94	94
2	95	2	404.8695652173913	461.94757033248084	0	95	95
2	96	0	97.1895185862279	475.13833028641073	0	96	96
2	97	0	375.927807486631	473.4652406417112	0	97	97
2	98	10	487.26128266033254	488.646080760095	0	98	98
2	99	0	48.059414225941424	485.26192468619246	0	99	99
2	100	2	344.94632768361583	490.37909604519774	0	100	100
2	101	16	442.36067892503536	482.96746817538894	0	101	101
2	102	0	69.83469150174622	500.32479627473805	0	102	102
2	103	1	14.124164278892072	494.6074498567335	0	103	103
2	104	0	450.8231441048035	505.84497816593887	0	104	104
3	1	0	247.59253112033196	29.07344398340249	0	1	1
3	2	1	452.65802675585286	44.37081939799331	0	2	2
3	3	5	187.2563649222065	75.28076379066478	0	3	3
3	4	2	422.4247941048981	83.21153012570437	0	4	4
3	5	3	350.3135238095238	96.6632380952381	0	5	5
3	6	5	479.58843808008487	129.18085388491116	0	6	6
3	7	2	40.14344023323615	130.48279883381923	0	7	7
3	8	2	19.23957322987391	148.6129970902037	0	8	8
3	9	5	349.62264150943395	148.60528301886794	0	9	9
3	10	4	403.93307839388143	145.47265774378585	0	10	10
3	11	6	300.36873920552677	165.02202072538861	0	11	11
3	12	3	14.927333333333333	183.19333333333333	0	12	12
3	13	2	345.05690021231425	200.2411889596603	0	13	13
3	14	10	151.54401805869074	198.49887133182844	0	14	14
3	15	0	501.4995150339476	207.6556741028128	0	15	15
3	16	6	118.07151442307692	224.41947115384616	0	16	16
3	17	5	73.80927011188066	230.41129461907298	0	17	17
3	18	7	170.4705304518664	243.9189587426326	0	18	18
3	19	2	258.1751717369971	237.8694798822375	0	19	19
3	20	3	438.82811830261466	244.7856836690956	0	20	20
3	21	3	134.0861111111111	251.11574074074073	0	21	21
3	22	2	303.8726207906296	251.75012201073696	0	22	22
3	23	4	37.79223210107627	266.2395882077679	0	23	23
3	24	1	85.0515708358032	269.29519857735625	0	24	24
3	25	0	149.6216216216216	279.83347863993026	0	25	25
3	26	2	372.2185514612452	282.5036001694197	0	26	26
3	27	0	418.33271288971616	285.1754304327594	0	27	27
3	28	1	271.0408163265306	283.5124716553288	0	28	28
3	29	1	306.54125412541254	290.94521452145216	0	29	29
3	30	2	217.3906071019473	289.2205040091638	0	30	30
3	31	3	246.43243243243242	298.8181306306306	0	31	31
3	32	1	80.67709720372837	304.1717709720373	0	32	32
3	33	1	121.12257100149476	306.2914798206278	0	33	33
3	34	6	165.15996578272026	304.8836612489307	0	34	34
3	35	4	41.467733866933465	313.6893446723362	0	35	35
3	36	2	462.74058577405856	307.9344490934449	0	36	36
3	37	4	191.9512541410317	325.7174633222906	0	37	37
3	38	2	428.7984117287721	326.1686010995724	0	38	38
3	39	7	326.601353758461	327.97791236195224	0	39	39
3	40	4	295.24604847207587	354.47207586933615	0	40	40
3	41	1	497.9937451133698	346.60672400312745	0	41	41
3	42	5	394.8475637013858	348.8860080464908	0	42	42
3	43	4	90.51512859304084	350.74394856278366	0	43	43
3	44	4	158.59922178988327	367.9770860354518	0	44	44
3	45	0	47.311941964285715	367.4525669642857	0	45	45
3	46	3	375.0043227665706	374.97262247838614	0	46	46
3	47	4	233.62605228178998	377.1794417368188	0	47	47
3	48	2	346.97337770382694	393.0543538546866	0	48	48
3	49	0	438.27625	393.18125	0	49	49
3	50	1	473.5937950937951	388.2669552669553	0	50	50
3	51	6	499.1698943661972	409.8107394366197	0	51	51
3	52	2	406.5011021307862	413.57604702424686	0	52	52
3	53	4	102.68083097261568	428.21466792571607	0	53	53
3	54	3	458.14967589864466	430.6234531526223	0	54	54
3	55	2	161.9200174825175	432.35402097902096	0	55	55
3	56	2	233.33690987124464	426.96781115879827	0	56	56
3	57	1	35.78529194382853	434.19438285291943	0	57	57
3	58	2	392.775494672755	436.8987823439878	0	58	58
3	59	1	195.3608695652174	453.1625	0	59	59
3	60	4	406.4232121922626	465.6576787807737	0	60	60
3	61	1	489.10598503740647	455.2001246882793	0	61	61
3	62	0	236.49136390708756	463.34127456819533	0	62	62
3	63	5	365.75170325510976	465.0870552611658	0	63	63
3	64	2	279.4638916750251	464.9939819458375	0	64	64
3	65	1	331.5658720200753	470.4736511919699	0	65	65
3	66	2	453.874696847211	471.70169765561843	0	66	66
3	67	15	445.453219927096	495.0243013365735	0	67	67
3	68	6	497.0749724366042	492.1278941565601	0	68	68
3	69	1	350.6423550087873	499.38312829525483	0	69	69
3	70	5	473.11898734177214	499.59240506329115	0	70	70
3	71	1	130.4695599758891	497.4526823387583	0	71	71
3	72	1	185.59800664451828	495.8498338870432	0	72	72
3	73	1	233.5977859778598	499.98523985239854	0	73	73
3	74	1	283.1572164948454	500.3943298969072	0	74	74
4	1	0	322.347859922179	14.31284046692607	0	1	1
4	2	0	406.7060723514212	12.33656330749354	0	2	2
4	3	0	239.29283707865167	14.77808988764045	0	3	3
4	4	1	471.34418923551596	23.094617757970518	0	4	4
4	5	0	356.82611241217796	23.72658079625293	0	5	5
4	6	1	100.47984322508398	38.59686450167973	0	6	6
4	7	1	141.05127367733508	47.35564990202482	0	7	7
4	8	1	409.7685022799018	54.540512101017185	0	8	8
4	9	1	354.9862227324914	62.2451205510907	0	9	9
4	10	1	266.563853622106	64.87154592979836	0	10	10
4	11	0	319.97239139261063	86.79943158749492	0	11	11
4	12	0	454.7295660948537	84.80659266733939	0	12	12
4	13	0	493.72291666666666	101.065625	0	13	13
4	14	3	384.2258064516129	102.14061207609595	0	14	14
4	15	0	206.72200469851214	109.46476115896633	0	15	15
4	16	1	46.324383802816904	119.98019366197182	0	16	16
4	17	0	83.26321709786276	113.43082114735658	0	17	17
4	18	2	500.6118769883351	133.41463414634146	0	18	18
4	19	1	240.54126110876004	135.40753279729157	0	19	19
4	20	2	342.72037735849057	134.1177358490566	0	20	20
4	21	1	439.0150684931507	138.8650684931507	0	21	21
4	22	1	473.1501457725947	140.24854227405248	0	22	22
4	23	2	379.3731343283582	146.83352468427094	0	23	23
4	24	0	409.88747007182764	141.15881883479648	0	24	24
4	25	1	282.4815429282455	153.06345914558275	0	25	25
4	26	3	98.87684301821335	157.98742411101475	0	26	26
4	27	2	147.70735650767986	163.10711398544868	0	27	27
4	28	0	383.8517543859649	175.00877192982455	0	28	28
4	29	0	481.67641129032256	168.49395161290323	0	29	29
4	30	6	329.6167448574522	178.2713821725009	0	30	30
4	31	0	432.70264765784117	178.9175152749491	0	31	31
4	32	1	407.0086206896552	192.45402298850576	0	32	32
4	33	1	458.36860879904873	186.25208085612365	0	33	33
4	34	1	210.51959966638864	191.26355296080067	0	34	34
4	35	2	253.93251533742333	192.51358457493427	0	35	35
4	36	2	496.6650831353919	196.4833729216152	0	36	36
4	37	1	480.98481973434536	206.2068311195446	0	37	37
4	38	1	372.442774566474	209.98092485549134	0	38	38
4	39	1	31.502323616392058	214.61596958174906	0	39	39
4	40	0	427.2100760456274	214.11977186311788	0	40	40
4	41	3	459.4980132450331	216.7907284768212	0	41	41
4	42	2	482.12123974475844	232.60164083865087	0	42	42
4	43	4	125.89303661162958	231.57035175879398	0	43	43
4	44	0	188.18097207859358	238.06204756980352	0	44	44
4	45	2	241.8673771462404	239.68146832445234	0	45	45
4	46	0	429.9312865497076	244.4904970760234	0	46	46
4	47	0	276.053716427233	250.01748906933167	0	47	47
4	48	0	397.5671875	250.33828125	0	48	48
4	49	1	502.7734627831715	249.9368932038835	0	49	49
4	50	0	359.29464285714283	251.1868131868132	0	50	50
4	51	2	465.98591549295776	260.6492957746479	0	51	51
4	52	3	313.0866141732283	267.03622047244096	0	52	52
4	53	0	371.8412098298677	272.16446124763706	0	53	53
4	54	1	21.34437869822485	273.3680473372781	0	54	54
4	55	0	122.84526558891454	276.15704387990763	0	55	55
4	56	0	211.80969696969697	278.96666666666664	0	56	56
4	57	0	253.35399159663865	287.2715336134454	0	57	57
4	58	0	484.4713216957606	286.427680798005	0	58	58
4	59	0	503.41802067946827	287.57459379615955	0	59	59
4	60	2	329.46534653465346	292.15346534653463	0	60	60
4	61	0	393.8377777777778	291.36555555555555	0	61	61
4	62	0	442.340562248996	286.8481927710843	0	62	62
4	63	2	64.63997457896409	295.8662217985383	0	63	63
4	64	0	415.69600818833163	292.37768679631523	0	64	64
4	65	3	369.7055306427504	302.2847533632287	0	65	65
4	66	0	9.195259593679458	310.76975169300226	0	66	66
4	67	3	142.26675603217157	302.2408400357462	0	67	67
4	68	1	193.4473429951691	309.1671497584541	0	68	68
4	69	0	462.13390928725704	307.96112311015116	0	69	69
4	70	1	324.5616766467066	317.3556886227545	0	70	70
4	71	0	289.41899109792286	318.1513353115727	0	71	71
4	72	1	420.9880418535127	326.7077727952167	0	72	72
4	73	1	493.7059748427673	327.5888364779874	0	73	73
4	74	0	345.1927981995499	332.3623405851463	0	74	74
4	75	0	461.0236559139785	333.71612903225804	0	75	75
4	76	2	236.57815631262525	339.1578156312625	0	76	76
4	77	1	154.41588946459413	342.95405872193436	0	77	77
4	78	1	55.97001665741255	343.9827873403665	0	78	78
4	79	1	369.6604901374776	352.9623430962343	0	79	79
4	80	0	314.2840579710145	357.3744927536232	0	80	80
4	81	2	404.5144230769231	355.6668956043956	0	81	81
4	82	1	457.29045401629804	362.16938300349244	0	82	82
4	83	0	498.0928093645485	369.9130434782609	0	83	83
4	84	1	252.17199391171994	368.4086757990868	0	84	84
4	85	1	138.10922587486743	379.76511134676565	0	85	85
4	86	0	42.210576464983326	383.96617436874703	0	86	86
4	87	0	282.593288590604	379.0107382550336	0	87	87
4	88	0	91.0966709346991	375.7573623559539	0	88	88
4	89	2	223.6547433903577	389.1057542768274	0	89	89
4	90	1	303.8329853862213	393.7536534446764	0	90	90
4	91	1	428.2292609351433	392.4399195575666	0	91	91
4	92	0	261.452140077821	403.5922178988327	0	92	92
4	93	1	382.68762993762994	397.1216216216216	0	93	93
4	94	1	90.84923339011925	403.97103918228277	0	94	94
4	95	0	190.55735580038885	391.85742060920285	0	95	95
4	96	1	334.0738805970149	399.0888059701493	0	96	96
4	97	2	475.0259605399792	414.74454828660436	0	97	97
4	98	0	172.04886363636365	420.0471590909091	0	98	98
4	99	0	126.72471131639723	426.53071593533485	0	99	99
4	100	1	291.4412733260154	431.54006586169044	0	100	100
4	101	1	348.366570327553	430.9031791907515	0	101	101
4	102	0	198.94416749750746	437.7996011964108	0	102	102
4	103	0	442.655604719764	432.5575221238938	0	103	103
4	104	0	84.06216216216217	442.7372972972973	0	104	104
4	105	1	401.65100316789864	440.857444561774	0	105	105
4	106	1	346.78537455410225	469.64328180737215	0	106	106
4	107	2	441.69976726144296	463.9565554693561	0	107	107
4	108	1	307.34711643090316	471.2633297062024	0	108	108
4	109	4	219.80474399768585	470.16690772345964	0	109	109
4	110	3	411.8656554712893	488.54442036836406	0	110	110
4	111	10	483.7656	486.1832	0	111	111
4	112	13	447.58625525946707	494.8821879382889	0	112	112
5	1	1	325.5965250965251	10.599420849420849	0	1	1
5	2	2	391.032298136646	16.899378881987577	0	2	2
5	3	0	439.178517397882	19.81391830559758	0	3	3
5	4	0	247.83612273361229	14.768479776847977	0	4	4
5	5	0	84.86551724137931	17.79080459770115	0	5	5
5	6	3	125.39054054054054	19.678828828828827	0	6	6
5	7	0	313.2822631913541	31.24157660521297	0	7	7
5	8	0	489.88279932546374	32.38575042158516	0	8	8
5	9	0	250.12542087542087	39.668350168350166	0	9	9
5	10	0	184.97173414820475	45.83880825057296	0	10	10
5	11	1	78.08512110726643	47.34671280276817	0	11	11
5	12	0	25.978411053540587	47.78626943005181	0	12	12
5	13	2	272.7701886792453	69.45207547169811	0	13	13
5	14	0	110.37940094587493	66.74881765633211	0	14	14
5	15	1	451.14755154639175	77.14465206185567	0	15	15
5	16	0	222.87852980726132	74.5293590318243	0	16	16
5	17	2	379.99714508175447	76.37165844796263	0	17	17
5	18	0	54.73518005540166	81.00831024930748	0	18	18
5	19	0	493.05377512221617	99.10809342748506	0	19	19
5	20	1	12.014336917562725	104.10035842293907	0	20	20
5	21	1	403.7459269044474	121.2514310876266	0	21	21
5	22	1	210.17985611510792	124.98609112709832	0	22	22
5	23	1	42.47642679900744	129.26373626373626	0	23	23
5	24	0	177.7814910025707	126.41516709511568	0	24	24
5	25	0	327.32554814108676	125.75214489990466	0	25	25
5	26	0	483.57100415923946	149.53475935828877	0	26	26
5	27	1	180.47892938496582	157.38325740318908	0	27	27
5	28	0	244.77283950617283	146.4962962962963	0	28	28
5	29	0	505.42877492877494	153.37749287749287	0	29	29
5	30	3	322.28833693304534	162.61987041036718	0	30	30
5	31	0	267.0533472803347	158.30334728033472	0	31	31
5	32	0	292.8772151898734	171.4107594936709	0	32	32
5	33	1	421.16851311953354	168.56209912536443	0	33	33
5	34	1	455.25543781372005	172.3658672615728	0	34	34
5	35	4	235.6450880181715	179.28449744463373	0	35	35
5	36	0	394.37580739870816	183.8220786846741	0	36	36
5	37	1	149.05807770961144	189.38200408997955	0	37	37
5	38	0	12.986019736842104	183.69901315789474	0	38	38
5	39	1	366.81427343078246	196.57523645743765	0	39	39
5	40	2	485.1093655589124	201.65679758308158	0	40	40
5	41	0	192.19606709080392	203.54077501445923	0	41	41
5	42	0	503.4455852156058	221.0123203285421	0	42	42
5	43	1	275.79944838455475	214.64775413711584	0	43	43
5	44	0	435.15173572228446	221.65061590145578	0	44	44
5	45	1	186.20029133284777	235.10852148579752	0	45	45
5	46	0	397.9784250269687	224.8036677454153	0	46	46
5	47	0	220.06038820992092	238.24586628324946	0	47	47
5	48	2	374.91561643835615	241.37753424657535	0	48	48
5	49	0	481.8357388316151	244.55807560137458	0	49	49
5	50	1	291.4170718530524	255.26796326310102	0	50	50
5	51	0	347.9331564986737	257.75119363395225	0	51	51
5	52	0	414.787416004887	262.28649969456325	0	52	52
5	53	0	14.255924170616113	270.4330568720379	0	53	53
5	54	0	478.25283875851625	271.8644965934898	0	54	54
5	55	1	205.2955779674166	277.91621411947244	0	55	55
5	56	1	56.07149712092131	286.16314779270635	0	56	56
5	57	1	459.994324631101	285.40068104426786	0	57	57
5	58	1	239.35172088637435	278.4266855256954	0	58	58
5	59	1	284.9852099236641	294.17891221374043	0	59	59
5	60	0	346.8456675343994	302.37634808478987	0	60	60
5	61	0	470.5510616784631	309.4165824064712	0	61	61
5	62	0	435.56282919488336	307.5921745673439	0	62	62
5	63	1	184.79899749373433	316.23809523809524	0	63	63
5	64	0	248.9595058339053	318.3328757721345	0	64	64
5	65	1	398.2134974533107	315.7359932088285	0	65	65
5	66	0	57.43958712811172	326.8682452944748	0	66	66
5	67	0	17.07725321888412	324.58851931330474	0	67	67
5	68	2	463.5184210526316	336.6460526315789	0	68	68
5	69	1	277.4416365824308	344.7527075812274	0	69	69
5	70	1	212.39988186650916	343.6503248670998	0	70	70
5	71	0	491.22130665097114	346.2725132430842	0	71	71
5	72	1	100.05558288243975	347.5681259222823	0	72	72
5	73	1	438.61007957559684	354.4233421750663	0	73	73
5	74	3	137.19774409587592	349.6743038420867	0	74	74
5	75	0	356.2824829037349	357.91741188847976	0	75	75
5	76	0	38.32051282051282	363.99389499389497	0	76	76
5	77	0	238.64087193460492	369.2757493188011	0	77	77
5	78	3	179.02675416456336	370.64411913175167	0	78	78
5	79	1	72.46111111111111	375.2576388888889	0	79	79
5	80	0	408.1026564610536	376.74200810445745	0	80	80
5	81	1	486.3900709219858	385.26295690125477	0	81	81
5	82	0	355.53395541731464	396.90772420943495	0	82	82
5	83	0	17.54194630872483	399.4776286353468	0	83	83
5	84	0	111.28761755485894	401.54545454545456	0	84	84
5	85	1	221.99137358991374	408.5109489051095	0	85	85
5	86	1	88.80489795918368	417.50612244897957	0	86	86
5	87	3	139.75138632162663	411.8299445471349	0	87	87
5	88	1	167.9534098582039	413.4415935178933	0	88	88
5	89	0	253.01186943620178	414.60237388724033	0	89	89
5	90	0	54.32738095238095	421.59798534798534	0	90	90
5	91	2	483.95186136071885	419.8966623876765	0	91	91
5	92	0	325.03654485049833	432.28305647840534	0	92	92
5	93	2	357.47794994040527	441.3098927294398	0	93	93
5	94	0	422.23335943617855	442.9451840250587	0	94	94
5	95	0	264.0529100529101	445.3054353054353	0	95	95
5	96	0	447.27400468384076	438.08313817330213	0	96	96
5	97	0	12.40596094552929	443.1572456320658	0	97	97
5	98	1	474.93305084745765	451.4237288135593	0	98	98
5	99	0	137.8612099644128	454.8873072360617	0	99	99
5	100	0	179.1905487804878	450.3079268292683	0	100	100
5	101	0	52.97410714285714	466.5419642857143	0	101	101
5	102	0	205.43743078626798	472.18715393134	0	102	102
5	103	0	473.26982492276005	471.519052523172	0	103	103
5	104	8	428.3477366255144	484.9307270233196	0	104	104
5	105	0	18.28056112224449	485.1930527722111	0	105	105
5	106	5	164.94748520710058	485.2862426035503	0	106	106
5	107	8	451.1918367346939	494.67755102040815	0	107	107
5	108	0	107.5865244789142	487.23170140571983	0	108	108
5	109	6	496.5113636363636	489.0051652892562	0	109	109
5	110	4	468.044964028777	497.2410071942446	0	110	110
5	111	2	236.37266112266113	492.766632016632	0	111	111
6	1	1	320.34818067754077	13.782936010037641	0	1	1
6	2	1	424.6496106785317	13.985539488320356	0	2	2
6	3	1	465.08672566371683	11.622123893805309	0	3	3
6	4	2	366.9804318488529	17.55263157894737	0	4	4
6	5	6	192.13668499607226	12.831107619795757	0	5	5
6	6	4	158.55098389982112	36.16398330351819	0	6	6
6	7	5	206.16764863417248	43.303160149973216	0	7	7
6	8	0	428.32	47.11242105263158	0	8	8
6	9	8	316.503844597329	61.64589235127479	0	9	9
6	10	6	140.48298068077276	74.10579576816927	0	10	10
6	11	3	175.865093768905	79.21657592256503	0	11	11
6	12	8	102.6943231441048	79.5376031052887	0	12	12
6	13	7	365.66051660516604	82.50512505125052	0	13	13
6	14	5	442.60885917258673	89.6122022565817	0	14	14
6	15	6	149.10183486238532	105.80642201834863	0	15	15
6	16	11	124.79610115911485	125.07112750263435	0	16	16
6	17	11	361.2787041448309	177.2115292996665	0	17	17
6	18	2	412.9984779299848	173.48021308980213	0	18	18
6	19	6	476.6866801210898	183.5100908173562	0	19	19
6	20	16	165.6511402231926	192.31392527899078	0	20	20
6	21	8	421.18202764976957	199.04493087557603	0	21	21
6	22	14	444.8900675024108	209.70250723240116	0	22	22
6	23	7	114.58493870402802	203.10901926444834	0	23	23
6	24	2	387.7134670487106	208.006446991404	0	24	24
6	25	7	13.307654320987654	225.7683950617284	0	25	25
6	26	15	252.4371108343711	249.54877542548775	0	26	26
6	27	5	455.48206018518516	254.56944444444446	0	27	27
6	28	5	422.7326246933769	260.7211774325429	0	28	28
6	29	12	310.248291571754	276.05512528473804	0	29	29
6	30	11	108.42946557534906	278.8940779971112	0	30	30
6	31	6	444.60236998025016	293.08755760368666	0	31	31
6	32	4	491.63653939101016	295.19429676172064	0	32	32
6	33	10	150.72972972972974	299.5383252104564	0	33	33
6	34	13	214.21037099494097	302.6205733558179	0	34	34
6	35	10	316.21598147075855	314.667631731326	0	35	35
6	36	5	453.87149817295983	328.1309378806334	0	36	36
6	37	2	101.42246240601504	325.6823308270677	0	37	37
6	38	7	416.6452459016393	324.67672131147543	0	38	38
6	39	6	285.43513789581203	330.4279877425945	0	39	39
6	40	11	398.8323848939472	351.117951370926	0	40	40
6	41	4	21.8767274737424	350.40353786622444	0	41	41
6	42	14	351.8238874096615	362.2103461392164	0	42	42
6	43	7	47.1398891966759	385.82825484764544	0	43	43
6	44	6	489.80928270042193	390.9210970464135	0	44	44
6	45	5	407.9668103448276	392.64224137931035	0	45	45
6	46	9	269.66097987751533	401.90288713910763	0	46	46
6	47	1	73.9310861423221	407.9797752808989	0	47	47
6	48	7	226.93712156497438	412.82440614811367	0	48	48
6	49	9	110.69333333333333	420.1412345679012	0	49	49
6	50	12	357.69851851851854	422.73740740740743	0	50	50
6	51	2	57.5291847563917	438.8803666184274	0	51	51
6	52	1	64.92620137299771	469.1990846681922	0	52	52
6	53	4	209.68235294117648	475.2839215686275	0	53	53
6	54	0	464.8155737704918	468.48653395784544	0	54	54
6	55	17	437.46941678520625	493.1756756756757	0	55	55
6	56	6	494.34125475285174	494.3802281368821	0	56	56
6	57	4	468.0732142857143	497.3232142857143	0	57	57
