ImageNumber	ObjectNumber	Location_Center_X	Location_Center_Y	Location_Center_Z	Number_Object_Number	Parent_Cells
1	1	480.5	1.5	0	1	10
1	2	68.0	6.0	0	2	0
1	3	26.0	7.0	0	3	5
1	4	403.0	10.0	0	4	6
1	5	142.0	12.0	0	5	1
1	6	181.0	12.0	0	6	0
1	7	55.0	13.0	0	7	0
1	8	398.0	13.0	0	8	6
1	9	465.5	16.0	0	9	10
1	10	393.0	16.0	0	10	6
1	11	73.0	17.0	0	11	11
1	12	129.0	17.0	0	12	1
1	13	70.0	20.0	0	13	11
1	14	278.0	20.0	0	14	7
1	15	63.5	21.5	0	15	11
1	16	57.0	22.0	0	16	11
1	17	73.5	23.0	0	17	11
1	18	279.0	25.0	0	18	7
1	19	71.0	26.0	0	19	11
1	20	63.0	27.0	0	20	11
1	21	320.0	28.0	0	21	9
1	22	75.0	32.0	0	22	11
1	23	66.0	33.0	0	23	11
1	24	68.0	33.0	0	24	11
1	25	70.0	34.0	0	25	11
1	26	74.5	34.5	0	26	11
1	27	196.0	34.0	0	27	14
1	28	332.0	34.0	0	28	9
1	29	476.0	34.0	0	29	10
1	30	68.0	35.0	0	30	11
1	31	83.0	35.0	0	31	11
1	32	85.0	36.0	0	32	11
1	33	183.0	36.0	0	33	14
1	34	87.0	37.0	0	34	11
1	35	200.0	37.0	0	35	14
1	36	246.5	38.0	0	36	13
1	37	145.0	40.0	0	37	17
1	38	154.0	41.0	0	38	17
1	39	99.5	44.5	0	39	18
1	40	93.0	46.0	0	40	18
1	41	504.0	49.0	0	41	12
1	42	285.0	53.0	0	42	21
1	43	145.0	54.0	0	43	17
1	44	67.0	57.0	0	44	20
1	45	289.0	57.0	0	45	21
1	46	305.0	57.0	0	46	21
1	47	216.0	60.0	0	47	15
1	48	149.0	61.0	0	48	17
1	49	201.0	61.0	0	49	14
1	50	217.0	62.0	0	50	15
1	51	54.0	65.0	0	51	32
1	52	366.0	65.0	0	52	24
1	53	98.0	67.0	0	53	22
1	54	486.0	67.0	0	54	31
1	55	488.0	67.0	0	55	31
1	56	52.0	68.0	0	56	32
1	57	262.0	68.0	0	57	29
1	58	114.0	71.0	0	58	22
1	59	241.0	71.0	0	59	29
1	60	243.0	71.0	0	60	29
1	61	339.0	71.0	0	61	24
1	62	96.0	72.0	0	62	22
1	63	49.0	73.0	0	63	32
1	64	242.0	73.0	0	64	29
1	65	267.0	73.0	0	65	28
1	66	62.0	74.0	0	66	32
1	67	107.0	74.0	0	67	22
1	68	123.0	74.0	0	68	25
1	69	244.0	74.0	0	69	29
1	70	23.0	76.0	0	70	23
1	71	65.0	79.0	0	71	32
1	72	189.0	79.0	0	72	34
1	73	307.0	79.0	0	73	33
1	74	411.0	79.0	0	74	27
1	75	237.0	80.0	0	75	29
1	76	148.0	81.0	0	76	25
1	77	317.5	81.0	0	77	33
1	78	282.0	82.0	0	78	28
1	79	239.0	84.0	0	79	29
1	80	317.5	84.0	0	80	33
1	81	320.0	84.0	0	81	33
1	82	339.0	84.0	0	82	33
1	83	406.0	84.0	0	83	27
1	84	60.0	85.0	0	84	32
1	85	295.0	86.0	0	85	28
1	86	52.0	88.0	0	86	32
1	87	61.0	88.0	0	87	32
1	88	244.0	89.0	0	88	29
1	89	218.0	90.0	0	89	35
1	90	251.0	90.0	0	90	29
1	91	305.0	90.0	0	91	28
1	92	82.0	91.0	0	92	32
1	93	490.0	91.0	0	93	31
1	94	232.0	92.0	0	94	35
1	95	320.0	92.0	0	95	33
1	96	333.0	93.0	0	96	33
1	97	63.0	94.0	0	97	32
1	98	469.0	94.0	0	98	31
1	99	476.0	94.0	0	99	31
1	100	318.0	95.0	0	100	33
1	101	484.0	97.0	0	101	31
1	102	2.0	99.0	0	102	0
1	103	179.0	102.0	0	103	34
1	104	74.0	103.0	0	104	32
1	105	301.0	104.0	0	105	43
1	106	78.0	105.0	0	106	32
1	107	331.0	105.0	0	107	40
1	108	152.0	106.0	0	108	36
1	109	223.0	106.0	0	109	35
1	110	76.0	108.0	0	110	32
1	111	352.0	108.0	0	111	40
1	112	267.0	110.0	0	112	42
1	113	439.0	112.0	0	113	38
1	114	444.0	112.0	0	114	38
1	115	279.0	114.0	0	115	42
1	116	151.0	115.0	0	116	36
1	117	338.0	115.0	0	117	40
1	118	450.0	115.0	0	118	38
1	119	118.0	116.0	0	119	39
1	120	446.0	116.0	0	120	38
1	121	99.0	117.0	0	121	39
1	122	339.0	118.0	0	122	40
1	123	391.0	119.0	0	123	44
1	124	457.0	120.0	0	124	38
1	125	117.0	122.0	0	125	39
1	126	368.0	122.0	0	126	41
1	127	374.0	122.0	0	127	41
1	128	230.0	124.0	0	128	47
1	129	135.0	127.0	0	129	37
1	130	144.0	127.0	0	130	48
1	131	271.5	127.0	0	131	42
1	132	224.5	128.5	0	132	47
1	133	276.0	128.0	0	133	42
1	134	345.0	128.0	0	134	40
1	135	105.0	129.0	0	135	39
1	136	249.0	129.0	0	136	0
1	137	169.0	130.0	0	137	46
1	138	143.5	131.0	0	138	48
1	139	316.5	131.0	0	139	43
1	140	474.0	133.0	0	140	49
1	141	374.0	135.0	0	141	54
1	142	143.0	136.0	0	142	48
1	143	315.0	136.0	0	143	43
1	144	10.0	138.0	0	144	45
1	145	234.0	138.0	0	145	52
1	146	213.0	142.0	0	146	47
1	147	142.0	145.0	0	147	48
1	148	288.0	147.0	0	148	0
1	149	417.0	148.0	0	149	53
1	150	85.0	149.0	0	150	50
1	151	37.0	153.0	0	151	51
1	152	372.0	154.0	0	152	54
1	153	228.0	155.0	0	153	52
1	154	288.0	156.0	0	154	67
1	155	507.0	156.0	0	155	49
1	156	484.0	157.0	0	156	49
1	157	74.0	158.0	0	157	50
1	158	346.0	158.0	0	158	57
1	159	402.0	158.0	0	159	53
1	160	153.5	159.0	0	160	48
1	161	344.0	162.0	0	161	57
1	162	494.0	162.0	0	162	49
1	163	280.0	163.0	0	163	67
1	164	357.5	163.0	0	164	57
1	165	7.0	165.0	0	165	58
1	166	24.0	167.0	0	166	58
1	167	394.0	168.0	0	167	54
1	168	369.5	169.0	0	168	57
1	169	462.5	169.0	0	169	61
1	170	361.0	170.0	0	170	57
1	171	0.0	171.0	0	171	58
1	172	279.0	171.0	0	172	67
1	173	323.0	171.0	0	173	56
1	174	49.0	172.0	0	174	59
1	175	308.0	172.0	0	175	56
1	176	318.0	172.0	0	176	56
1	177	360.0	173.0	0	177	57
1	178	140.0	174.0	0	178	62
1	179	81.0	176.0	0	179	60
1	180	85.0	177.0	0	180	60
1	181	195.0	177.0	0	181	64
1	182	295.0	177.0	0	182	67
1	183	329.0	178.0	0	183	56
1	184	295.0	180.0	0	184	67
1	185	142.0	181.0	0	185	62
1	186	464.0	181.0	0	186	61
1	187	45.0	182.0	0	187	59
1	188	353.0	182.0	0	188	57
1	189	403.0	184.0	0	189	0
1	190	97.5	185.0	0	190	60
1	191	373.0	186.0	0	191	63
1	192	59.0	187.0	0	192	59
1	193	121.0	190.0	0	193	62
1	194	248.0	190.0	0	194	66
1	195	375.0	190.0	0	195	63
1	196	468.5	190.0	0	196	61
1	197	487.0	190.0	0	197	68
1	198	99.0	191.0	0	198	60
1	199	114.0	191.0	0	199	62
1	200	69.0	192.0	0	200	60
1	201	145.0	192.0	0	201	62
1	202	442.0	192.0	0	202	0
1	203	490.0	193.0	0	203	68
1	204	198.0	194.0	0	204	64
1	205	257.0	194.0	0	205	66
1	206	211.0	196.0	0	206	69
1	207	142.0	197.0	0	207	62
1	208	218.0	198.0	0	208	69
1	209	314.0	198.0	0	209	70
1	210	52.0	199.0	0	210	0
1	211	328.0	199.0	0	211	70
1	212	314.5	200.0	0	212	70
1	213	375.0	200.0	0	213	63
1	214	90.0	201.0	0	214	60
1	215	259.0	201.0	0	215	66
1	216	288.5	201.0	0	216	67
1	217	501.0	201.0	0	217	68
1	218	116.0	202.0	0	218	62
1	219	317.0	202.0	0	219	70
1	220	342.0	202.0	0	220	70
1	221	276.0	203.0	0	221	67
1	222	320.0	203.0	0	222	70
1	223	398.0	204.0	0	223	71
1	224	414.5	206.0	0	224	71
1	225	156.0	209.0	0	225	74
1	226	489.0	209.0	0	226	68
1	227	66.35714285714286	211.21428571428572	0	227	73
1	228	69.33333333333333	211.66666666666666	0	228	73
1	229	337.0	211.0	0	229	70
1	230	214.0	212.0	0	230	69
1	231	329.0	212.0	0	231	70
1	232	29.0	213.0	0	232	0
1	233	66.0	213.0	0	233	73
1	234	172.0	213.0	0	234	74
1	235	284.0	213.0	0	235	67
1	236	324.5	213.0	0	236	70
1	237	73.0	215.0	0	237	73
1	238	81.0	216.0	0	238	73
1	239	287.0	216.0	0	239	67
1	240	68.0	218.0	0	240	73
1	241	91.0	218.0	0	241	73
1	242	8.0	221.0	0	242	0
1	243	198.0	221.0	0	243	74
1	244	23.0	223.0	0	244	80
1	245	151.0	224.0	0	245	72
1	246	385.0	224.0	0	246	76
1	247	9.0	226.0	0	247	0
1	248	385.0	228.0	0	248	76
1	249	145.0	230.0	0	249	72
1	250	229.0	230.0	0	250	81
1	251	286.0	230.0	0	251	0
1	252	422.0	230.0	0	252	71
1	253	171.0	231.0	0	253	74
1	254	382.0	231.0	0	254	76
1	255	387.0	231.0	0	255	76
1	256	411.0	231.0	0	256	76
1	257	450.0	231.0	0	257	79
1	258	50.5	232.0	0	258	77
1	259	422.0	232.0	0	259	71
1	260	178.0	233.0	0	260	74
1	261	408.0	233.0	0	261	76
1	262	326.0	234.0	0	262	75
1	263	399.5	234.5	0	263	76
1	264	464.0	234.0	0	264	79
1	265	240.0	235.0	0	265	81
1	266	245.33333333333334	235.33333333333334	0	266	81
1	267	410.0	235.0	0	267	76
1	268	238.0	236.0	0	268	81
1	269	120.0	238.0	0	269	78
1	270	188.0	238.0	0	270	74
1	271	101.0	239.0	0	271	78
1	272	329.0	239.0	0	272	75
1	273	417.6	239.8	0	273	82
1	274	236.5	240.0	0	274	81
1	275	413.25	240.5	0	275	82
1	276	9.0	241.0	0	276	0
1	277	181.5	241.0	0	277	74
1	278	261.5	241.0	0	278	81
1	279	312.0	241.0	0	279	88
1	280	344.0	241.0	0	280	75
1	281	29.5	242.0	0	281	80
1	282	70.0	242.0	0	282	77
1	283	415.0	242.0	0	283	82
1	284	237.0	243.0	0	284	81
1	285	358.0	243.0	0	285	84
1	286	406.6666666666667	243.66666666666666	0	286	82
1	287	410.0	242.75	0	287	82
1	288	417.3529411764706	242.76470588235293	0	288	82
1	289	420.5	243.16666666666666	0	289	82
1	290	425.0	243.0	0	290	82
1	291	63.0	244.0	0	291	77
1	292	217.0	244.0	0	292	87
1	293	285.0	244.0	0	293	0
1	294	337.0	244.0	0	294	75
1	295	446.0	244.0	0	295	79
1	296	70.0	245.0	0	296	86
1	297	247.0	245.0	0	297	81
1	298	329.0	245.0	0	298	75
1	299	411.0	245.25	0	299	82
1	300	414.42857142857144	244.71428571428572	0	300	82
1	301	169.0	246.0	0	301	0
1	302	403.6666666666667	245.66666666666666	0	302	82
1	303	418.1666666666667	245.91666666666666	0	303	82
1	304	421.0	246.0	0	304	82
1	305	184.5	247.0	0	305	74
1	306	296.0	247.0	0	306	88
1	307	414.5	247.0	0	307	82
1	308	423.0	247.0	0	308	82
1	309	500.0	247.0	0	309	83
1	310	6.666666666666667	248.66666666666666	0	310	0
1	311	416.625	248.25	0	311	82
1	312	419.3333333333333	248.33333333333334	0	312	82
1	313	425.0	248.0	0	313	90
1	314	492.0	248.0	0	314	83
1	315	404.0	249.33333333333334	0	315	82
1	316	412.0	249.0	0	316	82
1	317	414.0	249.0	0	317	82
1	318	218.0	250.0	0	318	87
1	319	356.5	250.0	0	319	84
1	320	402.0	250.0	0	320	82
1	321	418.0	250.0	0	321	82
1	322	15.0	251.0	0	322	0
1	323	31.5	251.0	0	323	85
1	324	406.5	251.0	0	324	82
1	325	411.0	251.2	0	325	82
1	326	416.5	251.0	0	326	82
1	327	1.0	252.0	0	327	0
1	328	307.0	252.0	0	328	88
1	329	368.0	252.0	0	329	84
1	330	418.0	251.5	0	330	82
1	331	448.0	252.0	0	331	90
1	332	28.333333333333332	252.66666666666666	0	332	85
1	333	35.285714285714285	254.14285714285714	0	333	85
1	334	38.0	253.0	0	334	85
1	335	405.5	253.0	0	335	82
1	336	414.5	253.5	0	336	82
1	337	19.0	254.0	0	337	85
1	338	31.5	254.0	0	338	85
1	339	41.0	254.0	0	339	85
1	340	218.0	254.0	0	340	87
1	341	408.6666666666667	253.66666666666666	0	341	82
1	342	411.5	253.5	0	342	82
1	343	435.0	254.0	0	343	90
1	344	497.0	254.0	0	344	83
1	345	20.625	255.0	0	345	85
1	346	24.5	254.5	0	346	85
1	347	28.0	255.0	0	347	85
1	348	37.90909090909091	255.72727272727272	0	348	85
1	349	40.0	255.8	0	349	85
1	350	421.5	256.0	0	350	90
1	351	509.5	256.0	0	351	83
1	352	511.0	256.0	0	352	83
1	353	3.0	257.0	0	353	0
1	354	28.2	257.2	0	354	85
1	355	31.0	256.5	0	355	85
1	356	35.0	257.0	0	356	85
1	357	42.0	257.0	0	357	85
1	358	121.0	257.0	0	358	89
1	359	166.0	257.0	0	359	96
1	360	249.0	257.0	0	360	81
1	361	375.0	257.0	0	361	84
1	362	9.0	258.0	0	362	0
1	363	14.0	258.0	0	363	0
1	364	33.0	258.0	0	364	85
1	365	397.0	258.0	0	365	91
1	366	16.25	259.0	0	366	0
1	367	21.333333333333332	259.3333333333333	0	367	85
1	368	38.0	259.0	0	368	85
1	369	42.0	259.8	0	369	85
1	370	272.0	259.0	0	370	92
1	371	376.5	259.0	0	371	84
1	372	391.0	259.0	0	372	91
1	373	18.5	260.0	0	373	85
1	374	25.571428571428573	260.0	0	374	85
1	375	31.5	260.0	0	375	85
1	376	35.333333333333336	260.3333333333333	0	376	85
1	377	126.0	260.0	0	377	89
1	378	417.5	260.0	0	378	90
1	379	50.0	261.0	0	379	86
1	380	122.5	261.0	0	380	89
1	381	228.0	261.0	0	381	87
1	382	261.5	261.0	0	382	81
1	383	405.0	261.0	0	383	91
1	384	30.0	262.2	0	384	85
1	385	37.2	264.0	0	385	85
1	386	40.5	262.0	0	386	85
1	387	357.0	262.0	0	387	84
1	388	23.5	263.5	0	388	85
1	389	27.0	263.0	0	389	85
1	390	34.0	263.3333333333333	0	390	85
1	391	72.0	263.0	0	391	86
1	392	250.0	263.0	0	392	81
1	393	32.0	264.3333333333333	0	393	85
1	394	42.0	264.0	0	394	85
1	395	163.0	264.0	0	395	96
1	396	399.0	264.5	0	396	91
1	397	27.5	265.5	0	397	85
1	398	358.5	266.0	0	398	84
1	399	36.5	267.0	0	399	85
1	400	41.0	267.0	0	400	98
1	401	58.0	267.0	0	401	86
1	402	315.5	267.0	0	402	88
1	403	395.0	267.3333333333333	0	403	91
1	404	498.0	267.0	0	404	83
1	405	20.0	268.0	0	405	85
1	406	48.0	267.5	0	406	98
1	407	147.5	268.0	0	407	89
1	408	386.0	268.0	0	408	91
1	409	400.0	268.5	0	409	91
1	410	18.0	269.0	0	410	85
1	411	31.5	269.0	0	411	85
1	412	393.0	269.0	0	412	91
1	413	29.0	270.0	0	413	85
1	414	236.0	270.0	0	414	87
1	415	293.0	270.0	0	415	94
1	416	388.5	270.0	0	416	91
1	417	390.3333333333333	269.6666666666667	0	417	91
1	418	396.6666666666667	269.6666666666667	0	418	91
1	419	358.0	271.0	0	419	84
1	420	386.0	271.0	0	420	91
1	421	392.5	271.0	0	421	91
1	422	399.0	270.5	0	422	91
1	423	498.0	271.0	0	423	83
1	424	32.5	272.0	0	424	98
1	425	393.5	272.5	0	425	91
1	426	389.5	273.0	0	426	91
1	427	470.0	273.0	0	427	93
1	428	499.0	273.0	0	428	83
1	429	291.0	274.0	0	429	94
1	430	295.0	275.0	0	430	94
1	431	390.0	275.0	0	431	91
1	432	392.0	275.0	0	432	91
1	433	492.0	276.0	0	433	93
1	434	55.0	277.0	0	434	98
1	435	86.0	277.0	0	435	101
1	436	178.0	277.0	0	436	96
1	437	303.5	278.0	0	437	94
1	438	230.0	279.0	0	438	87
1	439	58.0	280.0	0	439	98
1	440	150.0	281.0	0	440	96
1	441	278.0	281.0	0	441	92
1	442	47.0	282.0	0	442	98
1	443	497.5	282.0	0	443	0
1	444	336.0	283.0	0	444	97
1	445	399.0	283.0	0	445	99
1	446	410.0	283.0	0	446	99
1	447	37.0	284.0	0	447	98
1	448	98.0	284.0	0	448	101
1	449	212.0	284.0	0	449	102
1	450	3.0	286.0	0	450	0
1	451	234.0	285.5	0	451	106
1	452	40.0	288.0	0	452	98
1	453	48.0	288.0	0	453	98
1	454	171.0	288.0	0	454	96
1	455	330.0	289.0	0	455	97
1	456	440.0	289.0	0	456	103
1	457	374.0	290.0	0	457	100
1	458	433.0	290.0	0	458	103
1	459	42.0	291.0	0	459	98
1	460	436.5	291.0	0	460	103
1	461	24.5	292.0	0	461	104
1	462	35.0	292.0	0	462	104
1	463	360.5	292.0	0	463	100
1	464	205.5	293.0	0	464	102
1	465	430.0	293.0	0	465	103
1	466	255.5	294.0	0	466	106
1	467	443.0	294.0	0	467	103
1	468	43.0	296.0	0	468	98
1	469	53.5	296.0	0	469	98
1	470	411.5	296.0	0	470	99
1	471	437.3333333333333	296.3333333333333	0	471	103
1	472	429.6666666666667	297.3333333333333	0	472	103
1	473	278.0	298.0	0	473	94
1	474	287.0	298.0	0	474	94
1	475	403.0	298.0	0	475	99
1	476	435.0	299.0	0	476	103
1	477	226.0	300.0	0	477	108
1	478	35.0	301.0	0	478	104
1	479	144.0	301.0	0	479	110
1	480	313.0	301.0	0	480	111
1	481	431.0	301.0	0	481	103
1	482	17.0	302.0	0	482	104
1	483	222.0	302.0	0	483	108
1	484	367.0	302.0	0	484	100
1	485	416.0	302.0	0	485	99
1	486	435.0	302.5	0	486	103
1	487	36.0	303.0	0	487	104
1	488	80.5	303.5	0	488	101
1	489	317.0	303.0	0	489	111
1	490	82.8	304.0	0	490	101
1	491	437.0	304.0	0	491	103
1	492	78.0	305.0	0	492	101
1	493	467.0	305.0	0	493	107
1	494	430.0	306.0	0	494	103
1	495	433.0	306.0	0	495	103
1	496	32.5	307.0	0	496	104
1	497	45.0	307.0	0	497	104
1	498	157.0	307.0	0	498	110
1	499	377.0	307.0	0	499	100
1	500	404.0	307.0	0	500	99
1	501	311.0	308.0	0	501	111
1	502	307.0	309.0	0	502	111
1	503	434.5	309.5	0	503	109
1	504	484.0	309.0	0	504	107
1	505	487.0	309.0	0	505	107
1	506	99.5	312.0	0	506	105
1	507	250.0	312.0	0	507	106
1	508	387.0	312.0	0	508	113
1	509	67.0	313.0	0	509	101
1	510	136.0	313.0	0	510	110
1	511	170.5	313.0	0	511	116
1	512	231.0	313.0	0	512	108
1	513	318.0	315.0	0	513	111
1	514	212.0	316.0	0	514	108
1	515	233.5	316.5	0	515	108
1	516	431.0	316.0	0	516	109
1	517	448.0	317.0	0	517	109
1	518	105.0	318.0	0	518	114
1	519	210.0	318.0	0	519	108
1	520	160.0	319.0	0	520	110
1	521	314.0	319.0	0	521	111
1	522	145.0	320.0	0	522	110
1	523	208.0	320.0	0	523	108
1	524	349.0	319.5	0	524	112
1	525	1.0	321.0	0	525	115
1	526	307.5	321.0	0	526	111
1	527	473.0	321.0	0	527	107
1	528	344.0	323.0	0	528	112
1	529	117.0	325.0	0	529	114
1	530	368.0	327.0	0	530	113
1	531	197.5	328.0	0	531	118
1	532	201.0	331.0	0	532	118
1	533	417.0	333.0	0	533	0
1	534	52.0	334.0	0	534	117
1	535	55.0	334.0	0	535	117
1	536	121.0	334.0	0	536	114
1	537	449.5	334.0	0	537	0
1	538	45.5	335.0	0	538	117
1	539	138.0	335.0	0	539	110
1	540	150.0	335.0	0	540	110
1	541	418.5	335.0	0	541	0
1	542	319.0	337.0	0	542	120
1	543	316.5	339.0	0	543	120
1	544	134.0	340.0	0	544	114
1	545	17.5	341.5	0	545	115
1	546	261.0	341.0	0	546	123
1	547	486.0	341.0	0	547	122
1	548	224.0	342.0	0	548	118
1	549	236.0	342.0	0	549	119
1	550	274.0	342.5	0	550	123
1	551	329.0	342.0	0	551	120
1	552	9.0	343.0	0	552	115
1	553	147.0	343.0	0	553	0
1	554	252.0	343.0	0	554	119
1	555	459.0	343.0	0	555	122
1	556	471.0	343.0	0	556	122
1	557	178.0	344.0	0	557	116
1	558	47.0	345.0	0	558	121
1	559	91.0	345.0	0	559	114
1	560	168.0	345.0	0	560	116
1	561	316.0	345.0	0	561	120
1	562	217.0	346.0	0	562	118
1	563	116.0	347.0	0	563	124
1	564	472.0	347.0	0	564	122
1	565	169.0	348.0	0	565	116
1	566	212.5	348.0	0	566	118
1	567	55.0	350.0	0	567	121
1	568	98.5	350.0	0	568	124
1	569	228.0	350.0	0	569	119
1	570	63.0	352.0	0	570	117
1	571	287.0	353.0	0	571	123
1	572	85.0	354.0	0	572	117
1	573	113.0	354.0	0	573	124
1	574	268.0	355.0	0	574	123
1	575	247.0	357.0	0	575	119
1	576	133.0	358.0	0	576	124
1	577	140.0	360.0	0	577	124
1	578	0.0	361.0	0	578	0
1	579	243.0	361.0	0	579	119
1	580	452.0	361.0	0	580	126
1	581	292.0	362.0	0	581	123
1	582	64.0	363.0	0	582	121
1	583	179.5	363.0	0	583	125
1	584	300.0	363.0	0	584	0
1	585	508.0	363.0	0	585	0
1	586	169.0	365.0	0	586	125
1	587	234.0	365.0	0	587	130
1	588	328.0	365.0	0	588	120
1	589	472.0	365.0	0	589	126
1	590	24.0	367.0	0	590	0
1	591	31.0	368.0	0	591	0
1	592	186.0	368.0	0	592	125
1	593	294.0	368.0	0	593	128
1	594	13.0	369.0	0	594	0
1	595	90.0	370.0	0	595	127
1	596	187.0	370.0	0	596	125
1	597	450.0	370.0	0	597	126
1	598	88.0	372.0	0	598	127
1	599	495.0	372.0	0	599	126
1	600	11.0	373.0	0	600	0
1	601	271.0	374.0	0	601	128
1	602	304.0	376.0	0	602	129
1	603	487.0	376.0	0	603	126
1	604	80.0	378.0	0	604	127
1	605	115.0	379.0	0	605	127
1	606	287.0	379.0	0	606	128
1	607	279.0	381.0	0	607	128
1	608	494.0	381.0	0	608	126
1	609	229.0	382.0	0	609	130
1	610	455.0	382.0	0	610	126
1	611	496.0	383.0	0	611	0
1	612	98.0	384.0	0	612	127
1	613	345.0	384.0	0	613	135
1	614	466.0	384.0	0	614	126
1	615	64.0	385.0	0	615	136
1	616	209.5	385.5	0	616	132
1	617	1.0	386.0	0	617	0
1	618	45.0	386.0	0	618	136
1	619	200.0	386.0	0	619	132
1	620	212.0	386.0	0	620	132
1	621	323.0	387.0	0	621	129
1	622	490.0	387.0	0	622	0
1	623	503.0	387.0	0	623	0
1	624	158.0	388.0	0	624	134
1	625	329.0	389.0	0	625	129
1	626	148.0	389.5	0	626	134
1	627	173.5	390.0	0	627	134
1	628	179.0	390.0	0	628	132
1	629	284.0	390.0	0	629	137
1	630	131.0	392.0	0	630	131
1	631	324.0	392.0	0	631	129
1	632	335.0	392.0	0	632	135
1	633	277.0	393.3333333333333	0	633	137
1	634	352.0	394.0	0	634	135
1	635	65.0	395.0	0	635	136
1	636	79.0	395.0	0	636	136
1	637	169.0	395.0	0	637	134
1	638	390.0	395.0	0	638	140
1	639	10.0	396.0	0	639	133
1	640	339.0	397.0	0	640	135
1	641	471.0	397.0	0	641	126
1	642	40.0	398.0	0	642	133
1	643	358.0	398.0	0	643	138
1	644	149.5	399.0	0	644	134
1	645	310.0	399.0	0	645	129
1	646	144.0	400.0	0	646	134
1	647	393.5	400.0	0	647	140
1	648	487.0	401.0	0	648	0
1	649	338.0	402.0	0	649	135
1	650	40.0	404.0	0	650	136
1	651	56.0	404.0	0	651	136
1	652	121.0	404.0	0	652	141
1	653	288.0	404.0	0	653	137
1	654	330.0	405.0	0	654	135
1	655	280.0	406.0	0	655	137
1	656	316.0	406.0	0	656	135
1	657	355.0	407.0	0	657	138
1	658	500.5	407.0	0	658	0
1	659	121.0	408.0	0	659	141
1	660	258.0	408.0	0	660	142
1	661	345.5	408.5	0	661	138
1	662	86.0	409.0	0	662	145
1	663	340.0	411.0	0	663	135
1	664	342.0	412.0	0	664	138
1	665	356.0	412.0	0	665	138
1	666	36.0	413.0	0	666	136
1	667	185.0	414.0	0	667	146
1	668	279.0	414.0	0	668	142
1	669	477.0	414.0	0	669	0
1	670	190.0	415.0	0	670	146
1	671	334.0	415.0	0	671	143
1	672	360.0	415.0	0	672	138
1	673	275.0	416.0	0	673	142
1	674	150.0	417.0	0	674	141
1	675	76.0	418.0	0	675	145
1	676	356.0	418.0	0	676	138
1	677	200.0	419.0	0	677	146
1	678	391.0	419.0	0	678	140
1	679	64.0	420.0	0	679	136
1	680	219.0	419.5	0	680	144
1	681	221.0	420.0	0	681	144
1	682	24.0	422.0	0	682	0
1	683	65.0	422.0	0	683	147
1	684	63.0	423.0	0	684	147
1	685	218.0	423.0	0	685	144
1	686	69.0	424.5	0	686	147
1	687	92.0	425.0	0	687	145
1	688	99.0	425.0	0	688	145
1	689	207.0	425.0	0	689	144
1	690	239.5	425.0	0	690	144
1	691	69.5	426.0	0	691	147
1	692	82.0	426.0	0	692	145
1	693	71.0	427.0	0	693	147
1	694	187.0	427.0	0	694	146
1	695	208.0	427.0	0	695	144
1	696	214.0	427.0	0	696	144
1	697	62.5	428.5	0	697	147
1	698	65.5	429.0	0	698	147
1	699	71.0	429.0	0	699	147
1	700	84.0	429.0	0	700	145
1	701	60.5	430.0	0	701	147
1	702	68.0	430.0	0	702	147
1	703	63.714285714285715	432.0	0	703	147
1	704	69.5	431.0	0	704	147
1	705	192.0	431.0	0	705	146
1	706	66.5	432.0	0	706	147
1	707	72.0	432.0	0	707	147
1	708	88.0	432.0	0	708	145
1	709	69.0	433.0	0	709	147
1	710	122.5	433.0	0	710	150
1	711	144.0	433.0	0	711	148
1	712	215.0	433.0	0	712	144
1	713	237.0	434.0	0	713	144
1	714	321.5	434.0	0	714	151
1	715	344.0	434.0	0	715	143
1	716	70.0	435.5	0	716	147
1	717	340.0	435.0	0	717	143
1	718	359.0	435.0	0	718	149
1	719	71.5	435.5	0	719	147
1	720	75.5	436.0	0	720	147
1	721	92.0	436.0	0	721	145
1	722	102.5	436.0	0	722	145
1	723	82.5	437.5	0	723	145
1	724	215.0	437.0	0	724	144
1	725	30.0	438.0	0	725	156
1	726	65.0	437.75	0	726	147
1	727	74.5	438.5	0	727	147
1	728	93.0	438.0	0	728	145
1	729	326.0	438.0	0	729	151
1	730	63.0	439.0	0	730	147
1	731	192.0	439.0	0	731	146
1	732	70.5	441.0	0	732	147
1	733	73.0	440.0	0	733	147
1	734	108.0	440.0	0	734	153
1	735	196.0	440.0	0	735	146
1	736	326.0	440.0	0	736	151
1	737	501.5	440.0	0	737	155
1	738	33.5	441.0	0	738	156
1	739	65.0	440.5	0	739	147
1	740	75.0	441.25	0	740	147
1	741	77.66666666666667	441.3333333333333	0	741	147
1	742	377.0	441.0	0	742	149
1	743	118.0	442.0	0	743	150
1	744	26.0	443.0	0	744	156
1	745	44.0	443.0	0	745	156
1	746	74.5	443.0	0	746	147
1	747	80.33333333333333	442.3333333333333	0	747	157
1	748	96.0	443.0	0	748	145
1	749	356.0	443.0	0	749	149
1	750	370.0	443.0	0	750	149
1	751	22.0	444.0	0	751	156
1	752	71.0	444.0	0	752	147
1	753	75.42857142857143	445.2857142857143	0	753	147
1	754	110.0	445.0	0	754	153
1	755	139.0	445.0	0	755	150
1	756	142.0	445.0	0	756	148
1	757	193.0	445.0	0	757	146
1	758	223.0	445.0	0	758	154
1	759	38.0	446.0	0	759	156
1	760	79.45454545454545	446.8181818181818	0	760	157
1	761	111.5	446.5	0	761	153
1	762	109.66666666666667	446.6666666666667	0	762	153
1	763	113.66666666666667	447.3333333333333	0	763	153
1	764	363.5	447.0	0	764	149
1	765	107.33333333333333	448.6666666666667	0	765	153
1	766	116.0	448.0	0	766	153
1	767	119.0	448.5	0	767	150
1	768	193.0	448.0	0	768	146
1	769	74.0	449.0	0	769	157
1	770	96.0	449.0	0	770	153
1	771	110.0	449.5	0	771	153
1	772	142.0	449.0	0	772	159
1	773	196.0	449.0	0	773	146
1	774	82.0	450.0	0	774	157
1	775	183.0	450.0	0	775	161
1	776	71.0	451.0	0	776	157
1	777	73.5	451.5	0	777	157
1	778	88.0	451.0	0	778	157
1	779	111.5	451.0	0	779	153
1	780	116.0	451.0	0	780	153
1	781	177.0	451.0	0	781	161
1	782	75.25	452.0	0	782	157
1	783	80.0	452.0	0	783	157
1	784	106.0	452.0	0	784	153
1	785	108.66666666666667	452.0	0	785	153
1	786	119.8	452.2	0	786	153
1	787	179.0	452.0	0	787	161
1	788	69.57142857142857	454.0	0	788	157
1	789	72.0	453.5	0	789	157
1	790	64.0	454.0	0	790	157
1	791	86.66666666666667	454.3333333333333	0	791	157
1	792	113.5	454.0	0	792	153
1	793	201.0	454.0	0	793	160
1	794	354.5	454.0	0	794	149
1	795	67.0	455.0	0	795	157
1	796	84.0	455.0	0	796	157
1	797	119.33333333333333	455.6666666666667	0	797	153
1	798	216.0	455.0	0	798	154
1	799	106.6	455.1	0	799	153
1	800	115.0	455.5	0	800	153
1	801	72.0	457.0	0	801	157
1	802	84.0	457.0	0	802	157
1	803	110.0	457.0	0	803	153
1	804	116.5	457.2	0	804	153
1	805	122.5	458.0	0	805	153
1	806	240.0	457.0	0	806	158
1	807	66.0	458.5	0	807	157
1	808	113.75	458.0	0	808	153
1	809	119.25	458.625	0	809	153
1	810	201.66666666666666	458.3333333333333	0	810	160
1	811	493.0	458.0	0	811	155
1	812	106.0	459.0	0	812	153
1	813	12.0	460.0	0	813	156
1	814	72.0	460.0	0	814	157
1	815	81.0	460.0	0	815	157
1	816	90.0	460.0	0	816	157
1	817	112.75	460.375	0	817	153
1	818	115.9090909090909	460.3636363636364	0	818	153
1	819	509.0	460.0	0	819	155
1	820	68.75	460.25	0	820	157
1	821	76.0	460.5	0	821	157
1	822	106.8	462.1	0	822	153
1	823	110.0	461.2	0	823	153
1	824	119.6	460.8	0	824	153
1	825	88.0	462.0	0	825	157
1	826	112.5	462.0	0	826	153
1	827	241.0	462.0	0	827	158
1	828	23.5	463.0	0	828	156
1	829	109.0	463.0	0	829	153
1	830	114.66666666666667	463.0	0	830	153
1	831	117.75	464.0	0	831	153
1	832	200.0	463.0	0	832	160
1	833	253.0	463.0	0	833	158
1	834	74.0	464.5	0	834	157
1	835	78.0	463.5	0	835	157
1	836	89.5	464.0	0	836	157
1	837	110.66666666666667	463.3333333333333	0	837	153
1	838	113.16666666666667	463.6666666666667	0	838	153
1	839	194.5	464.0	0	839	160
1	840	213.0	464.0	0	840	160
1	841	76.0	465.0	0	841	157
1	842	129.0	465.0	0	842	166
1	843	240.0	465.0	0	843	158
1	844	255.0	465.0	0	844	158
1	845	380.0	465.0	0	845	163
1	846	107.5	465.5	0	846	153
1	847	109.5	465.0	0	847	153
1	848	150.5	466.0	0	848	159
1	849	209.0	465.5	0	849	160
1	850	222.0	466.0	0	850	154
1	851	200.0	468.0	0	851	160
1	852	213.33333333333334	468.6666666666667	0	852	160
1	853	73.33333333333333	470.0	0	853	157
1	854	95.0	470.0	0	854	153
1	855	137.0	470.0	0	855	166
1	856	216.0	470.0	0	856	160
1	857	253.0	470.0	0	857	158
1	858	125.0	471.0	0	858	166
1	859	152.0	471.0	0	859	162
1	860	414.0	472.0	0	860	164
1	861	25.0	473.0	0	861	156
1	862	114.0	473.0	0	862	153
1	863	369.0	473.0	0	863	163
1	864	52.0	475.0	0	864	169
1	865	213.0	475.0	0	865	160
1	866	231.0	475.0	0	866	165
1	867	258.0	475.0	0	867	165
1	868	247.0	476.0	0	868	165
1	869	263.0	476.0	0	869	165
1	870	383.0	476.0	0	870	163
1	871	254.0	477.0	0	871	165
1	872	57.0	478.0	0	872	169
1	873	210.0	478.0	0	873	160
1	874	238.0	478.0	0	874	165
1	875	244.0	478.0	0	875	165
1	876	130.0	480.0	0	876	166
1	877	208.0	481.0	0	877	171
1	878	249.0	481.0	0	878	165
1	879	160.0	483.0	0	879	162
1	880	200.0	483.0	0	880	167
1	881	427.8333333333333	483.3333333333333	0	881	168
1	882	432.5	483.0	0	882	168
1	883	441.85714285714283	483.57142857142856	0	883	168
1	884	445.57142857142856	484.4761904761905	0	884	168
1	885	123.0	484.0	0	885	166
1	886	298.0	484.0	0	886	0
1	887	440.42105263157896	486.36842105263156	0	887	168
1	888	113.0	486.0	0	888	166
1	889	150.0	486.0	0	889	166
1	890	254.0	486.0	0	890	165
1	891	407.0	486.0	0	891	164
1	892	35.0	487.0	0	892	169
1	893	107.0	487.0	0	893	166
1	894	116.0	487.0	0	894	166
1	895	251.0	487.0	0	895	165
1	896	427.4	487.6	0	896	168
1	897	479.72	487.84	0	897	172
1	898	485.57142857142856	487.42857142857144	0	898	172
1	899	181.0	488.0	0	899	167
1	900	459.5	488.5	0	900	168
1	901	473.82608695652175	488.0	0	901	172
1	902	112.0	489.0	0	902	166
1	903	439.77777777777777	489.5	0	903	168
1	904	446.4	489.04	0	904	168
1	905	466.5	488.5	0	905	172
1	906	47.0	490.0	0	906	169
1	907	57.0	490.0	0	907	169
1	908	107.0	490.0	0	908	166
1	909	372.5	490.0	0	909	170
1	910	431.8125	489.625	0	910	168
1	911	503.0	490.0	0	911	172
1	912	486.90909090909093	493.1363636363636	0	912	172
1	913	216.0	493.0	0	913	171
1	914	433.53846153846155	492.9230769230769	0	914	168
1	915	473.5	493.5	0	915	172
1	916	480.5	493.5	0	916	172
1	917	440.7083333333333	493.125	0	917	168
1	918	445.75	493.45	0	918	168
1	919	466.17391304347825	494.0	0	919	172
1	920	431.85714285714283	495.2857142857143	0	920	168
1	921	460.25	494.39285714285717	0	921	172
1	922	63.0	496.0	0	922	169
1	923	427.54545454545456	495.6363636363636	0	923	168
1	924	430.0	496.0	0	924	168
1	925	443.0	495.5	0	925	168
1	926	45.0	497.0	0	926	169
1	927	459.6	498.6	0	927	172
1	928	470.5	498.0	0	928	172
1	929	23.0	502.0	0	929	0
1	930	3.0	503.0	0	930	0
1	931	37.0	503.0	0	931	169
1	932	137.5	503.5	0	932	166
1	933	148.0	503.0	0	933	166
1	934	193.0	504.0	0	934	171
1	935	505.0	504.0	0	935	172
1	936	102.0	505.0	0	936	0
1	937	142.0	505.0	0	937	166
1	938	383.5	506.0	0	938	0
1	939	454.0	506.0	0	939	168
1	940	479.0	506.0	0	940	172
1	941	1.0	507.0	0	941	0
1	942	468.0	507.0	0	942	172
1	943	473.0	507.0	0	943	172
1	944	221.0	509.0	0	944	0
1	945	231.0	510.0	0	945	0
1	946	396.0	510.0	0	946	0
1	947	463.0	510.0	0	947	172
1	948	498.0	510.0	0	948	172
1	949	456.0	511.0	0	949	0
1	950	503.0	511.0	0	950	172
2	1	108.0	5.0	0	1	1
2	2	152.0	28.0	0	2	4
2	3	357.0	44.0	0	3	5
2	4	93.0	45.0	0	4	9
2	5	16.0	49.0	0	5	7
2	6	221.0	49.0	0	6	6
2	7	342.0	49.0	0	7	5
2	8	63.5	55.0	0	8	9
2	9	13.0	57.0	0	9	7
2	10	6.0	61.0	0	10	7
2	11	19.0	63.0	0	11	7
2	12	127.0	64.0	0	12	8
2	13	225.0	73.0	0	13	0
2	14	62.5	75.0	0	14	10
2	15	385.0	82.0	0	15	0
2	16	150.0	86.0	0	16	12
2	17	159.0	88.0	0	17	12
2	18	72.0	94.0	0	18	10
2	19	112.5	96.0	0	19	13
2	20	322.0	105.0	0	20	15
2	21	321.0	107.0	0	21	15
2	22	43.0	108.0	0	22	16
2	23	361.0	109.0	0	23	17
2	24	9.0	110.0	0	24	14
2	25	312.0	125.5	0	25	18
2	26	310.2	128.4	0	26	18
2	27	329.0	129.0	0	27	18
2	28	323.0	134.0	0	28	18
2	29	333.0	135.0	0	29	18
2	30	340.0	136.0	0	30	18
2	31	277.0	137.0	0	31	20
2	32	32.0	139.0	0	32	0
2	33	300.0	140.0	0	33	20
2	34	106.0	144.0	0	34	22
2	35	277.5	146.0	0	35	20
2	36	65.0	153.0	0	36	21
2	37	311.0	153.0	0	37	24
2	38	127.0	160.0	0	38	0
2	39	286.0	162.0	0	39	24
2	40	94.0	172.5	0	40	27
2	41	84.0	176.0	0	41	27
2	42	27.0	178.0	0	42	26
2	43	3.0	180.0	0	43	0
2	44	76.0	180.0	0	44	27
2	45	142.0	183.0	0	45	29
2	46	349.0	185.0	0	46	28
2	47	36.0	186.0	0	47	26
2	48	306.0	186.0	0	48	31
2	49	138.0	187.5	0	49	29
2	50	136.5	190.0	0	50	29
2	51	300.0	191.0	0	51	31
2	52	50.0	192.0	0	52	32
2	53	492.0	197.0	0	53	33
2	54	245.5	202.0	0	54	0
2	55	85.0	203.0	0	55	34
2	56	68.0	205.0	0	56	32
2	57	305.0	206.0	0	57	31
2	58	491.5	206.0	0	58	33
2	59	130.0	215.0	0	59	34
2	60	305.0	215.0	0	60	31
2	61	455.0	218.0	0	61	36
2	62	1.0	226.0	0	62	38
2	63	465.0	227.0	0	63	36
2	64	138.0	233.0	0	64	0
2	65	3.0	235.0	0	65	38
2	66	202.0	242.0	0	66	39
2	67	225.0	243.0	0	67	39
2	68	108.66666666666667	254.33333333333334	0	68	41
2	69	179.0	255.0	0	69	42
2	70	96.0	261.0	0	70	41
2	71	162.5	269.0	0	71	43
2	72	263.0	269.0	0	72	0
2	73	253.0	273.0	0	73	0
2	74	238.5	274.0	0	74	50
2	75	155.0	275.0	0	75	43
2	76	269.0	275.0	0	76	0
2	77	155.33333333333334	276.6666666666667	0	77	43
2	78	153.0	278.0	0	78	43
2	79	332.0	278.0	0	79	45
2	80	403.0	279.0	0	80	0
2	81	341.5	280.0	0	81	45
2	82	408.0	280.0	0	82	0
2	83	82.0	281.0	0	83	52
2	84	327.5	283.0	0	84	45
2	85	51.0	286.0	0	85	44
2	86	196.0	289.0	0	86	49
2	87	238.0	289.0	0	87	50
2	88	196.0	291.0	0	88	49
2	89	105.0	293.0	0	89	48
2	90	201.0	293.0	0	90	49
2	91	74.0	295.0	0	91	52
2	92	154.0	303.0	0	92	59
2	93	253.5	310.0	0	93	54
2	94	251.5	318.0	0	94	54
2	95	430.0	321.0	0	95	0
2	96	392.0	322.0	0	96	0
2	97	252.5	328.0	0	97	54
2	98	241.0	329.0	0	98	54
2	99	71.0	333.0	0	99	65
2	100	227.0	337.0	0	100	57
2	101	411.0	337.0	0	101	0
2	102	267.0	338.0	0	102	62
2	103	122.0	342.0	0	103	67
2	104	470.0	342.0	0	104	60
2	105	417.0	344.0	0	105	0
2	106	131.5	357.0	0	106	67
2	107	304.0	357.0	0	107	64
2	108	365.0	360.0	0	108	63
2	109	267.0	363.0	0	109	62
2	110	164.0	368.0	0	110	68
2	111	224.5	369.0	0	111	71
2	112	168.5	370.0	0	112	68
2	113	341.0	371.0	0	113	66
2	114	227.0	375.0	0	114	71
2	115	432.0	387.0	0	115	74
2	116	27.5	393.0	0	116	73
2	117	440.0	393.0	0	117	74
2	118	25.5	394.0	0	118	73
2	119	243.0	395.0	0	119	76
2	120	510.0	398.0	0	120	0
2	121	361.0	402.0	0	121	0
2	122	474.0	405.0	0	122	77
2	123	467.0	407.0	0	123	77
2	124	215.0	408.0	0	124	76
2	125	359.0	409.0	0	125	0
2	126	464.0	409.0	0	126	77
2	127	105.0	410.0	0	127	78
2	128	470.0	410.0	0	128	77
2	129	463.0	412.0	0	129	77
2	130	466.0	412.0	0	130	77
2	131	480.0	417.0	0	131	77
2	132	5.0	418.0	0	132	0
2	133	91.0	418.0	0	133	78
2	134	224.0	419.0	0	134	76
2	135	85.0	425.0	0	135	78
2	136	441.0	429.0	0	136	79
2	137	7.0	440.0	0	137	0
2	138	99.0	445.0	0	138	86
2	139	307.0	454.0	0	139	87
2	140	402.0	454.0	0	140	95
2	141	356.5	457.0	0	141	94
2	142	408.0	463.0	0	142	95
2	143	306.0	464.0	0	143	0
2	144	342.0	479.0	0	144	100
2	145	361.0	482.0	0	145	100
2	146	434.8333333333333	483.3333333333333	0	146	101
2	147	439.5	483.0	0	147	101
2	148	448.85714285714283	483.57142857142856	0	148	101
2	149	452.57142857142856	484.4761904761905	0	149	101
2	150	447.42105263157896	486.36842105263156	0	150	101
2	151	434.4	487.6	0	151	101
2	152	486.72	487.84	0	152	98
2	153	492.57142857142856	487.42857142857144	0	153	98
2	154	466.5	488.5	0	154	98
2	155	480.82608695652175	488.0	0	155	98
2	156	446.77777777777777	489.5	0	156	101
2	157	453.4	489.04	0	157	101
2	158	473.5	488.5	0	158	98
2	159	438.8125	489.625	0	159	101
2	160	189.0	492.0	0	160	0
2	161	494.0	493.0	0	161	98
2	162	440.53846153846155	492.9230769230769	0	162	101
2	163	480.5	493.5	0	163	98
2	164	487.5	493.5	0	164	98
2	165	447.7083333333333	493.125	0	165	101
2	166	452.75	493.45	0	166	101
2	167	473.17391304347825	494.0	0	167	98
2	168	438.85714285714283	495.2857142857143	0	168	101
2	169	467.0232558139535	495.86046511627904	0	169	98
2	170	434.54545454545456	495.6363636363636	0	170	101
2	171	437.0	496.0	0	171	101
2	172	450.0	495.5	0	172	101
2	173	10.0	505.0	0	173	103
3	1	127.0	0.0	0	1	0
3	2	40.0	1.0	0	2	0
3	3	165.0	13.0	0	3	0
3	4	173.0	33.0	0	4	0
3	5	306.0	33.0	0	5	0
3	6	437.0	39.0	0	6	2
3	7	296.0	47.0	0	7	0
3	8	130.0	54.0	0	8	0
3	9	192.0	60.0	0	9	3
3	10	423.0	65.0	0	10	4
3	11	365.0	66.0	0	11	0
3	12	203.0	71.0	0	12	3
3	13	432.0	71.0	0	13	4
3	14	87.0	73.0	0	14	0
3	15	190.0	78.0	0	15	3
3	16	187.0	81.0	0	16	3
3	17	191.0	83.0	0	17	3
3	18	378.0	91.0	0	18	5
3	19	350.5	95.0	0	19	5
3	20	283.0	98.0	0	20	0
3	21	353.0	100.0	0	21	5
3	22	138.0	107.0	0	22	0
3	23	392.0	107.0	0	23	0
3	24	188.0	113.0	0	24	0
3	25	482.0	125.0	0	25	6
3	26	486.0	125.0	0	26	6
3	27	23.0	128.0	0	27	7
3	28	448.0	128.0	0	28	6
3	29	399.0	132.0	0	29	10
3	30	19.0	133.0	0	30	8
3	31	236.0	133.0	0	31	0
3	32	171.0	135.0	0	32	0
3	33	341.0	138.0	0	33	9
3	34	360.0	139.0	0	34	9
3	35	45.0	140.0	0	35	7
3	36	229.0	140.0	0	36	0
3	37	344.0	141.0	0	37	9
3	38	240.0	143.0	0	38	0
3	39	345.0	145.0	0	39	9
3	40	491.0	146.0	0	40	6
3	41	258.0	151.0	0	41	0
3	42	405.0	151.0	0	42	10
3	43	5.0	153.0	0	43	8
3	44	298.0	153.0	0	44	11
3	45	402.3333333333333	153.33333333333334	0	45	10
3	46	401.0	155.0	0	46	10
3	47	484.0	157.0	0	47	6
3	48	309.0	159.0	0	48	11
3	49	343.0	159.0	0	49	9
3	50	274.0	161.0	0	50	11
3	51	308.0	163.0	0	51	11
3	52	310.0	163.0	0	52	11
3	53	427.5	163.0	0	53	0
3	54	173.0	168.0	0	54	0
3	55	288.0	170.0	0	55	11
3	56	15.0	172.0	0	56	12
3	57	11.0	177.0	0	57	12
3	58	7.0	178.0	0	58	12
3	59	479.0	184.0	0	59	0
3	60	60.0	193.0	0	60	0
3	61	157.0	194.0	0	61	14
3	62	93.0	199.0	0	62	0
3	63	126.0	199.0	0	63	14
3	64	162.0	203.0	0	64	14
3	65	129.0	205.0	0	65	14
3	66	323.0	205.0	0	66	13
3	67	319.0	208.0	0	67	13
3	68	162.0	209.0	0	68	14
3	69	139.0	210.0	0	69	14
3	70	157.0	210.0	0	70	14
3	71	159.0	210.0	0	71	14
3	72	158.5	214.0	0	72	14
3	73	42.0	218.0	0	73	0
3	74	79.0	218.0	0	74	17
3	75	157.0	218.0	0	75	14
3	76	452.0	219.0	0	76	0
3	77	136.5	220.0	0	77	16
3	78	151.0	223.0	0	78	18
3	79	105.0	224.0	0	79	16
3	80	130.0	225.0	0	80	16
3	81	131.0	227.0	0	81	16
3	82	165.0	227.0	0	82	18
3	83	115.66666666666667	229.33333333333334	0	83	16
3	84	117.0	230.0	0	84	16
3	85	73.5	231.0	0	85	17
3	86	161.0	231.0	0	86	18
3	87	77.0	233.0	0	87	17
3	88	79.0	234.0	0	88	17
3	89	155.0	234.0	0	89	18
3	90	94.0	241.0	0	90	17
3	91	266.5	244.0	0	91	19
3	92	436.0	244.0	0	92	20
3	93	464.0	246.0	0	93	20
3	94	123.0	247.0	0	94	21
3	95	436.0	248.0	0	95	20
3	96	164.0	251.0	0	96	18
3	97	267.5	253.0	0	97	19
3	98	136.5	257.0	0	98	21
3	99	175.0	257.0	0	99	18
3	100	165.5	259.0	0	100	18
3	101	299.5	263.0	0	101	22
3	102	301.0	263.0	0	102	22
3	103	135.5	265.0	0	103	21
3	104	222.0	266.0	0	104	30
3	105	44.0	266.5	0	105	23
3	106	32.0	268.0	0	106	23
3	107	85.0	268.0	0	107	24
3	108	188.0	272.0	0	108	0
3	109	270.5	274.0	0	109	28
3	110	38.0	279.0	0	110	23
3	111	128.0	282.0	0	111	33
3	112	41.0	285.0	0	112	23
3	113	32.0	290.0	0	113	35
3	114	348.5	290.0	0	114	26
3	115	242.0	291.0	0	115	31
3	116	196.0	292.0	0	116	0
3	117	239.0	294.0	0	117	31
3	118	209.0	294.5	0	118	30
3	119	163.0	297.0	0	119	34
3	120	242.0	297.0	0	120	31
3	121	326.0	298.0	0	121	39
3	122	386.0	298.0	0	122	26
3	123	150.0	299.0	0	123	34
3	124	172.0	299.0	0	124	34
3	125	299.0	301.0	0	125	29
3	126	168.0	307.0	0	126	34
3	127	159.0	308.0	0	127	34
3	128	171.0	310.0	0	128	34
3	129	460.0	311.0	0	129	36
3	130	48.0	312.0	0	130	35
3	131	65.0	313.0	0	131	32
3	132	204.0	316.0	0	132	37
3	133	200.0	317.0	0	133	37
3	134	184.0	319.0	0	134	37
3	135	461.5	319.0	0	135	36
3	136	53.0	324.0	0	136	35
3	137	433.0	325.0	0	137	38
3	138	328.0	326.5	0	138	39
3	139	317.0	327.0	0	139	39
3	140	186.5	328.0	0	140	37
3	141	26.0	329.0	0	141	35
3	142	340.0	333.0	0	142	39
3	143	425.0	333.0	0	143	38
3	144	324.0	337.0	0	144	39
3	145	384.0	337.0	0	145	42
3	146	326.5	341.0	0	146	39
3	147	298.0	341.5	0	147	40
3	148	345.0	343.0	0	148	39
3	149	73.0	344.0	0	149	43
3	150	352.5	346.0	0	150	0
3	151	305.5	349.5	0	151	40
3	152	396.0	349.0	0	152	42
3	153	486.0	349.0	0	153	41
3	154	286.0	351.0	0	154	40
3	155	407.5	351.0	0	155	42
3	156	85.0	352.0	0	156	43
3	157	295.0	354.0	0	157	40
3	158	406.0	357.0	0	158	42
3	159	82.0	358.0	0	159	43
3	160	96.0	358.0	0	160	43
3	161	385.0	359.0	0	161	42
3	162	458.5	365.0	0	162	0
3	163	148.0	370.0	0	163	44
3	164	374.5	370.0	0	164	46
3	165	159.0	372.0	0	165	44
3	166	366.0	372.0	0	166	46
3	167	161.0	373.0	0	167	44
3	168	382.0	374.0	0	168	46
3	169	233.0	376.0	0	169	47
3	170	243.0	377.0	0	170	47
3	171	233.5	379.0	0	171	47
3	172	230.0	381.0	0	172	47
3	173	185.0	383.0	0	173	0
3	174	278.0	384.0	0	174	0
3	175	464.0	385.0	0	175	50
3	176	166.0	386.0	0	176	44
3	177	264.0	386.0	0	177	0
3	178	261.0	388.0	0	178	0
3	179	272.0	389.0	0	179	0
3	180	206.0	392.0	0	180	0
3	181	25.0	393.0	0	181	0
3	182	367.0	393.0	0	182	48
3	183	266.0	394.0	0	183	0
3	184	287.0	394.0	0	184	0
3	185	47.0	395.0	0	185	0
3	186	106.0	395.0	0	186	53
3	187	356.0	397.0	0	187	48
3	188	510.5	397.0	0	188	51
3	189	260.0	400.0	0	189	0
3	190	65.0	402.0	0	190	0
3	191	494.0	404.0	0	191	51
3	192	492.0	408.0	0	192	51
3	193	240.0	411.0	0	193	56
3	194	481.0	412.0	0	194	51
3	195	385.0	413.0	0	195	52
3	196	405.5	415.0	0	196	52
3	197	498.0	418.0	0	197	51
3	198	506.0	418.0	0	198	51
3	199	103.0	425.0	0	199	53
3	200	132.5	424.5	0	200	53
3	201	454.5	428.0	0	201	54
3	202	471.0	429.0	0	202	54
3	203	389.0	430.0	0	203	58
3	204	96.0	435.0	0	204	53
3	205	248.0	438.0	0	205	56
3	206	163.0	441.0	0	206	55
3	207	173.0	441.0	0	207	55
3	208	402.0	443.0	0	208	58
3	209	302.5	445.0	0	209	0
3	210	286.5	446.0	0	210	64
3	211	49.0	447.0	0	211	57
3	212	448.0	451.0	0	212	54
3	213	410.0	452.0	0	213	60
3	214	468.0	456.0	0	214	61
3	215	193.0	460.0	0	215	59
3	216	365.0	462.0	0	216	63
3	217	369.0	462.5	0	217	63
3	218	361.0	464.0	0	218	63
3	219	397.0	465.0	0	219	60
3	220	370.0	466.0	0	220	63
3	221	365.5	468.5	0	221	63
3	222	315.0	469.0	0	222	65
3	223	283.0	473.0	0	223	64
3	224	385.0	475.0	0	224	60
3	225	481.0	479.0	0	225	66
3	226	417.0	482.0	0	226	60
3	227	434.8333333333333	483.3333333333333	0	227	66
3	228	439.5	483.0	0	228	67
3	229	448.85714285714283	483.57142857142856	0	229	67
3	230	452.57142857142856	484.4761904761905	0	230	67
3	231	447.42105263157896	486.36842105263156	0	231	67
3	232	434.4	487.6	0	232	67
3	233	486.72	487.84	0	233	68
3	234	492.57142857142856	487.42857142857144	0	234	68
3	235	466.5	488.5	0	235	70
3	236	473.3125	487.5625	0	236	70
3	237	480.82608695652175	488.0	0	237	68
3	238	446.77777777777777	489.5	0	238	67
3	239	453.4	489.04	0	239	67
3	240	438.8125	489.625	0	240	67
3	241	473.75	490.9166666666667	0	241	70
3	242	494.0	493.0	0	242	68
3	243	440.53846153846155	492.9230769230769	0	243	67
3	244	480.5	493.5	0	244	68
3	245	487.5	493.5	0	245	68
3	246	447.7083333333333	493.125	0	246	67
3	247	452.75	493.45	0	247	67
3	248	473.10526315789474	494.42105263157896	0	248	70
3	249	438.85714285714283	495.2857142857143	0	249	67
3	250	467.0232558139535	495.86046511627904	0	250	70
3	251	128.0	496.0	0	251	71
3	252	434.54545454545456	495.6363636363636	0	252	67
3	253	437.0	496.0	0	253	67
3	254	450.0	495.5	0	254	67
3	255	190.0	500.0	0	255	72
3	256	243.0	505.0	0	256	73
3	257	273.0	505.0	0	257	74
3	258	338.5	507.5	0	258	69
4	1	468.0	5.0	0	1	4
4	2	46.0	32.0	0	2	0
4	3	111.0	39.0	0	3	6
4	4	264.0	50.0	0	4	10
4	5	406.0	59.0	0	5	8
4	6	130.0	61.0	0	6	7
4	7	357.0	65.0	0	7	9
4	8	487.0	73.0	0	8	0
4	9	385.0	92.0	0	9	14
4	10	391.5	110.0	0	10	14
4	11	434.0	115.0	0	11	21
4	12	390.0	116.0	0	12	14
4	13	50.0	124.0	0	13	16
4	14	351.0	127.0	0	14	20
4	15	507.0	131.0	0	15	18
4	16	509.0	133.0	0	16	18
4	17	181.0	146.0	0	17	0
4	18	94.5	149.0	0	18	26
4	19	104.0	149.0	0	19	26
4	20	353.0	149.0	0	20	20
4	21	317.5	150.0	0	21	30
4	22	147.0	151.0	0	22	27
4	23	378.0	151.0	0	23	23
4	24	481.0	151.0	0	24	22
4	25	327.0	156.0	0	25	30
4	26	149.5	161.0	0	26	27
4	27	247.0	161.0	0	27	19
4	28	246.0	164.0	0	28	35
4	29	276.0	165.0	0	29	25
4	30	367.0	165.0	0	30	23
4	31	323.0	168.0	0	31	30
4	32	321.0	177.0	0	32	30
4	33	83.0	179.0	0	33	26
4	34	328.0	182.0	0	34	30
4	35	409.0	182.0	0	35	32
4	36	242.5	193.0	0	36	35
4	37	341.0	193.0	0	37	30
4	38	470.0	193.0	0	38	33
4	39	487.0	193.0	0	39	36
4	40	198.5	195.0	0	40	34
4	41	89.0	202.0	0	41	0
4	42	489.0	202.0	0	42	36
4	43	473.0	207.0	0	43	37
4	44	471.0	212.0	0	44	41
4	45	466.0	214.0	0	45	41
4	46	372.0	216.5	0	46	38
4	47	471.0	218.0	0	47	41
4	48	303.0	222.0	0	48	0
4	49	126.5	224.0	0	49	43
4	50	13.0	228.0	0	50	39
4	51	132.33333333333334	230.66666666666666	0	51	43
4	52	130.5	233.5	0	52	43
4	53	308.0	234.0	0	53	0
4	54	475.0	235.0	0	54	42
4	55	241.5	236.0	0	55	45
4	56	481.0	236.0	0	56	42
4	57	249.0	237.0	0	57	45
4	58	501.0	240.0	0	58	49
4	59	134.0	249.0	0	59	43
4	60	54.0	260.25	0	60	0
4	61	451.0	263.0	0	61	51
4	62	458.0	264.0	0	62	51
4	63	309.5	267.0	0	63	52
4	64	310.5	269.0	0	64	52
4	65	306.0	283.0	0	65	52
4	66	323.0	285.0	0	66	60
4	67	192.0	289.0	0	67	68
4	68	333.0	289.0	0	68	60
4	69	371.0	289.0	0	69	65
4	70	93.0	292.0	0	70	63
4	71	372.0	292.0	0	71	65
4	72	374.0	293.0	0	72	65
4	73	15.0	295.0	0	73	54
4	74	50.0	298.0	0	74	63
4	75	149.0	299.0	0	75	67
4	76	133.0	300.0	0	76	67
4	77	139.0	305.0	0	77	67
4	78	322.0	320.0	0	78	70
4	79	413.5	324.0	0	79	72
4	80	482.0	332.0	0	80	73
4	81	136.5	340.0	0	81	77
4	82	14.0	348.0	0	82	0
4	83	35.0	348.0	0	83	78
4	84	230.0	349.0	0	84	76
4	85	251.0	349.0	0	85	76
4	86	400.0	351.0	0	86	81
4	87	409.0	353.0	0	87	81
4	88	453.0	356.0	0	88	82
4	89	375.0	359.0	0	89	79
4	90	180.0	368.0	0	90	0
4	91	246.0	370.0	0	91	84
4	92	145.0	383.0	0	92	85
4	93	223.0	387.0	0	93	89
4	94	230.0	393.0	0	94	89
4	95	300.0	399.0	0	95	90
4	96	423.0	401.0	0	96	91
4	97	94.0	402.0	0	97	94
4	98	336.0	407.0	0	98	96
4	99	470.0	412.0	0	99	97
4	100	396.3333333333333	416.3333333333333	0	100	93
4	101	294.0	429.0	0	101	100
4	102	475.5	431.0	0	102	97
4	103	343.0	432.0	0	103	101
4	104	415.5	440.0	0	104	105
4	105	217.0	441.0	0	105	109
4	106	117.0	454.0	0	106	0
4	107	308.0	459.0	0	107	108
4	108	434.0	459.0	0	108	107
4	109	63.333333333333336	462.3333333333333	0	109	0
4	110	439.0	464.0	0	110	107
4	111	203.0	465.0	0	111	109
4	112	343.0	467.0	0	112	106
4	113	203.0	470.0	0	113	109
4	114	204.0	474.0	0	114	109
4	115	434.8333333333333	483.3333333333333	0	115	110
4	116	439.5	483.0	0	116	112
4	117	448.85714285714283	483.57142857142856	0	117	112
4	118	452.4375	483.9375	0	118	112
4	119	447.42105263157896	486.36842105263156	0	119	112
4	120	434.4	487.6	0	120	110
4	121	486.57142857142856	487.42857142857144	0	121	111
4	122	492.57142857142856	487.42857142857144	0	122	111
4	123	466.5	488.5	0	123	111
4	124	473.5	488.0	0	124	111
4	125	480.82608695652175	488.0	0	125	111
4	126	446.77777777777777	489.5	0	126	112
4	127	453.3333333333333	488.56666666666666	0	127	112
4	128	438.8125	489.625	0	128	112
4	129	494.0	493.0	0	129	111
4	130	440.53846153846155	492.9230769230769	0	130	112
4	131	480.5	493.5	0	131	111
4	132	487.5	493.0	0	132	111
4	133	447.7083333333333	493.125	0	133	112
4	134	452.75	493.45	0	134	112
4	135	473.22222222222223	493.55555555555554	0	135	111
4	136	438.85714285714283	495.2857142857143	0	136	112
4	137	467.0232558139535	495.86046511627904	0	137	111
4	138	434.54545454545456	495.6363636363636	0	138	110
4	139	437.0	496.0	0	139	112
4	140	450.0	495.5	0	140	112
5	1	309.0	3.0	0	1	1
5	2	133.0	10.0	0	2	6
5	3	183.0	12.0	0	3	0
5	4	378.0	12.0	0	4	2
5	5	142.5	19.0	0	5	6
5	6	113.0	24.0	0	6	6
5	7	378.3333333333333	31.666666666666668	0	7	2
5	8	93.0	41.0	0	8	11
5	9	366.0	42.0	0	9	0
5	10	282.0	56.0	0	10	13
5	11	249.0	63.0	0	11	13
5	12	375.5	82.5	0	12	17
5	13	443.0	95.0	0	13	15
5	14	369.0	100.0	0	14	17
5	15	383.0	113.0	0	15	21
5	16	7.0	115.0	0	16	20
5	17	217.0	115.0	0	17	22
5	18	48.0	121.0	0	18	23
5	19	259.5	123.0	0	19	0
5	20	155.0	134.0	0	20	0
5	21	292.0	144.0	0	21	30
5	22	318.0	163.0	0	22	30
5	23	185.0	167.0	0	23	27
5	24	243.0	169.0	0	24	35
5	25	328.0	171.0	0	25	30
5	26	218.0	177.0	0	26	35
5	27	427.0	177.0	0	27	33
5	28	446.6666666666667	176.66666666666666	0	28	34
5	29	503.0	180.0	0	29	40
5	30	242.0	182.0	0	30	35
5	31	149.5	183.0	0	31	37
5	32	221.0	188.0	0	32	35
5	33	372.0	206.0	0	33	39
5	34	269.6666666666667	217.66666666666666	0	34	43
5	35	92.0	222.0	0	35	0
5	36	203.0	222.0	0	36	45
5	37	474.5	226.0	0	37	40
5	38	370.5	241.0	0	38	48
5	39	367.5	251.0	0	39	48
5	40	307.0	256.0	0	40	50
5	41	240.0	260.0	0	41	58
5	42	208.0	285.0	0	42	55
5	43	289.0	286.0	0	43	59
5	44	467.0	288.0	0	44	57
5	45	507.0	289.0	0	45	0
5	46	407.0	302.0	0	46	65
5	47	56.0	303.0	0	47	56
5	48	134.0	312.0	0	48	0
5	49	186.0	315.0	0	49	63
5	50	115.0	324.0	0	50	72
5	51	463.0	326.0	0	51	68
5	52	338.0	331.0	0	52	0
5	53	454.0	346.0	0	53	68
5	54	135.5	347.0	0	54	74
5	55	196.0	356.0	0	55	70
5	56	177.0	360.0	0	56	78
5	57	274.0	360.0	0	57	69
5	58	132.0	362.0	0	58	74
5	59	58.0	363.5	0	59	79
5	60	439.5	364.0	0	60	73
5	61	126.0	375.0	0	61	74
5	62	165.0	384.0	0	62	78
5	63	459.5	386.0	0	63	81
5	64	183.5	388.0	0	64	78
5	65	161.0	407.0	0	65	88
5	66	228.0	408.0	0	66	85
5	67	149.0	414.0	0	67	87
5	68	151.0	415.0	0	68	87
5	69	485.0	420.0	0	69	91
5	70	478.0	422.0	0	70	91
5	71	77.66666666666667	428.6666666666667	0	71	86
5	72	373.5	431.0	0	72	93
5	73	151.0	433.0	0	73	87
5	74	362.0	442.0	0	74	93
5	75	459.0	445.0	0	75	98
5	76	402.5	455.0	0	76	0
5	77	168.0	477.5	0	77	106
5	78	179.0	477.0	0	78	106
5	79	161.0	478.0	0	79	106
5	80	170.5	480.0	0	80	106
5	81	173.5	482.0	0	81	106
5	82	434.8333333333333	483.3333333333333	0	82	104
5	83	439.5	483.0	0	83	104
5	84	448.85714285714283	483.57142857142856	0	84	107
5	85	452.57142857142856	484.4761904761905	0	85	107
5	86	447.42105263157896	486.36842105263156	0	86	107
5	87	434.4	487.6	0	87	104
5	88	486.72	487.84	0	88	109
5	89	492.57142857142856	487.42857142857144	0	89	109
5	90	466.5	488.5	0	90	110
5	91	480.82608695652175	488.0	0	91	109
5	92	446.77777777777777	489.5	0	92	107
5	93	453.4	489.04	0	93	107
5	94	473.5	488.5	0	94	110
5	95	438.8125	489.625	0	95	104
5	96	494.0	493.0	0	96	109
5	97	440.53846153846155	492.9230769230769	0	97	104
5	98	480.5	493.5	0	98	109
5	99	487.5	493.5	0	99	109
5	100	447.7083333333333	493.125	0	100	107
5	101	452.75	493.45	0	101	107
5	102	473.17391304347825	494.0	0	102	110
5	103	438.85714285714283	495.2857142857143	0	103	104
5	104	467.0232558139535	495.86046511627904	0	104	110
5	105	434.54545454545456	495.6363636363636	0	105	104
5	106	437.0	496.0	0	106	104
5	107	450.0	495.5	0	107	107
5	108	213.0	497.0	0	108	111
5	109	242.0	498.0	0	109	111
5	110	149.0	501.0	0	110	0
5	111	375.0	502.0	0	111	0
6	1	357.0	0.0	0	1	4
6	2	443.0	1.0	0	2	3
6	3	188.0	2.0	0	3	5
6	4	403.0	5.0	0	4	0
6	5	367.0	6.0	0	5	4
6	6	193.0	8.5	0	6	5
6	7	195.5	9.0	0	7	5
6	8	191.0	10.0	0	8	5
6	9	200.0	10.0	0	9	5
6	10	303.0	11.0	0	10	1
6	11	422.5	11.0	0	11	2
6	12	278.2	16.6	0	12	0
6	13	185.0	30.0	0	13	5
6	14	189.0	33.0	0	14	7
6	15	163.5	34.0	0	15	6
6	16	197.5	35.0	0	16	7
6	17	309.0	36.0	0	17	9
6	18	305.0	38.0	0	18	9
6	19	216.0	39.0	0	19	7
6	20	201.0	45.0	0	20	7
6	21	167.0	46.0	0	21	6
6	22	320.0	49.0	0	22	9
6	23	159.0	52.0	0	23	6
6	24	145.0	53.0	0	24	6
6	25	174.33333333333334	56.333333333333336	0	25	11
6	26	161.0	59.0	0	26	11
6	27	322.0	59.0	0	27	9
6	28	207.5	61.0	0	28	7
6	29	150.5	64.0	0	29	10
6	30	148.0	65.0	0	30	10
6	31	144.0	67.0	0	31	10
6	32	327.0	68.0	0	32	9
6	33	146.0	72.0	0	33	10
6	34	330.0	72.0	0	34	9
6	35	106.0	73.0	0	35	12
6	36	211.0	74.0	0	36	0
6	37	318.0	74.5	0	37	9
6	38	168.5	75.0	0	38	11
6	39	360.5	77.0	0	39	13
6	40	281.0	78.0	0	40	0
6	41	451.0	78.0	0	41	14
6	42	360.0	79.0	0	42	13
6	43	367.0	79.0	0	43	13
6	44	133.0	81.0	0	44	10
6	45	129.0	82.0	0	45	10
6	46	113.0	83.0	0	46	12
6	47	378.5	83.0	0	47	13
6	48	382.0	84.0	0	48	13
6	49	432.0	84.0	0	49	14
6	50	312.0	86.0	0	50	9
6	51	385.0	86.0	0	51	13
6	52	93.0	87.0	0	52	12
6	53	359.5	88.0	0	53	13
6	54	120.0	89.0	0	54	12
6	55	148.0	89.0	0	55	15
6	56	97.5	91.0	0	56	12
6	57	118.0	93.0	0	57	12
6	58	106.0	95.0	0	58	12
6	59	109.0	96.0	0	59	12
6	60	438.5	97.5	0	60	14
6	61	119.0	99.0	0	61	16
6	62	159.0	99.0	0	62	15
6	63	463.0	100.0	0	63	14
6	64	24.0	101.0	0	64	0
6	65	67.0	102.0	0	65	0
6	66	442.0	103.0	0	66	14
6	67	348.0	111.0	0	67	0
6	68	155.0	112.0	0	68	15
6	69	139.0	113.0	0	69	15
6	70	122.0	116.0	0	70	16
6	71	141.0	116.0	0	71	15
6	72	454.0	117.0	0	72	0
6	73	147.0	119.0	0	73	15
6	74	133.5	121.0	0	74	16
6	75	143.0	123.0	0	75	16
6	76	128.5	124.0	0	76	16
6	77	123.0	130.0	0	77	16
6	78	142.0	134.0	0	78	16
6	79	126.0	135.0	0	79	16
6	80	160.0	136.0	0	80	0
6	81	144.0	137.0	0	81	16
6	82	134.0	138.0	0	82	16
6	83	135.0	143.0	0	83	16
6	84	111.0	145.0	0	84	0
6	85	372.0	148.0	0	85	0
6	86	289.0	150.0	0	86	0
6	87	421.0	153.0	0	87	0
6	88	249.0	155.0	0	88	0
6	89	453.0	169.0	0	89	0
6	90	473.3333333333333	169.66666666666666	0	90	19
6	91	348.0	173.0	0	91	17
6	92	364.0	174.0	0	92	17
6	93	423.0	177.0	0	93	18
6	94	336.0	178.0	0	94	17
6	95	458.0	178.0	0	95	19
6	96	364.0	180.0	0	96	17
6	97	362.0	181.0	0	97	17
6	98	24.0	182.0	0	98	0
6	99	351.0	182.0	0	99	17
6	100	481.0	182.0	0	100	19
6	101	434.0	183.0	0	101	21
6	102	446.0	183.0	0	102	22
6	103	50.0	185.0	0	103	0
6	104	158.0	186.0	0	104	20
6	105	368.0	186.0	0	105	17
6	106	450.0	186.0	0	106	22
6	107	471.5	186.5	0	107	19
6	108	153.0	187.0	0	108	20
6	109	175.0	187.0	0	109	20
6	110	358.0	188.0	0	110	17
6	111	450.0	188.0	0	111	22
6	112	163.5	189.0	0	112	20
6	113	168.0	189.0	0	113	20
6	114	152.0	190.0	0	114	20
6	115	157.0	191.0	0	115	20
6	116	159.0	191.0	0	116	20
6	117	164.66666666666666	191.66666666666666	0	117	20
6	118	370.0	191.0	0	118	17
6	119	478.0	191.0	0	119	19
6	120	459.0	192.0	0	120	22
6	121	410.0	193.0	0	121	18
6	122	418.5	193.0	0	122	21
6	123	164.5	194.0	0	123	20
6	124	445.0	194.0	0	124	22
6	125	155.0	195.0	0	125	20
6	126	167.0	195.0	0	126	20
6	127	173.0	195.0	0	127	20
6	128	164.5	196.5	0	128	20
6	129	361.6666666666667	196.66666666666666	0	129	17
6	130	420.0	196.0	0	130	21
6	131	461.0	196.0	0	131	19
6	132	177.0	197.0	0	132	20
6	133	433.0	197.0	0	133	22
6	134	362.5	198.5	0	134	17
6	135	417.0	199.0	0	135	21
6	136	419.0	199.0	0	136	21
6	137	156.5	200.0	0	137	20
6	138	460.0	200.0	0	138	22
6	139	108.0	201.0	0	139	23
6	140	135.0	201.0	0	140	23
6	141	255.0	201.0	0	141	0
6	142	402.0	201.0	0	142	24
6	143	418.0	203.0	0	143	21
6	144	107.0	204.5	0	144	23
6	145	410.0	206.0	0	145	21
6	146	92.0	207.0	0	146	23
6	147	407.0	207.0	0	147	21
6	148	431.0	207.0	0	148	22
6	149	114.5	208.0	0	149	23
6	150	427.0	210.0	0	150	22
6	151	449.0	211.0	0	151	22
6	152	98.0	212.0	0	152	23
6	153	95.0	213.0	0	153	23
6	154	426.0	214.0	0	154	22
6	155	437.5	216.0	0	155	22
6	156	455.0	216.0	0	156	22
6	157	399.0	217.0	0	157	24
6	158	435.0	218.0	0	158	22
6	159	502.5	220.0	0	159	0
6	160	6.0	221.5	0	160	25
6	161	15.0	223.0	0	161	25
6	162	247.0	226.0	0	162	26
6	163	255.0	228.0	0	163	26
6	164	243.0	230.0	0	164	26
6	165	254.0	232.0	0	165	26
6	166	8.0	233.0	0	166	25
6	167	22.0	235.0	0	167	25
6	168	244.0	235.0	0	168	26
6	169	60.0	236.0	0	169	0
6	170	503.0	237.0	0	170	0
6	171	9.0	238.0	0	171	25
6	172	16.0	238.0	0	172	25
6	173	242.0	240.0	0	173	26
6	174	462.0	245.0	0	174	27
6	175	506.0	246.0	0	175	0
6	176	262.0	248.0	0	176	26
6	177	265.0	248.0	0	177	26
6	178	263.0	250.0	0	178	26
6	179	255.0	251.0	0	179	26
6	180	510.0	252.0	0	180	0
6	181	30.5	254.0	0	181	0
6	182	256.0	255.0	0	182	26
6	183	433.0	255.0	0	183	28
6	184	11.0	256.0	0	184	25
6	185	247.5	257.5	0	185	26
6	186	253.0	257.0	0	186	26
6	187	426.0	260.0	0	187	28
6	188	91.0	262.0	0	188	30
6	189	449.0	263.0	0	189	27
6	190	248.5	264.0	0	190	26
6	191	428.0	264.0	0	191	28
6	192	450.0	266.0	0	192	27
6	193	95.0	267.0	0	193	30
6	194	406.0	267.0	0	194	0
6	195	424.0	268.0	0	195	28
6	196	137.0	269.0	0	196	33
6	197	300.0	269.0	0	197	29
6	198	455.0	270.0	0	198	27
6	199	137.0	271.0	0	199	33
6	200	250.0	272.0	0	200	26
6	201	297.0	272.0	0	201	29
6	202	300.0	271.5	0	202	29
6	203	511.0	273.0	0	203	32
6	204	94.0	275.0	0	204	30
6	205	103.0	274.5	0	205	30
6	206	109.0	275.0	0	206	30
6	207	236.0	276.0	0	207	0
6	208	316.0	276.0	0	208	29
6	209	106.5	277.5	0	209	30
6	210	297.0	278.0	0	210	29
6	211	315.0	278.0	0	211	29
6	212	447.0	278.0	0	212	27
6	213	103.0	279.5	0	213	30
6	214	434.0	279.0	0	214	28
6	215	105.0	280.0	0	215	30
6	216	323.0	281.0	0	216	29
6	217	314.0	282.0	0	217	29
6	218	431.0	283.0	0	218	31
6	219	427.0	285.0	0	219	31
6	220	424.0	287.0	0	220	31
6	221	499.0	287.0	0	221	32
6	222	141.0	288.0	0	222	33
6	223	294.0	288.5	0	223	29
6	224	126.0	289.0	0	224	30
6	225	443.0	289.0	0	225	31
6	226	292.0	290.0	0	226	29
6	227	294.5	290.5	0	227	29
6	228	86.0	292.0	0	228	30
6	229	113.5	292.0	0	229	30
6	230	213.0	294.0	0	230	34
6	231	303.0	294.0	0	231	29
6	232	459.0	294.0	0	232	31
6	233	215.0	295.0	0	233	34
6	234	482.0	296.0	0	234	32
6	235	30.0	297.0	0	235	0
6	236	207.0	297.0	0	236	34
6	237	138.0	303.0	0	237	33
6	238	448.0	303.0	0	238	31
6	239	487.0	303.0	0	239	32
6	240	300.0	305.0	0	240	35
6	241	151.0	306.0	0	241	33
6	242	200.0	306.0	0	242	34
6	243	209.0	306.0	0	243	34
6	244	218.0	306.0	0	244	34
6	245	227.0	306.0	0	245	34
6	246	425.0	306.0	0	246	38
6	247	153.0	307.0	0	247	33
6	248	203.0	307.0	0	248	34
6	249	212.0	307.0	0	249	34
6	250	408.0	307.0	0	250	38
6	251	151.0	308.0	0	251	33
6	252	307.0	308.6666666666667	0	252	35
6	253	0.5	309.5	0	253	0
6	254	148.5	309.5	0	254	33
6	255	299.0	309.0	0	255	35
6	256	304.5	309.5	0	256	35
6	257	219.0	310.0	0	257	34
6	258	428.0	310.0	0	258	38
6	259	2.0	311.0	0	259	0
6	260	10.5	312.5	0	260	0
6	261	151.5	312.0	0	261	33
6	262	206.0	312.0	0	262	34
6	263	301.0	312.0	0	263	35
6	264	358.0	313.0	0	264	0
6	265	103.0	314.0	0	265	37
6	266	319.0	314.0	0	266	35
6	267	200.0	316.0	0	267	34
6	268	304.0	316.0	0	268	35
6	269	54.0	317.0	0	269	0
6	270	204.0	318.0	0	270	34
6	271	420.0	320.0	0	271	38
6	272	405.0	321.0	0	272	38
6	273	12.5	323.0	0	273	0
6	274	329.0	323.0	0	274	35
6	275	477.0	323.0	0	275	36
6	276	287.0	323.5	0	276	39
6	277	442.0	324.0	0	277	36
6	278	448.0	324.75	0	278	36
6	279	154.0	326.0	0	279	33
6	280	272.0	326.0	0	280	39
6	281	302.0	326.0	0	281	39
6	282	415.0	326.0	0	282	38
6	283	5.0	327.0	0	283	0
6	284	105.0	328.0	0	284	37
6	285	442.5	328.0	0	285	36
6	286	450.5	328.0	0	286	36
6	287	393.0	329.0	0	287	40
6	288	285.5	330.0	0	288	39
6	289	415.5	331.5	0	289	38
6	290	388.5	332.0	0	290	40
6	291	383.0	334.0	0	291	40
6	292	385.0	334.0	0	292	40
6	293	58.0	337.0	0	293	0
6	294	317.0	337.0	0	294	35
6	295	318.0	339.0	0	295	35
6	296	296.0	340.0	0	296	39
6	297	8.0	341.0	0	297	41
6	298	306.0	341.0	0	298	39
6	299	30.0	346.0	0	299	41
6	300	390.0	346.0	0	300	40
6	301	45.0	347.0	0	301	41
6	302	353.0	347.0	0	302	42
6	303	403.5	347.0	0	303	40
6	304	21.0	350.5	0	304	41
6	305	418.0	351.0	0	305	40
6	306	369.0	353.0	0	306	42
6	307	393.0	355.0	0	307	40
6	308	359.5	356.0	0	308	42
6	309	408.0	356.0	0	309	40
6	310	338.0	357.0	0	310	42
6	311	363.0	357.0	0	311	42
6	312	343.0	358.0	0	312	42
6	313	336.0	359.0	0	313	42
6	314	414.5	360.0	0	314	40
6	315	492.0	361.0	0	315	0
6	316	353.5	363.0	0	316	42
6	317	379.0	363.0	0	317	42
6	318	331.0	365.0	0	318	42
6	319	402.0	366.0	0	319	40
6	320	343.0	369.0	0	320	42
6	321	341.5	371.5	0	321	42
6	322	250.0	373.0	0	322	0
6	323	354.0	374.0	0	323	42
6	324	33.5	376.0	0	324	43
6	325	479.5	377.0	0	325	44
6	326	350.0	378.0	0	326	42
6	327	48.0	380.0	0	327	43
6	328	65.0	381.0	0	328	43
6	329	409.0	383.0	0	329	45
6	330	54.0	384.0	0	330	43
6	331	480.0	384.0	0	331	44
6	332	488.3333333333333	385.6666666666667	0	332	44
6	333	470.0	386.0	0	333	44
6	334	409.0	387.0	0	334	45
6	335	263.0	389.0	0	335	46
6	336	277.0	389.0	0	336	46
6	337	61.0	390.0	0	337	43
6	338	487.0	390.0	0	338	44
6	339	274.0	391.0	0	339	46
6	340	349.0	393.0	0	340	0
6	341	450.0	393.0	0	341	0
6	342	225.0	394.0	0	342	48
6	343	228.0	394.0	0	343	48
6	344	343.0	399.0	0	344	50
6	345	390.5	399.5	0	345	45
6	346	75.0	401.0	0	346	47
6	347	494.0	401.0	0	347	44
6	348	39.0	402.0	0	348	43
6	349	437.0	402.0	0	349	0
6	350	98.0	403.0	0	350	49
6	351	261.0	403.0	0	351	46
6	352	263.5	403.0	0	352	46
6	353	48.0	405.0	0	353	43
6	354	110.0	405.0	0	354	49
6	355	283.0	405.0	0	355	46
6	356	382.0	405.0	0	356	45
6	357	386.0	406.0	0	357	45
6	358	256.5	409.5	0	358	46
6	359	260.0	409.5	0	359	46
6	360	97.0	410.0	0	360	49
6	361	339.0	411.0	0	361	50
6	362	337.0	412.0	0	362	50
6	363	231.0	413.0	0	363	48
6	364	258.0	413.0	0	364	46
6	365	115.0	414.0	0	365	49
6	366	138.0	414.0	0	366	0
6	367	229.0	417.0	0	367	48
6	368	226.0	418.0	0	368	48
6	369	244.0	420.5	0	369	48
6	370	340.5	420.0	0	370	50
6	371	352.0	420.0	0	371	50
6	372	371.0	420.0	0	372	50
6	373	99.0	421.0	0	373	49
6	374	108.5	421.0	0	374	49
6	375	349.0	422.0	0	375	50
6	376	213.0	423.0	0	376	48
6	377	381.0	424.0	0	377	50
6	378	349.0	425.5	0	378	50
6	379	358.2	424.0	0	379	50
6	380	400.0	429.0	0	380	0
6	381	343.0	430.0	0	381	50
6	382	361.0	430.0	0	382	50
6	383	115.0	431.0	0	383	49
6	384	454.0	435.0	0	384	0
6	385	111.0	436.0	0	385	49
6	386	56.0	437.0	0	386	51
6	387	68.0	437.0	0	387	51
6	388	116.0	438.0	0	388	49
6	389	200.0	461.0	0	389	53
6	390	203.5	466.5	0	390	53
6	391	368.0	467.0	0	391	0
6	392	61.0	468.0	0	392	52
6	393	226.66666666666666	472.6666666666667	0	393	53
6	394	211.5	479.5	0	394	53
6	395	434.8333333333333	483.3333333333333	0	395	55
6	396	439.5	483.0	0	396	55
6	397	448.85714285714283	483.57142857142856	0	397	55
6	398	452.57142857142856	484.4761904761905	0	398	55
6	399	447.42105263157896	486.36842105263156	0	399	55
6	400	434.4	487.6	0	400	55
6	401	486.72	487.84	0	401	56
6	402	492.57142857142856	487.42857142857144	0	402	56
6	403	466.5	488.5	0	403	57
6	404	480.82608695652175	488.0	0	404	56
6	405	446.77777777777777	489.5	0	405	55
6	406	453.4	489.04	0	406	55
6	407	473.5	488.5	0	407	57
6	408	438.8125	489.625	0	408	55
6	409	494.0	493.0	0	409	56
6	410	440.53846153846155	492.9230769230769	0	410	55
6	411	480.5	493.5	0	411	56
6	412	487.5	493.5	0	412	56
6	413	447.7083333333333	493.125	0	413	55
6	414	452.75	493.45	0	414	55
6	415	473.17391304347825	494.0	0	415	57
6	416	261.0	495.0	0	416	0
6	417	438.85714285714283	495.2857142857143	0	417	55
6	418	467.0232558139535	495.86046511627904	0	418	57
6	419	434.54545454545456	495.6363636363636	0	419	55
6	420	437.0	496.0	0	420	55
6	421	450.0	495.5	0	421	55
6	422	457.0	502.0	0	422	55
6	423	271.0	508.0	0	423	0
