ImageNumber	ObjectNumber	Children_Cells_Count	Location_Center_X	Location_Center_Y	Location_Center_Z	Number_Object_Number
1	1	1	137.17808219178082	4.17351598173516	0	1
1	2	1	301.8831168831169	4.965367965367966	0	2
1	3	1	451.31779661016947	5.995762711864407	0	3
1	4	1	112.02057613168725	6.8353909465020575	0	4
1	5	1	25.094827586206897	6.629310344827586	0	5
1	6	1	413.7522658610272	11.625377643504532	0	6
1	7	1	279.70540540540543	11.275675675675675	0	7
1	8	1	5.915254237288136	19.03728813559322	0	8
1	9	1	338.01785714285717	20.014880952380953	0	9
1	10	1	476.5604719764012	22.551622418879056	0	10
1	11	1	73.16455696202532	28.936708860759495	0	11
1	12	1	502.17066666666665	32.37866666666667	0	12
1	13	1	237.0054054054054	33.67567567567568	0	13
1	14	1	186.12827988338194	46.13411078717201	0	14
1	15	1	214.12745098039215	44.07516339869281	0	15
1	16	1	25.87248322147651	54.241610738255034	0	16
1	17	1	149.2295081967213	54.170491803278686	0	17
1	18	1	97.02978723404256	54.0468085106383	0	18
1	19	1	42.5366568914956	59.287390029325515	0	19
1	20	1	76.13513513513513	59.46718146718147	0	20
1	21	1	286.246719160105	62.35958005249344	0	21
1	22	1	105.21574344023324	70.0932944606414	0	22
1	23	1	11.382513661202186	71.09289617486338	0	23
1	24	1	351.2857142857143	70.61904761904762	0	24
1	25	1	138.30693069306932	70.97359735973598	0	25
1	26	1	164.0936329588015	74.32209737827715	0	26
1	27	1	401.59294871794873	72.30448717948718	0	27
1	28	1	281.25555555555553	81.63333333333334	0	28
1	29	1	249.1078066914498	80.92193308550186	0	29
1	30	1	387.52244897959184	82.51428571428572	0	30
1	31	1	482.0278637770898	84.47678018575851	0	31
1	32	1	66.01914414414415	84.09234234234235	0	32
1	33	1	328.63436123348015	86.53744493392071	0	33
1	34	1	186.46357615894038	97.20529801324503	0	34
1	35	1	213.8467336683417	104.55527638190955	0	35
1	36	1	152.5609756097561	104.42857142857143	0	36
1	37	1	131.93083573487033	114.38616714697406	0	37
1	38	1	437.3543859649123	108.8280701754386	0	38
1	39	1	109.07038123167156	113.35483870967742	0	39
1	40	1	344.009009009009	114.25525525525525	0	40
1	41	1	371.5296052631579	112.81907894736842	0	41
1	42	1	274.431906614786	117.93774319066148	0	42
1	43	1	310.75714285714287	121.94285714285714	0	43
1	44	1	395.5407407407407	122.05185185185185	0	44
1	45	1	6.546391752577319	128.8487972508591	0	45
1	46	1	169.56420233463035	129.59143968871595	0	46
1	47	1	210.572	135.088	0	47
1	48	1	145.87372013651878	145.83617747440272	0	48
1	49	1	496.494623655914	141.6236559139785	0	49
1	50	1	84.41379310344827	149.22758620689655	0	50
1	51	1	49.7479674796748	151.9268292682927	0	51
1	52	1	224.70491803278688	154.35081967213114	0	52
1	53	1	405.2746913580247	155.2006172839506	0	53
1	54	1	380.9961832061069	155.05725190839695	0	54
1	55	1	444.04794520547944	164.87328767123287	0	55
1	56	1	313.4967320261438	171.4281045751634	0	56
1	57	1	353.5882352941176	168.41176470588235	0	57
1	58	1	12.722826086956522	171.23097826086956	0	58
1	59	1	57.56870229007634	171.54961832061068	0	59
1	60	1	84.11129568106313	175.72093023255815	0	60
1	61	1	464.2779661016949	180.92203389830507	0	61
1	62	1	136.86547085201795	179.15844544095665	0	62
1	63	1	372.6782945736434	182.5503875968992	0	63
1	64	1	193.58024691358025	192.39506172839506	0	64
1	65	1	168.88737201365188	190.1023890784983	0	65
1	66	1	248.4894894894895	194.52252252252254	0	66
1	67	1	285.83102143757884	186.29003783102144	0	67
1	68	1	489.91726618705036	198.4388489208633	0	68
1	69	1	212.85477178423236	202.6265560165975	0	69
1	70	1	329.22522522522524	205.57357357357358	0	70
1	71	1	408.7416666666667	213.0625	0	71
1	72	1	150.0814332247557	222.78501628664495	0	72
1	73	1	77.85765124555161	224.53024911032028	0	73
1	74	1	178.8074074074074	221.72962962962964	0	74
1	75	1	332.8217270194986	230.81615598885793	0	75
1	76	1	398.3953488372093	230.77906976744185	0	76
1	77	1	54.76946107784431	230.18562874251498	0	77
1	78	1	99.24199288256227	231.91814946619218	0	78
1	79	1	463.23297491039426	237.91039426523298	0	79
1	80	1	40.62459546925567	238.042071197411	0	80
1	81	1	253.09722222222223	243.85069444444446	0	81
1	82	1	410.11764705882354	248.98930481283423	0	82
1	83	1	498.75916230366494	252.20942408376965	0	83
1	84	1	363.45723684210526	257.61842105263156	0	84
1	85	1	33.8469387755102	258.5357142857143	0	85
1	86	1	61.19753086419753	256.82716049382714	0	86
1	87	1	227.369918699187	258.8008130081301	0	87
1	88	1	307.5230125523013	259.0836820083682	0	88
1	89	1	136.98275862068965	261.2487684729064	0	89
1	90	1	428.6455223880597	260.88432835820896	0	90
1	91	1	391.83798882681566	264.2513966480447	0	91
1	92	1	275.8255033557047	270.0134228187919	0	92
1	93	1	468.57458563535914	272.0662983425414	0	93
1	94	1	289.64132553606237	279.12475633528265	0	94
1	95	1	135.1038062283737	283.05190311418687	0	95
1	96	1	160.84341637010675	281.1067615658363	0	96
1	97	1	336.8544776119403	283.63432835820896	0	97
1	98	1	48.32561728395062	281.30864197530866	0	98
1	99	1	412.31380753138075	289.60669456066944	0	99
1	100	1	370.09019607843135	289.42745098039217	0	100
1	101	1	84.12058823529412	293.26176470588234	0	101
1	102	1	203.0230179028133	295.1943734015345	0	102
1	103	1	436.31868131868134	295.9230769230769	0	103
1	104	1	35.379710144927536	300.84927536231885	0	104
1	105	1	114.85907859078591	297.2818428184282	0	105
1	106	1	246.26268656716417	297.82089552238807	0	106
1	107	1	480.80397727272725	307.47159090909093	0	107
1	108	1	221.63711911357342	312.8836565096953	0	108
1	109	1	447.9738219895288	308.6544502617801	0	109
1	110	1	144.91784702549575	312.4362606232295	0	110
1	111	1	308.7095588235294	313.88235294117646	0	111
1	112	1	342.4130434782609	314.0	0	112
1	113	1	377.60227272727275	333.79924242424244	0	113
1	114	1	112.67637540453075	334.5210355987055	0	114
1	115	1	10.468656716417911	335.089552238806	0	115
1	116	1	175.46644295302013	337.2046979865772	0	116
1	117	1	63.48989898989899	339.969696969697	0	117
1	118	1	204.98979591836735	340.78231292517006	0	118
1	119	1	244.8160535117057	344.82608695652175	0	119
1	120	1	324.5473372781065	348.4112426035503	0	120
1	121	1	48.441489361702125	350.50531914893617	0	121
1	122	1	479.9887892376682	350.9887892376682	0	122
1	123	1	267.1532033426184	352.7966573816156	0	123
1	124	1	120.60260586319218	355.08794788273616	0	124
1	125	1	186.54545454545453	357.1090909090909	0	125
1	126	1	465.5949119373777	373.83757338551857	0	126
1	127	1	94.45703125	377.82421875	0	127
1	128	1	268.4646464646465	378.76262626262627	0	128
1	129	1	319.6307692307692	383.5	0	129
1	130	1	232.8519855595668	383.71119133574007	0	130
1	131	1	132.94354838709677	390.9005376344086	0	131
1	132	1	196.1891891891892	391.1867321867322	0	132
1	133	1	19.98952879581152	394.62041884816756	0	133
1	134	1	157.29779411764707	395.13235294117646	0	134
1	135	1	339.0232558139535	397.3542039355993	0	135
1	136	1	60.08031088082902	402.3911917098446	0	136
1	137	1	284.8095238095238	404.25396825396825	0	137
1	138	1	355.258064516129	406.133064516129	0	138
1	139	1	219.7379518072289	406.5421686746988	0	139
1	140	1	391.18387096774194	408.258064516129	0	140
1	141	1	135.52238805970148	413.39925373134326	0	141
1	142	1	267.2159468438538	414.89700996677743	0	142
1	143	1	331.6378205128205	421.56089743589746	0	143
1	144	1	222.0084388185654	426.0337552742616	0	144
1	145	1	90.75890410958904	427.27671232876713	0	145
1	146	1	191.44277108433735	433.5240963855422	0	146
1	147	1	69.43915343915344	437.70899470899474	0	147
1	148	1	156.3215859030837	438.07929515418505	0	148
1	149	1	367.7972972972973	442.04954954954957	0	149
1	150	1	127.75471698113208	444.93261455525607	0	150
1	151	1	332.8906882591093	444.97975708502025	0	151
1	152	1	386.07766990291265	450.5485436893204	0	152
1	153	1	112.54418604651163	454.0	0	153
1	154	1	221.4136690647482	453.2230215827338	0	154
1	155	1	503.1304347826087	455.70186335403724	0	155
1	156	1	27.661137440758292	455.478672985782	0	156
1	157	1	77.18099547511312	455.21719457013575	0	157
1	158	1	245.3913043478261	454.94685990338166	0	158
1	159	1	146.09652509652508	459.003861003861	0	159
1	160	1	205.96517412935324	464.51741293532336	0	160
1	161	1	179.64197530864197	463.0308641975309	0	161
1	162	1	162.44905660377358	469.51698113207544	0	162
1	163	1	372.70506912442397	473.6958525345622	0	163
1	164	1	456.6	474.5134020618557	0	164
1	165	1	242.11274509803923	476.30392156862746	0	165
1	166	1	132.85780525502318	484.27357032457496	0	166
1	167	1	187.45744680851064	481.6666666666667	0	167
1	168	1	437.3401162790698	489.0348837209302	0	168
1	169	1	54.25787965616046	494.31232091690543	0	169
1	170	1	359.2723004694836	495.6056338028169	0	170
1	171	1	205.21929824561403	494.98538011695905	0	171
1	172	1	481.63963963963965	495.59234234234236	0	172
2	1	1	118.42008196721312	8.549180327868852	0	1
2	2	1	162.01818181818183	5.245454545454545	0	2
2	3	1	13.522851919561242	31.608775137111518	0	3
2	4	1	147.30578512396696	37.029752066115705	0	4
2	5	1	344.1517771373679	45.10182516810759	0	5
2	6	1	226.34489402697494	44.05780346820809	0	6
2	7	1	16.54424040066778	54.742904841402336	0	7
2	8	1	129.1689587426326	56.524557956778	0	8
2	9	1	87.83170254403132	58.84148727984344	0	9
2	10	1	61.676029962546814	78.78464419475655	0	10
2	11	1	22.788182831661093	82.81605351170569	0	11
2	12	1	161.00425531914894	89.15744680851064	0	12
2	13	1	114.37869822485207	92.52071005917159	0	13
2	14	1	6.834951456310679	106.69902912621359	0	14
2	15	1	325.6309523809524	104.04251700680273	0	15
2	16	1	51.24528301886792	112.03459119496856	0	16
2	17	1	365.0699152542373	119.00635593220339	0	17
2	18	1	320.3485838779956	129.87581699346404	0	18
2	19	1	110.9218009478673	128.84597156398104	0	19
2	20	1	282.2408293460925	137.84051036682615	0	20
2	21	1	68.15034482758621	148.50206896551725	0	21
2	22	1	96.54619124797406	149.6969205834684	0	22
2	23	1	223.77	150.32	0	23
2	24	1	313.46643717728057	153.8382099827883	0	24
2	25	1	14.801801801801801	160.8153153153153	0	25
2	26	1	29.884422110552762	174.4321608040201	0	26
2	27	1	89.42746113989638	174.80569948186528	0	27
2	28	1	347.8374558303887	177.2703180212014	0	28
2	29	1	130.97405189620758	190.58283433133732	0	29
2	30	1	163.98422090729784	194.50887573964496	0	30
2	31	1	301.15492957746477	196.3262910798122	0	31
2	32	1	53.65871121718377	198.25536992840097	0	32
2	33	1	477.59598494353827	202.60476787954832	0	33
2	34	1	108.52270210409745	210.4905869324474	0	34
2	35	1	44.39140271493213	220.4343891402715	0	35
2	36	1	458.1712062256809	227.56290531776912	0	36
2	37	1	185.26969696969698	233.61818181818182	0	37
2	38	1	16.346793349168646	242.50593824228028	0	38
2	39	1	213.42047930283223	240.88888888888889	0	39
2	40	1	67.45057471264367	249.4045977011494	0	40
2	41	1	110.017578125	255.330078125	0	41
2	42	1	157.6602870813397	252.9688995215311	0	42
2	43	1	155.28532608695653	270.57880434782606	0	43
2	44	1	36.86409395973154	272.1526845637584	0	44
2	45	1	335.12549800796813	279.3167330677291	0	45
2	46	1	471.0727969348659	284.1570881226054	0	46
2	47	1	449.00584795321635	283.0136452241715	0	47
2	48	1	109.30878859857482	288.9857482185273	0	48
2	49	1	196.0162074554295	288.35656401944897	0	49
2	50	1	222.73628691983123	288.1877637130802	0	50
2	51	1	31.638383838383838	294.7111111111111	0	51
2	52	1	80.88101983002832	295.6827195467422	0	52
2	53	1	345.0568181818182	297.5871212121212	0	53
2	54	1	253.6395534290271	312.4976076555024	0	54
2	55	1	107.58333333333333	314.18055555555554	0	55
2	56	1	179.87019230769232	318.5673076923077	0	56
2	57	1	212.18148148148148	322.06111111111113	0	57
2	58	1	48.93416370106762	324.01601423487546	0	58
2	59	1	153.77439024390245	323.2479674796748	0	59
2	60	1	465.0163599182004	333.87116564417175	0	60
2	61	1	26.06529209621993	335.7182130584192	0	61
2	62	1	278.12808641975306	342.3641975308642	0	62
2	63	1	359.19742489270385	339.0	0	63
2	64	1	319.60980392156864	342.4156862745098	0	64
2	65	1	85.18574514038878	351.1058315334773	0	65
2	66	1	339.45684210526315	359.10105263157897	0	66
2	67	1	124.43873517786561	361.697628458498	0	67
2	68	1	166.17161016949152	363.7521186440678	0	68
2	69	1	486.0100401606426	372.63253012048193	0	69
2	70	1	44.67967145790554	376.870636550308	0	70
2	71	1	231.97717842323652	378.1804979253112	0	71
2	72	1	290.79487179487177	392.12454212454213	0	72
2	73	1	29.894934333958723	395.9756097560976	0	73
2	74	1	443.31230283911674	396.1882229232387	0	74
2	75	1	322.66423357664235	400.6788321167883	0	75
2	76	1	231.49520383693044	407.6534772182254	0	76
2	77	1	479.1838134430727	415.6488340192044	0	77
2	78	1	92.91346153846153	416.3538461538462	0	78
2	79	1	444.7918918918919	419.1837837837838	0	79
2	80	1	330.2006633499171	421.0580431177446	0	80
2	81	1	37.97450424929178	425.59490084985833	0	81
2	82	1	130.3232044198895	429.5	0	82
2	83	1	177.98679867986797	422.73597359735976	0	83
2	84	1	416.9483870967742	436.5075268817204	0	84
2	85	1	193.4225621414914	436.2428298279159	0	85
2	86	1	101.1734693877551	442.42602040816325	0	86
2	87	1	286.45780051150894	445.15856777493605	0	87
2	88	1	242.76024590163934	441.9795081967213	0	88
2	89	1	65.1534828807556	449.297520661157	0	89
2	90	1	35.51912568306011	450.76229508196724	0	90
2	91	1	124.59691629955947	454.98237885462555	0	91
2	92	1	451.96514161220045	454.34640522875816	0	92
2	93	1	497.30592105263156	451.99342105263156	0	93
2	94	1	342.7811387900356	458.0729537366548	0	94
2	95	1	406.41113490364023	459.1563169164882	0	95
2	96	1	92.21685082872928	471.8052486187845	0	96
2	97	1	370.45117845117846	473.4343434343434	0	97
2	98	1	486.63921217547	484.13428827215756	0	98
2	99	1	53.063529411764705	481.8211764705882	0	99
2	100	1	346.96078431372547	483.75757575757575	0	100
2	101	1	448.1909340659341	482.73214285714283	0	101
2	102	1	71.88723404255319	501.70851063829787	0	102
2	103	1	9.257234726688102	501.37942122186496	0	103
2	104	1	449.66220735785953	505.81939799331104	0	104
3	1	1	247.4763779527559	29.041338582677167	0	1
3	2	1	451.74912891986065	45.52264808362369	0	2
3	3	1	187.86936936936937	75.08858858858859	0	3
3	4	1	423.41209829867677	81.97164461247637	0	4
3	5	1	350.33653846153845	97.53044871794872	0	5
3	6	1	479.46107266435985	128.26038062283737	0	6
3	7	1	35.92190889370933	134.49674620390456	0	7
3	8	1	23.285067873303166	146.30316742081448	0	8
3	9	1	348.8167832167832	148.96783216783217	0	9
3	10	1	403.8545751633987	145.4297385620915	0	10
3	11	1	301.15415821501017	164.86206896551724	0	11
3	12	1	8.55764705882353	180.89882352941177	0	12
3	13	1	345.0109689213894	198.81352833638024	0	13
3	14	1	149.70546318289786	202.25890736342043	0	14
3	15	1	507.82485875706215	207.63276836158192	0	15
3	16	1	124.18279569892474	225.94086021505376	0	16
3	17	1	74.04918032786885	232.13387978142077	0	17
3	18	1	165.96147403685092	243.62981574539364	0	18
3	19	1	258.6523929471033	238.92443324937028	0	19
3	20	1	438.01557093425606	246.7750865051903	0	20
3	21	1	136.41274238227146	245.9168975069252	0	21
3	22	1	302.3783303730018	256.97868561278864	0	22
3	23	1	40.62956810631229	269.2574750830565	0	23
3	24	1	81.41479820627802	270.79596412556054	0	24
3	25	1	149.42753623188406	279.2210144927536	0	25
3	26	1	373.9195804195804	283.1468531468532	0	26
3	27	1	420.39606741573033	285.65449438202245	0	27
3	28	1	271.22739726027396	283.65479452054797	0	28
3	29	1	303.5265306122449	288.3530612244898	0	29
3	30	1	220.92291666666668	291.1625	0	30
3	31	1	244.624750499002	297.249500998004	0	31
3	32	1	78.67755991285404	302.55991285403053	0	32
3	33	1	120.04203539823008	305.0287610619469	0	33
3	34	1	168.28673835125448	306.3763440860215	0	34
3	35	1	44.35506003430532	309.92109777015435	0	35
3	36	1	456.41415662650604	309.98493975903614	0	36
3	37	1	189.88391376451077	321.9419568822554	0	37
3	38	1	432.2621035058431	321.04006677796326	0	38
3	39	1	321.0017636684303	330.2962962962963	0	39
3	40	1	300.2230919765166	350.2837573385519	0	40
3	41	1	504.36764705882354	346.40808823529414	0	41
3	42	1	393.5404984423676	351.398753894081	0	42
3	43	1	89.31140350877193	350.9956140350877	0	43
3	44	1	158.57080610021785	367.9825708061002	0	44
3	45	1	48.7203947368421	366.7894736842105	0	45
3	46	1	375.49435028248587	373.319209039548	0	46
3	47	1	233.59722222222223	377.150462962963	0	47
3	48	1	348.8764705882353	391.24411764705883	0	48
3	49	1	443.1262376237624	395.8267326732673	0	49
3	50	1	471.5753424657534	393.16712328767125	0	50
3	51	1	503.2693602693603	408.6666666666667	0	51
3	52	1	404.5317220543807	418.7794561933535	0	52
3	53	1	102.90458015267176	427.30534351145036	0	53
3	54	1	460.0352422907489	428.01982378854626	0	54
3	55	1	163.85142857142858	433.81333333333333	0	55
3	56	1	233.2195652173913	430.92826086956524	0	56
3	57	1	35.64873417721519	434.61708860759495	0	57
3	58	1	396.91771019678	438.4490161001789	0	58
3	59	1	194.96456692913387	452.73228346456693	0	59
3	60	1	403.27592592592595	460.4962962962963	0	60
3	61	1	486.3379174852652	458.17092337917484	0	61
3	62	1	236.725	460.06363636363636	0	62
3	63	1	364.30790190735695	466.88010899182564	0	63
3	64	1	277.44849785407723	465.58583690987126	0	64
3	65	1	336.490099009901	472.65346534653463	0	65
3	66	1	463.8092105263158	474.5296052631579	0	66
3	67	1	449.8917525773196	489.11340206185565	0	67
3	68	1	491.8296943231441	491.5524017467249	0	68
3	69	1	349.12680115273776	500.38328530259366	0	69
3	70	1	475.7550607287449	500.0485829959514	0	70
3	71	1	130.25779625779626	503.6923076923077	0	71
3	72	1	188.4078947368421	502.17324561403507	0	72
3	73	1	233.0566037735849	507.1094339622642	0	73
3	74	1	281.2899022801303	505.95439739413683	0	74
4	1	1	327.7207792207792	11.082251082251082	0	1
4	2	1	407.22478991596637	6.966386554621849	0	2
4	3	1	240.77944862155388	7.957393483709273	0	3
4	4	1	471.9572553430821	19.876265466816648	0	4
4	5	1	351.57547169811323	24.7188679245283	0	5
4	6	1	105.46984924623115	39.08291457286432	0	6
4	7	1	139.4994413407821	46.312849162011176	0	7
4	8	1	410.19217081850536	54.34875444839858	0	8
4	9	1	353.25581395348837	62.02713178294574	0	9
4	10	1	269.70162601626015	66.3048780487805	0	10
4	11	1	321.90606936416185	84.1878612716763	0	11
4	12	1	454.20777642770355	85.53584447144593	0	12
4	13	1	501.22314049586777	102.69421487603306	0	13
4	14	1	382.94871794871796	104.0	0	14
4	15	1	209.67320261437908	112.11764705882354	0	15
4	16	1	52.718972895863054	118.21255349500713	0	16
4	17	1	77.98605577689243	115.96613545816733	0	17
4	18	1	503.81957773512477	130.76007677543186	0	18
4	19	1	238.85583224115334	134.0183486238532	0	19
4	20	1	348.22544434050513	138.5865294667914	0	20
4	21	1	436.93541202672606	141.3118040089087	0	21
4	22	1	475.15225563909775	144.22368421052633	0	22
4	23	1	378.5990990990991	150.46846846846847	0	23
4	24	1	409.099173553719	147.27892561983472	0	24
4	25	1	281.05401459854016	153.32700729927006	0	25
4	26	1	101.984375	156.85243055555554	0	26
4	27	1	144.27190332326285	163.1797583081571	0	27
4	28	1	387.50871632329637	172.2931854199683	0	28
4	29	1	482.5200764818356	170.08795411089866	0	29
4	30	1	331.26449643947103	173.528992878942	0	30
4	31	1	428.6455399061033	181.07276995305165	0	31
4	32	1	409.8829365079365	187.20634920634922	0	32
4	33	1	462.01424501424503	187.0854700854701	0	33
4	34	1	213.65616045845272	192.23638968481376	0	34
4	35	1	250.86438356164385	193.09315068493152	0	35
4	36	1	490.03674540682414	192.8451443569554	0	36
4	37	1	478.7846153846154	203.7323076923077	0	37
4	38	1	373.11041666666665	205.89791666666667	0	38
4	39	1	28.880455407969638	215.10626185958253	0	39
4	40	1	426.4874651810585	213.52924791086352	0	40
4	41	1	464.9355828220859	216.75460122699386	0	41
4	42	1	478.6898395721925	231.2433155080214	0	42
4	43	1	125.86040268456375	232.95973154362417	0	43
4	44	1	189.1265060240964	238.8710843373494	0	44
4	45	1	247.15637065637065	241.09073359073358	0	45
4	46	1	429.0233644859813	242.46495327102804	0	46
4	47	1	271.2009237875289	250.55196304849883	0	47
4	48	1	396.6962365591398	253.11021505376345	0	48
4	49	1	506.72131147540983	252.13114754098362	0	49
4	50	1	363.2286432160804	254.95979899497488	0	50
4	51	1	465.02016129032256	261.1633064516129	0	51
4	52	1	315.6135181975737	271.78856152513	0	52
4	53	1	371.46101694915257	273.1152542372881	0	53
4	54	1	17.967741935483872	278.3168880455408	0	54
4	55	1	125.64044943820225	278.8352059925094	0	55
4	56	1	210.67809523809524	281.2419047619048	0	56
4	57	1	251.57057654075547	284.1888667992048	0	57
4	58	1	487.3079268292683	284.7134146341463	0	58
4	59	1	504.0632911392405	286.49873417721517	0	59
4	60	1	325.55874673629245	291.66057441253264	0	60
4	61	1	392.87173396674586	288.8028503562945	0	61
4	62	1	445.7288888888889	289.28444444444443	0	62
4	63	1	61.65097588978186	295.96785304247993	0	63
4	64	1	414.026706231454	293.62611275964395	0	64
4	65	1	373.3472906403941	295.82758620689657	0	65
4	66	1	4.49609375	301.5234375	0	66
4	67	1	143.1103752759382	303.1158940397351	0	67
4	68	1	193.9129213483146	305.30056179775283	0	68
4	69	1	461.06417112299465	306.3983957219251	0	69
4	70	1	324.2649769585253	317.26267281105993	0	70
4	71	1	295.2102908277405	318.19015659955255	0	71
4	72	1	420.89516129032256	326.75	0	72
4	73	1	494.5189873417722	328.3270042194093	0	73
4	74	1	342.18470149253733	332.85820895522386	0	74
4	75	1	462.13532110091745	334.9403669724771	0	75
4	76	1	237.52263374485597	342.48765432098764	0	76
4	77	1	151.95394736842104	341.14638157894734	0	77
4	78	1	56.36132315521628	345.882951653944	0	78
4	79	1	369.79915433403806	351.8541226215645	0	79
4	80	1	316.18461538461537	354.01153846153846	0	80
4	81	1	403.2201591511936	354.236074270557	0	81
4	82	1	457.3787575150301	356.47695390781564	0	82
4	83	1	505.27861771058315	368.97408207343415	0	83
4	84	1	251.04303278688525	370.7233606557377	0	84
4	85	1	138.57894736842104	376.90838206627683	0	85
4	86	1	44.53629032258065	381.8125	0	86
4	87	1	279.7950819672131	382.6844262295082	0	87
4	88	1	90.33734939759036	380.4578313253012	0	88
4	89	1	224.88888888888889	387.8796296296296	0	89
4	90	1	302.13502109704643	392.42616033755274	0	90
4	91	1	426.8340163934426	391.8155737704918	0	91
4	92	1	263.9259259259259	398.46604938271605	0	92
4	93	1	384.1125265392781	396.22929936305735	0	93
4	94	1	93.1584699453552	400.10928961748635	0	94
4	95	1	191.73242630385488	396.37868480725626	0	95
4	96	1	332.3181818181818	401.54545454545456	0	96
4	97	1	474.3961218836565	414.9778393351801	0	97
4	98	1	179.2570093457944	419.54517133956386	0	98
4	99	1	121.76302521008404	426.22352941176473	0	99
4	100	1	292.421188630491	431.23514211886305	0	100
4	101	1	348.08527131782944	430.5077519379845	0	101
4	102	1	194.99557522123894	434.0575221238938	0	102
4	103	1	440.2417302798982	436.32569974554707	0	103
4	104	1	86.89095127610209	440.3201856148492	0	104
4	105	1	405.9076923076923	441.80961538461537	0	105
4	106	1	344.55649717514126	467.23728813559325	0	106
4	107	1	441.38740157480316	465.540157480315	0	107
4	108	1	308.467018469657	469.49076517150394	0	108
4	109	1	219.86011904761904	469.9246031746032	0	109
4	110	1	415.729044834308	485.2904483430799	0	110
4	111	1	477.0995085995086	486.47542997542996	0	111
4	112	1	451.53218884120173	488.2832618025751	0	112
5	1	1	324.02766798418975	9.173913043478262	0	1
5	2	1	391.7449494949495	12.421717171717171	0	2
5	3	1	437.74468085106383	14.202945990180032	0	3
5	4	1	248.8735632183908	17.445402298850574	0	4
5	5	1	89.6007326007326	19.183150183150182	0	5
5	6	1	117.01440329218107	18.66358024691358	0	6
5	7	1	316.0833333333333	25.944444444444443	0	7
5	8	1	492.3213703099511	33.468189233278956	0	8
5	9	1	249.8457583547558	37.231362467866326	0	9
5	10	1	186.1139601139601	46.25783475783476	0	10
5	11	1	84.72693032015066	46.02824858757062	0	11
5	12	1	26.73524720893142	50.121212121212125	0	12
5	13	1	270.38616714697406	66.36743515850144	0	13
5	14	1	108.29587155963303	62.091743119266056	0	14
5	15	1	451.02125	76.5275	0	15
5	16	1	223.5340909090909	72.29220779220779	0	16
5	17	1	380.25892857142856	76.62337662337663	0	17
5	18	1	54.59058823529412	78.04235294117647	0	18
5	19	1	498.4889779559118	98.98396793587175	0	19
5	20	1	5.329545454545454	100.86079545454545	0	20
5	21	1	403.46817248459956	120.52566735112936	0	21
5	22	1	205.3900481540931	127.99197431781701	0	22
5	23	1	42.16323296354992	129.74801901743265	0	23
5	24	1	183.98850574712642	132.51340996168582	0	24
5	25	1	325.9961315280464	130.6963249516441	0	25
5	26	1	486.1795332136445	151.92280071813286	0	26
5	27	1	180.28452579034942	153.4342762063228	0	27
5	28	1	246.5609756097561	154.78536585365853	0	28
5	29	1	506.4697986577181	152.66442953020135	0	29
5	30	1	318.25487012987014	160.09253246753246	0	30
5	31	1	264.4673366834171	161.08291457286433	0	31
5	32	1	292.03805175038053	166.48097412480973	0	32
5	33	1	421.41597337770384	171.3793677204659	0	33
5	34	1	455.0827922077922	170.82305194805195	0	34
5	35	1	240.76029962546818	175.3689138576779	0	35
5	36	1	395.6897746967071	184.5892547660312	0	36
5	37	1	153.97462686567164	188.2223880597015	0	37
5	38	1	5.63456090651558	187.87535410764872	0	38
5	39	1	372.35	198.1875	0	39
5	40	1	491.635231316726	204.34163701067615	0	40
5	41	1	190.94456762749445	206.86917960088692	0	41
5	42	1	503.77932960893855	218.19553072625698	0	42
5	43	1	276.0132158590308	215.77386196769456	0	43
5	44	1	432.8250728862974	222.76967930029156	0	44
5	45	1	190.74472573839662	228.26793248945148	0	45
5	46	1	394.6489028213166	227.99686520376176	0	46
5	47	1	215.68350168350167	238.01683501683502	0	47
5	48	1	378.3243243243243	240.32114467408584	0	48
5	49	1	485.83898305084745	244.34110169491527	0	49
5	50	1	289.65564202334633	257.0739299610895	0	50
5	51	1	350.5990888382688	258.6127562642369	0	51
5	52	1	412.0390625	258.0859375	0	52
5	53	1	9.297008547008547	271.37179487179486	0	53
5	54	1	475.23059360730593	273.7283105022831	0	54
5	55	1	209.88070175438597	279.29824561403507	0	55
5	56	1	55.486373165618446	289.2012578616352	0	56
5	57	1	463.9139784946237	286.73924731182797	0	57
5	58	1	236.38073394495413	281.0535168195719	0	58
5	59	1	283.5593869731801	290.0249042145594	0	59
5	60	1	348.19470404984423	300.71339563862927	0	60
5	61	1	464.9805825242718	307.11407766990294	0	61
5	62	1	440.36641221374043	309.95165394402034	0	62
5	63	1	186.69425287356322	317.33563218390805	0	63
5	64	1	249.47863247863248	317.24216524216524	0	64
5	65	1	399.5883458646617	316.7763157894737	0	65
5	66	1	54.34331797235023	324.8778801843318	0	66
5	67	1	16.129032258064516	325.77859237536654	0	67
5	68	1	461.9457831325301	336.43975903614455	0	68
5	69	1	274.45864661654133	342.9887218045113	0	69
5	70	1	211.35377358490567	344.1933962264151	0	70
5	71	1	488.2829373650108	347.6025917926566	0	71
5	72	1	104.1525925925926	351.30518518518517	0	72
5	73	1	439.0366972477064	351.4892966360856	0	73
5	74	1	131.21773288439954	351.1335578002245	0	74
5	75	1	355.7361809045226	360.90954773869345	0	75
5	76	1	39.74301675977654	363.8100558659218	0	76
5	77	1	238.3222748815166	369.0473933649289	0	77
5	78	1	179.5970515970516	369.6363636363636	0	78
5	79	1	71.24943310657596	377.9183673469388	0	79
5	80	1	409.9553072625698	375.28677839851025	0	80
5	81	1	486.2886178861789	385.979674796748	0	81
5	82	1	354.1247216035635	396.2293986636971	0	82
5	83	1	19.81859410430839	399.74149659863946	0	83
5	84	1	106.67857142857143	401.83809523809526	0	84
5	85	1	226.70054945054946	406.760989010989	0	85
5	86	1	89.70264317180617	412.273127753304	0	86
5	87	1	144.61481481481482	413.2814814814815	0	87
5	88	1	162.6891891891892	414.12702702702705	0	88
5	89	1	250.95652173913044	418.0460358056266	0	89
5	90	1	54.78449408672799	419.73193166885676	0	90
5	91	1	485.368320610687	421.85687022900765	0	91
5	92	1	332.16614420062695	432.5360501567398	0	92
5	93	1	353.3137254901961	438.1519607843137	0	93
5	94	1	428.4192634560907	446.5382436260623	0	94
5	95	1	262.37373737373736	442.8161616161616	0	95
5	96	1	445.36752136752136	442.8162393162393	0	96
5	97	1	6.567796610169491	446.58898305084745	0	97
5	98	1	474.33454545454543	452.40363636363634	0	98
5	99	1	140.25	454.6860465116279	0	99
5	100	1	178.79905437352247	456.7730496453901	0	100
5	101	1	49.634020618556704	466.12027491408935	0	101
5	102	1	200.21756487025948	470.7744510978044	0	102
5	103	1	468.8151260504202	473.61344537815125	0	103
5	104	1	434.01552106430154	479.7849223946785	0	104
5	105	1	14.067940552016985	480.4225053078556	0	105
5	106	1	168.46823529411765	479.0705882352941	0	106
5	107	1	450.0673575129534	489.1088082901554	0	107
5	108	1	106.55190311418686	492.1730103806228	0	108
5	109	1	497.4951612903226	490.3516129032258	0	109
5	110	1	469.59887005649716	492.23728813559325	0	110
5	111	1	234.5361216730038	498.8003802281369	0	111
6	1	1	323.17241379310343	6.959051724137931	0	1
6	2	1	421.31940298507465	8.050746268656717	0	2
6	3	1	462.968	4.708	0	3
6	4	1	367.18036529680364	10.210045662100457	0	4
6	5	1	190.76216216216216	16.01801801801802	0	5
6	6	1	164.76527331189712	38.19131832797428	0	6
6	7	1	199.76100628930817	39.61635220125786	0	7
6	8	1	428.6857142857143	46.83025210084033	0	8
6	9	1	316.62841530054646	61.60837887067395	0	9
6	10	1	144.62683438155136	78.23899371069183	0	10
6	11	1	169.65254237288136	75.61525423728814	0	11
6	12	1	105.61685823754789	81.23563218390805	0	12
6	13	1	365.55218216318787	82.40417457305503	0	13
6	14	1	442.0750469043152	88.32082551594746	0	14
6	15	1	144.70704845814979	102.33920704845815	0	15
6	16	1	127.04099821746881	120.4295900178253	0	16
6	17	1	363.6807610993657	179.15433403805497	0	17
6	18	1	413.9381443298969	181.0463917525773	0	18
6	19	1	473.6871035940803	185.51585623678648	0	19
6	20	1	165.07792207792207	192.36883116883118	0	20
6	21	1	421.99376299376297	195.77338877338877	0	21
6	22	1	442.6746126340882	204.38259833134686	0	22
6	23	1	114.09112709832134	203.1462829736211	0	23
6	24	1	390.5050505050505	203.510101010101	0	24
6	25	1	6.912442396313364	226.49615975422427	0	25
6	26	1	252.5121951219512	249.5508130081301	0	26
6	27	1	448.97610921501706	257.9539249146758	0	27
6	28	1	429.95601173020526	262.97067448680355	0	28
6	29	1	309.2381930184805	277.9876796714579	0	29
6	30	1	110.39473684210526	280.0131578947368	0	30
6	31	1	445.060773480663	292.96316758747696	0	31
6	32	1	492.8191056910569	294.780487804878	0	32
6	33	1	149.1	298.5744680851064	0	33
6	34	1	214.12576064908723	302.62880324543613	0	34
6	35	1	311.93305439330544	313.5397489539749	0	35
6	36	1	448.5183246073298	323.9040139616056	0	36
6	37	1	101.55690072639226	325.1089588377724	0	37
6	38	1	418.31104199066874	328.7791601866252	0	38
6	39	1	288.66324435318273	328.2895277207392	0	39
6	40	1	403.64953271028037	349.5809968847352	0	40
6	41	1	15.36935166994106	349.9646365422397	0	41
6	42	1	351.95063694267515	362.1289808917197	0	42
6	43	1	50.77554179566563	389.0232198142415	0	43
6	44	1	491.5052631578947	390.86842105263156	0	44
6	45	1	407.38184663536776	389.4021909233177	0	45
6	46	1	267.26937269372695	402.3376383763838	0	46
6	47	1	71.984375	408.92534722222223	0	47
6	48	1	228.965306122449	412.3591836734694	0	48
6	49	1	107.44635193133047	419.2381974248927	0	49
6	50	1	357.9123376623377	422.03246753246754	0	50
6	51	1	61.61742424242424	441.1287878787879	0	51
6	52	1	64.67842323651452	463.71991701244815	0	52
6	53	1	209.70212765957447	475.2659574468085	0	53
6	54	1	463.3139158576052	474.5210355987055	0	54
6	55	1	444.2332439678284	489.1260053619303	0	55
6	56	1	487.01702127659576	490.8127659574468	0	56
6	57	1	469.57923497267757	492.2841530054645	0	57
