ImageNumber	ObjectNumber	Children_Cells_Count	Location_Center_X	Location_Center_Y	Location_Center_Z	Number_Object_Number
1	1	1	394.57142857142856	5.857142857142857	0	1
1	2	1	345.08196721311475	5.19672131147541	0	2
1	3	1	453.68617021276594	6.808510638297872	0	3
1	4	1	293.7249283667622	8.810888252148997	0	4
1	5	1	424.04453441295544	14.429149797570851	0	5
1	6	1	316.969298245614	19.44736842105263	0	6
1	7	1	377.8248407643312	19.923566878980893	0	7
1	8	1	351.6554307116105	21.906367041198504	0	8
1	9	1	294.0034364261168	28.50171821305842	0	9
1	10	1	459.41295546558706	33.08097165991903	0	10
1	11	1	281.85425101214577	37.96761133603239	0	11
1	12	1	397.2610169491525	46.6135593220339	0	12
1	13	1	344.1806722689076	54.424369747899156	0	13
1	14	1	217.55502392344496	56.889952153110045	0	14
1	15	1	427.8081632653061	63.434013605442175	0	15
1	16	1	450.18599033816423	69.04106280193237	0	16
1	17	1	170.9221183800623	71.75077881619937	0	17
1	18	1	251.87962962962962	72.2175925925926	0	18
1	19	1	374.06227106227107	71.47985347985347	0	19
1	20	1	219.56052141527002	78.0316573556797	0	20
1	21	1	330.7418032786885	75.77868852459017	0	21
1	22	1	405.6188524590164	81.01639344262296	0	22
1	23	1	319.0349344978166	82.92139737991266	0	23
1	24	1	396.5	90.86551724137931	0	24
1	25	1	356.11467889908255	92.18807339449542	0	25
1	26	1	268.7299703264095	99.05044510385757	0	26
1	27	1	242.94022988505748	101.08275862068966	0	27
1	28	1	390.4518272425249	110.55481727574751	0	28
1	29	1	418.1934156378601	110.63786008230453	0	29
1	30	1	313.4134897360704	115.78592375366568	0	30
1	31	1	441.3935860058309	112.29154518950438	0	31
1	32	1	270.23595505617976	123.09550561797752	0	32
1	33	1	385.3766233766234	126.06818181818181	0	33
1	34	1	364.4472727272727	124.67272727272727	0	34
1	35	1	424.05348460291737	132.484602917342	0	35
1	36	1	288.6923076923077	132.85972850678732	0	36
1	37	1	244.74564459930315	144.7560975609756	0	37
1	38	1	389.07365439093485	149.54107648725213	0	38
1	39	1	283.25096525096524	157.66023166023166	0	39
1	40	1	230.04048582995952	158.34817813765181	0	40
1	41	1	339.8576158940397	159.51655629139074	0	41
1	42	1	402.0085106382979	167.65531914893617	0	42
1	43	1	300.80514705882354	169.95955882352942	0	43
1	44	1	372.5198675496689	173.98675496688742	0	44
1	45	1	433.76326530612243	176.50204081632654	0	45
1	46	1	216.41592201462225	180.21283509341998	0	46
1	47	1	298.10849056603774	188.29716981132074	0	47
1	48	1	255.35154394299286	196.60570071258908	0	48
1	49	1	415.5	194.9417808219178	0	49
1	50	1	329.01633986928107	198.7941176470588	0	50
1	51	1	360.75748502994014	198.89520958083833	0	51
1	52	1	302.92090395480227	205.27683615819208	0	52
1	53	1	403.88170347003154	218.9479495268139	0	53
1	54	1	250.2	223.4864406779661	0	54
1	55	1	283.97729422894986	225.06717123935667	0	55
1	56	1	25.298076923076923	227.25	0	56
1	57	1	155.21818181818182	230.0909090909091	0	57
1	58	1	182.5851851851852	234.17407407407407	0	58
1	59	1	237.09055118110237	237.2244094488189	0	59
1	60	1	332.0897009966777	234.80066445182723	0	60
1	61	1	369.95081967213116	236.3311475409836	0	61
1	62	1	307.52054794520546	239.8173515981735	0	62
1	63	1	391.4074074074074	242.67592592592592	0	63
1	64	1	196.0578231292517	254.73809523809524	0	64
1	65	1	382.76438356164385	256.14794520547946	0	65
1	66	1	171.6231884057971	255.07729468599032	0	66
1	67	1	256.4166666666667	258.7719298245614	0	67
1	68	1	182.19325842696628	272.8247191011236	0	68
1	69	1	314.88235294117646	274.8142414860681	0	69
1	70	1	350.2	276.0275	0	70
1	71	1	268.32217573221754	282.4602510460251	0	71
1	72	1	371.2742474916388	281.83277591973246	0	72
1	73	1	220.7279843444227	294.48727984344424	0	73
1	74	1	328.9718309859155	294.3169014084507	0	74
1	75	1	257.2369668246445	297.5971563981043	0	75
1	76	1	358.1003236245955	302.2071197411003	0	76
1	77	1	300.64878048780486	309.85853658536587	0	77
1	78	1	271.6666666666667	311.6936936936937	0	78
1	79	1	319.06382978723406	312.67021276595744	0	79
1	80	1	228.6451612903226	312.5017921146953	0	80
1	81	1	250.8237885462555	321.9515418502203	0	81
1	82	1	161.25581395348837	322.4651162790698	0	82
1	83	1	360.26153846153846	325.8646153846154	0	83
1	84	1	271.28444444444443	337.5288888888889	0	84
1	85	1	344.9283819628647	333.8832891246684	0	85
1	86	1	160.5	343.319018404908	0	86
1	87	1	335.52486187845307	345.8729281767956	0	87
1	88	1	217.2128514056225	350.8112449799197	0	88
1	89	1	357.5367412140575	357.7523961661342	0	89
1	90	1	177.68106312292358	359.8870431893688	0	90
1	91	1	264.00471698113205	369.5990566037736	0	91
1	92	1	238.73615635179152	373.74918566775244	0	92
1	93	1	191.6448598130841	388.6261682242991	0	93
1	94	1	154.75226586102718	388.9969788519638	0	94
1	95	1	312.1343873517786	389.4703557312253	0	95
1	96	1	210.91712707182322	393.7513812154696	0	96
1	97	1	325.4245614035088	402.50877192982455	0	97
1	98	1	139.78636363636363	403.2	0	98
1	99	1	294.0635593220339	407.45338983050846	0	99
1	100	1	341.9017543859649	412.4982456140351	0	100
1	101	1	183.11170212765958	412.9840425531915	0	101
1	102	1	269.5665236051502	415.0772532188841	0	102
1	103	1	147.49615384615385	417.9923076923077	0	103
1	104	1	254.40552995391704	419.49769585253455	0	104
1	105	1	165.2198275862069	422.96120689655174	0	105
1	106	1	181.37890625	427.578125	0	106
1	107	1	238.5339366515837	427.6606334841629	0	107
1	108	1	287.62428842504744	430.2352941176471	0	108
1	109	1	213.93354943273906	430.20259319286873	0	109
1	110	1	253.17132867132867	435.24825174825173	0	110
1	111	1	373.725321888412	436.51502145922746	0	111
1	112	1	198.94237288135594	453.0508474576271	0	112
1	113	1	264.17551020408166	452.1387755102041	0	113
1	114	1	297.6608557844691	458.0919175911252	0	114
1	115	1	342.77814569536423	464.3675496688742	0	115
1	116	1	237.89776357827475	465.03194888178916	0	116
1	117	1	368.46176470588233	468.1088235294118	0	117
1	118	1	188.37295081967213	473.38524590163934	0	118
1	119	1	456.6	474.5134020618557	0	119
1	120	1	268.9191489361702	475.4808510638298	0	120
1	121	1	340.65676567656766	481.3399339933993	0	121
1	122	1	212.19338842975208	486.11239669421485	0	122
1	123	1	437.39154929577467	489.09859154929575	0	123
1	124	1	480.0619469026549	490.8053097345133	0	124
1	125	1	335.2406639004149	493.9751037344398	0	125
1	126	1	303.4466019417476	494.09223300970876	0	126
1	127	1	188.4326797385621	496.27450980392155	0	127
1	128	1	462.6011235955056	492.2696629213483	0	128
1	129	1	241.0756501182033	493.6241134751773	0	129
1	130	1	275.6176935229068	503.24012638230647	0	130
1	131	1	361.73267326732673	506.1732673267327	0	131
2	1	1	412.4029850746269	12.835820895522389	0	1
2	2	1	15.096654275092936	26.514869888475836	0	2
2	3	1	172.00732600732601	32.47435897435897	0	3
2	4	1	323.73728813559325	36.817796610169495	0	4
2	5	1	290.56847133757964	36.15127388535032	0	5
2	6	1	429.1733746130031	36.44272445820433	0	6
2	7	1	397.90932642487047	37.61139896373057	0	7
2	8	1	157.83984375	44.0859375	0	8
2	9	1	465.61607142857144	47.151785714285715	0	9
2	10	1	120.2927400468384	51.94379391100703	0	10
2	11	1	134.4959349593496	56.99186991869919	0	11
2	12	1	488.1551724137931	54.58620689655172	0	12
2	13	1	373.625	68.26689189189189	0	13
2	14	1	216.99084249084248	67.42673992673993	0	14
2	15	1	327.4493927125506	73.37651821862349	0	15
2	16	1	403.4036568213783	83.9043600562588	0	16
2	17	1	174.17220543806647	74.13897280966768	0	17
2	18	1	342.0913043478261	79.34782608695652	0	18
2	19	1	444.75471698113205	83.21462264150944	0	19
2	20	1	232.75211267605633	86.45915492957747	0	20
2	21	1	100.4410569105691	93.69715447154472	0	21
2	22	1	306.2931596091205	88.1270358306189	0	22
2	23	1	332.08561643835617	95.01027397260275	0	23
2	24	1	175.64356435643563	101.7887788778878	0	24
2	25	1	423.1019736842105	105.54934210526316	0	25
2	26	1	120.01190476190476	107.02380952380952	0	26
2	27	1	282.1097178683386	111.2884012539185	0	27
2	28	1	383.27272727272725	116.3881118881119	0	28
2	29	1	493.94942528735635	117.3632183908046	0	29
2	30	1	79.81282051282051	120.9076923076923	0	30
2	31	1	327.40705882352944	116.1635294117647	0	31
2	32	1	154.70218579234972	121.36065573770492	0	32
2	33	1	111.17506631299734	125.47745358090185	0	33
2	34	1	59.37	132.1425	0	34
2	35	1	357.3923611111111	133.71180555555554	0	35
2	36	1	249.112618724559	137.1506105834464	0	36
2	37	1	462.91143911439116	140.31918819188192	0	37
2	38	1	179.47627118644067	143.48305084745763	0	38
2	39	1	377.6798679867987	142.57095709570956	0	39
2	40	1	328.525	146.4857142857143	0	40
2	41	1	361.22330097087377	154.89320388349515	0	41
2	42	1	382.7377521613833	158.4812680115274	0	42
2	43	1	203.40133037694014	157.53436807095343	0	43
2	44	1	60.27469135802469	164.5648148148148	0	44
2	45	1	412.69310344827585	173.5241379310345	0	45
2	46	1	504.3583535108959	172.77966101694915	0	46
2	47	1	101.95567867036011	175.2742382271468	0	47
2	48	1	65.38888888888889	180.26388888888889	0	48
2	49	1	479.77001703577514	178.5809199318569	0	49
2	50	1	286.1069182389937	178.9014675052411	0	50
2	51	1	227.1070038910506	189.94163424124514	0	51
2	52	1	422.38442211055275	191.52010050251258	0	52
2	53	1	150.39221556886227	195.83532934131736	0	53
2	54	1	315.4009661835749	197.06119162640903	0	54
2	55	1	43.59180790960452	209.50282485875707	0	55
2	56	1	90.57399103139014	206.39910313901345	0	56
2	57	1	449.1189591078067	219.01486988847583	0	57
2	58	1	122.61163522012579	218.6761006289308	0	58
2	59	1	244.48491879350348	221.58468677494199	0	59
2	60	1	421.8301886792453	224.66352201257862	0	60
2	61	1	358.35483870967744	225.8258064516129	0	61
2	62	1	200.0367231638418	227.63841807909606	0	62
2	63	1	491.4736842105263	233.36140350877193	0	63
2	64	1	169.8294314381271	232.90969899665552	0	64
2	65	1	266.8961038961039	239.06926406926408	0	65
2	66	1	32.0	241.43866171003717	0	66
2	67	1	392.12286689419795	246.79180887372013	0	67
2	68	1	71.60736196319019	259.8052147239264	0	68
2	69	1	10.820717131474103	263.14741035856576	0	69
2	70	1	311.6355353075171	259.39407744874717	0	70
2	71	1	167.52092352092353	265.8946608946609	0	71
2	72	1	333.20626631853787	270.6396866840731	0	72
2	73	1	310.53943217665613	277.20820189274446	0	73
2	74	1	206.76752767527674	278.0110701107011	0	74
2	75	1	387.19897959183675	276.6173469387755	0	75
2	76	1	431.9566210045662	275.29680365296804	0	76
2	77	1	8.524	284.692	0	77
2	78	1	503.6340425531915	285.54609929078015	0	78
2	79	1	135.3866090712743	287.92872570194385	0	79
2	80	1	252.0616365568544	294.9989373007439	0	80
2	81	1	327.31335616438355	303.902397260274	0	81
2	82	1	7.147590361445783	312.56325301204816	0	82
2	83	1	133.86831275720164	316.40946502057614	0	83
2	84	1	374.29815745393637	319.9966499162479	0	84
2	85	1	63.721115537848604	328.35059760956176	0	85
2	86	1	169.27031019202363	329.2378138847858	0	86
2	87	1	110.32934131736526	338.70958083832335	0	87
2	88	1	80.91017964071857	347.26646706586826	0	88
2	89	1	196.50383631713555	354.54219948849106	0	89
2	90	1	314.6772277227723	367.08910891089107	0	90
2	91	1	108.61096605744126	379.61879895561356	0	91
2	92	1	18.11705685618729	384.2173913043478	0	92
2	93	1	190.67567567567568	385.0168918918919	0	93
2	94	1	399.4864864864865	401.07207207207205	0	94
2	95	1	140.09631147540983	416.6639344262295	0	95
2	96	1	105.87228915662651	415.75180722891565	0	96
2	97	1	420.8344709897611	410.7662116040956	0	97
2	98	1	66.11538461538461	416.2564102564103	0	98
2	99	1	318.0829655781112	420.7246248896734	0	99
2	100	1	390.6889534883721	422.58720930232556	0	100
2	101	1	505.05333333333334	433.2911111111111	0	101
2	102	1	50.47770700636943	437.1019108280255	0	102
2	103	1	93.47080291970804	439.1240875912409	0	103
2	104	1	480.90625	437.4296875	0	104
2	105	1	9.84366576819407	463.5175202156334	0	105
2	106	1	198.49553571428572	460.54464285714283	0	106
2	107	1	103.55	464.29318181818184	0	107
2	108	1	337.0379746835443	471.15400843881855	0	108
2	109	1	254.54945054945054	480.1824175824176	0	109
2	110	1	419.3095768374165	484.16926503340756	0	110
2	111	1	47.47666666666667	485.1566666666667	0	111
2	112	1	172.0037807183365	488.7296786389414	0	112
2	113	1	450.3416149068323	482.111801242236	0	113
2	114	1	126.60606060606061	492.9057239057239	0	114
2	115	1	481.2391826923077	496.72716346153845	0	115
2	116	1	379.05555555555554	501.0740740740741	0	116
2	117	1	94.60303030303031	502.43030303030304	0	117
2	118	1	197.9078947368421	505.9298245614035	0	118
3	1	1	298.2388663967611	5.716599190283401	0	1
3	2	1	405.5	4.673387096774194	0	2
3	3	1	329.8731343283582	12.097014925373134	0	3
3	4	1	280.5884476534296	27.010830324909747	0	4
3	5	1	440.58293838862556	26.73696682464455	0	5
3	6	1	219.40785907859077	34.417344173441734	0	6
3	7	1	360.1456953642384	32.01324503311258	0	7
3	8	1	315.1607629427793	34.258855585831064	0	8
3	9	1	496.672778561354	37.46403385049366	0	9
3	10	1	261.5432098765432	37.787654320987656	0	10
3	11	1	468.18601583113457	36.38786279683377	0	11
3	12	1	388.3377049180328	49.31475409836066	0	12
3	13	1	292.42996108949416	52.6147859922179	0	13
3	14	1	370.05078125	51.89453125	0	14
3	15	1	323.327743902439	57.832317073170735	0	15
3	16	1	419.9772382397572	60.420333839150224	0	16
3	17	1	493.7839673913044	77.67798913043478	0	17
3	18	1	257.4625	74.10625	0	18
3	19	1	376.20532319391634	73.58174904942966	0	19
3	20	1	468.9795454545455	88.02045454545454	0	20
3	21	1	321.79904306220095	85.81818181818181	0	21
3	22	1	343.8996282527881	87.07806691449814	0	22
3	23	1	373.4935732647815	91.03341902313625	0	23
3	24	1	257.66809421841543	93.77730192719486	0	24
3	25	1	281.5031847133758	94.26326963906581	0	25
3	26	1	39.200716845878134	95.04838709677419	0	26
3	27	1	443.5934530095037	95.87117212249208	0	27
3	28	1	418.8396946564886	111.56997455470739	0	28
3	29	1	103.85736925515056	122.95721077654517	0	29
3	30	1	488.63900414937757	121.20539419087137	0	30
3	31	1	67.16421052631578	127.69894736842106	0	31
3	32	1	311.5853018372703	132.54593175853017	0	32
3	33	1	367.86778398510245	136.48417132216014	0	33
3	34	1	49.031496062992126	136.4015748031496	0	34
3	35	1	64.1015228426396	144.248730964467	0	35
3	36	1	449.2942528735632	159.7816091954023	0	36
3	37	1	35.32274247491639	161.45652173913044	0	37
3	38	1	480.1588785046729	157.4532710280374	0	38
3	39	1	123.51072124756335	167.44834307992204	0	39
3	40	1	299.74131274131275	162.58880308880308	0	40
3	41	1	333.67070217917677	164.5230024213075	0	41
3	42	1	404.24367816091956	173.5632183908046	0	42
3	43	1	175.99588477366254	177.33539094650206	0	43
3	44	1	92.287841191067	180.39205955334987	0	44
3	45	1	369.6927710843373	181.14006024096386	0	45
3	46	1	175.18905472636817	197.44278606965173	0	46
3	47	1	470.036231884058	194.731884057971	0	47
3	48	1	436.1134259259259	200.68055555555554	0	48
3	49	1	364.06976744186045	202.99169435215947	0	49
3	50	1	26.263071895424837	204.2761437908497	0	50
3	51	1	300.0611888111888	204.15034965034965	0	51
3	52	1	424.30940594059405	220.47277227722773	0	52
3	53	1	133.19804400977995	216.799511002445	0	53
3	54	1	505.08181818181816	216.4090909090909	0	54
3	55	1	152.34728682170544	222.63100775193797	0	55
3	56	1	460.85714285714283	224.51212938005392	0	56
3	57	1	311.6119733924612	231.31929046563192	0	57
3	58	1	8.660550458715596	239.50152905198777	0	58
3	59	1	333.8934240362812	238.72108843537416	0	59
3	60	1	505.0522088353414	240.29718875502007	0	60
3	61	1	440.4424460431655	247.34172661870502	0	61
3	62	1	67.06493506493507	260.1243042671614	0	62
3	63	1	384.25592417061614	258.1011058451817	0	63
3	64	1	337.9390243902439	261.5345528455285	0	64
3	65	1	499.13425925925924	259.7175925925926	0	65
3	66	1	287.45238095238096	261.45421245421244	0	66
3	67	1	412.5650793650794	270.64444444444445	0	67
3	68	1	357.53452115812917	279.6770601336303	0	68
3	69	1	305.75135135135133	281.97297297297297	0	69
3	70	1	241.10159651669085	286.30624092888246	0	70
3	71	1	197.37513631406762	287.8942202835333	0	71
3	72	1	327.86581469648564	296.78274760383385	0	72
3	73	1	477.553264604811	298.35738831615123	0	73
3	74	1	44.9894578313253	298.90210843373495	0	74
3	75	1	389.59090909090907	300.2647058823529	0	75
3	76	1	18.873394495412843	301.58715596330273	0	76
3	77	1	432.2086330935252	299.8609112709832	0	77
3	78	1	265.46435845213847	302.46028513238286	0	78
3	79	1	216.22847682119206	317.15314569536423	0	79
3	80	1	311.837528604119	317.7299771167048	0	80
3	81	1	344.9859747545582	318.5189340813464	0	81
3	82	1	506.5133689839572	328.29411764705884	0	82
3	83	1	456.6876227897839	328.54813359528487	0	83
3	84	1	297.4185520361991	336.11538461538464	0	84
3	85	1	394.5149863760218	344.5231607629428	0	85
3	86	1	337.85374771480804	353.6946983546618	0	86
3	87	1	373.50743099787684	352.01486199575373	0	87
3	88	1	417.1478260869565	356.0330434782609	0	88
3	89	1	268.8521560574949	365.4394250513347	0	89
3	90	1	469.99793388429754	365.5557851239669	0	90
3	91	1	362.45714285714286	376.687619047619	0	91
3	92	1	405.21875	384.5625	0	92
3	93	1	327.8863636363636	394.8392857142857	0	93
3	94	1	466.2249388753056	394.15647921760393	0	94
3	95	1	365.488	396.7146666666667	0	95
3	96	1	8.145454545454545	413.26262626262627	0	96
3	97	1	491.5022354694486	418.32935916542476	0	97
3	98	1	434.63513513513516	420.94054054054055	0	98
3	99	1	412.42290748898677	432.784140969163	0	99
3	100	1	379.6007326007326	449.4304029304029	0	100
3	101	1	53.08815426997245	462.41597796143253	0	101
3	102	1	489.92899408284023	462.8343195266272	0	102
3	103	1	344.4781976744186	465.29651162790697	0	103
3	104	1	420.0570652173913	480.9266304347826	0	104
3	105	1	449.91709844559585	489.14507772020727	0	105
3	106	1	8.214442013129103	496.1750547045952	0	106
3	107	1	475.8211382113821	489.96928635953026	0	107
3	108	1	386.1174089068826	505.47773279352225	0	108
