ImageNumber	ObjectNumber	Location_Center_X	Location_Center_Y	Location_Center_Z	Number_Object_Number	Parent_Cells
1	1	345.0	72.0	0	1	13
1	2	347.0	79.5	0	2	25
1	3	355.5	80.0	0	3	25
1	4	349.5	81.5	0	4	25
1	5	354.0	81.0	0	5	25
1	6	347.5	82.0	0	6	25
1	7	356.625	82.75	0	7	25
1	8	347.0	84.0	0	8	25
1	9	350.0	84.0	0	9	25
1	10	354.85714285714283	84.28571428571429	0	10	25
1	11	358.0	85.0	0	11	25
1	12	349.1111111111111	87.44444444444444	0	12	25
1	13	356.0	88.0	0	13	25
1	14	351.0	89.0	0	14	25
1	15	358.5	88.5	0	15	25
1	16	353.0	89.0	0	16	25
1	17	350.89473684210526	92.36842105263158	0	17	25
1	18	359.0	91.0	0	18	25
1	19	360.4	93.8	0	19	25
1	20	354.0	94.0	0	20	25
1	21	356.0	95.0	0	21	25
1	22	353.1	96.3	0	22	25
1	23	359.0	97.0	0	23	25
1	24	361.75	97.0	0	24	25
1	25	354.5	98.5	0	25	25
1	26	356.0	98.5	0	26	25
1	27	357.75	98.875	0	27	25
1	28	361.0	99.0	0	28	25
1	29	355.5	100.5	0	29	25
1	30	357.0	101.0	0	30	25
1	31	359.6666666666667	101.33333333333333	0	31	25
1	32	362.0	102.0	0	32	25
1	33	357.0	102.5	0	33	25
1	34	360.29411764705884	103.58823529411765	0	34	25
1	35	363.0	105.0	0	35	25
1	36	364.0	107.0	0	36	25
1	37	363.0	110.0	0	37	34
1	38	365.6666666666667	110.33333333333333	0	38	34
1	39	369.0	115.25	0	39	34
1	40	371.22222222222223	118.44444444444444	0	40	34
1	41	372.5	121.0	0	41	34
1	42	376.0	126.0	0	42	33
1	43	202.0	278.0	0	43	68
1	44	360.0	315.0	0	44	83
1	45	357.0	315.5	0	45	83
1	46	362.0	316.0	0	46	83
1	47	362.0	325.0	0	47	83
1	48	353.0	327.0	0	48	83
1	49	357.0	327.0	0	49	83
1	50	371.0	330.0	0	50	83
1	51	370.0	334.0	0	51	83
1	52	374.0	335.0	0	52	83
1	53	363.5	338.0	0	53	83
1	54	365.0	338.0	0	54	83
1	55	165.0	364.0	0	55	90
1	56	368.0	377.0	0	56	89
1	57	218.0	473.0	0	57	122
1	58	220.0	474.0	0	58	122
1	59	428.0	483.0	0	59	123
1	60	432.5	483.0	0	60	123
1	61	442.0	483.1	0	61	123
1	62	445.4375	483.9375	0	62	123
1	63	440.60869565217394	486.0869565217391	0	63	123
1	64	427.3333333333333	487.1666666666667	0	64	123
1	65	479.72	487.84	0	65	124
1	66	485.57142857142856	487.42857142857144	0	66	124
1	67	459.5	488.5	0	67	128
1	68	473.82608695652175	488.0	0	68	124
1	69	439.77777777777777	489.5	0	69	123
1	70	446.3333333333333	488.56666666666666	0	70	123
1	71	466.5	488.5	0	71	128
1	72	431.8125	489.625	0	72	123
1	73	487.0	493.0	0	73	124
1	74	433.53846153846155	492.9230769230769	0	74	123
1	75	473.5	493.5	0	75	124
1	76	480.5	493.5	0	76	124
1	77	440.7083333333333	493.125	0	77	123
1	78	445.75	493.45	0	78	123
1	79	466.17391304347825	494.0	0	79	128
1	80	431.85714285714283	495.2857142857143	0	80	123
1	81	460.0232558139535	495.86046511627904	0	81	128
1	82	427.54545454545456	495.6363636363636	0	82	123
1	83	430.0	496.0	0	83	123
1	84	443.0	495.5	0	84	123
2	1	414.0	74.0	0	1	16
2	2	235.0	116.0	0	2	36
2	3	238.0	123.0	0	3	36
2	4	252.0	125.0	0	4	36
2	5	233.0	128.0	0	5	36
2	6	244.0	129.0	0	6	36
2	7	240.33333333333334	130.33333333333334	0	7	36
2	8	237.0	135.0	0	8	36
2	9	268.0	137.0	0	9	36
2	10	237.0	140.5	0	10	36
2	11	270.0	143.0	0	11	36
2	12	242.0	144.0	0	12	36
2	13	254.0	147.0	0	13	36
2	14	256.0	147.0	0	14	36
2	15	257.0	149.0	0	15	36
2	16	253.0	151.0	0	16	36
2	17	256.0	153.0	0	17	36
2	18	259.0	153.0	0	18	36
2	19	212.0	164.0	0	19	43
2	20	392.0	167.0	0	20	42
2	21	388.0	172.0	0	21	42
2	22	143.0	278.0	0	22	79
2	23	127.0	280.0	0	23	79
2	24	140.5	282.0	0	24	79
2	25	143.5	284.0	0	25	79
2	26	134.0	286.0	0	26	79
2	27	148.0	286.0	0	27	79
2	28	145.0	288.0	0	28	79
2	29	133.5	289.5	0	29	79
2	30	150.0	289.0	0	30	79
2	31	144.0	290.0	0	31	79
2	32	148.5	292.5	0	32	79
2	33	129.0	293.0	0	33	79
2	34	134.0	294.0	0	34	79
2	35	144.0	295.5	0	35	79
2	36	141.0	298.0	0	36	79
2	37	311.0	408.0	0	37	99
2	38	154.0	409.0	0	38	95
2	39	434.8333333333333	483.3333333333333	0	39	113
2	40	439.5	483.0	0	40	113
2	41	448.85714285714283	483.57142857142856	0	41	113
2	42	452.57142857142856	484.4761904761905	0	42	113
2	43	447.42105263157896	486.36842105263156	0	43	113
2	44	434.4	487.6	0	44	113
2	45	486.72	487.84	0	45	115
2	46	492.57142857142856	487.42857142857144	0	46	115
2	47	466.5	488.5	0	47	115
2	48	480.82608695652175	488.0	0	48	115
2	49	446.77777777777777	489.5	0	49	113
2	50	453.4	489.04	0	50	113
2	51	473.5	488.5	0	51	115
2	52	438.8125	489.625	0	52	113
2	53	494.0	493.0	0	53	115
2	54	440.53846153846155	492.9230769230769	0	54	113
2	55	480.5	493.5	0	55	115
2	56	487.5	493.5	0	56	115
2	57	447.69565217391306	493.0	0	57	113
2	58	452.7894736842105	493.3157894736842	0	58	113
2	59	473.17391304347825	494.0	0	59	115
2	60	439.2	495.2	0	60	113
2	61	467.0232558139535	495.86046511627904	0	61	115
2	62	434.0	495.5	0	62	113
2	63	436.875	495.875	0	63	113
2	64	450.0	495.6	0	64	113
3	1	351.0	72.0	0	1	22
3	2	309.0	128.0	0	2	32
3	3	118.0	152.0	0	3	39
3	4	131.0	173.0	0	4	39
3	5	88.0	174.0	0	5	44
3	6	16.0	205.0	0	6	50
3	7	125.0	215.0	0	7	53
3	8	136.0	216.0	0	8	53
3	9	126.0	218.0	0	9	53
3	10	136.0	221.0	0	10	53
3	11	127.0	222.0	0	11	53
3	12	121.5	223.0	0	12	53
3	13	128.0	224.0	0	13	53
3	14	131.0	224.0	0	14	53
3	15	136.0	224.0	0	15	53
3	16	133.0	226.0	0	16	53
3	17	122.0	227.0	0	17	53
3	18	132.0	228.0	0	18	53
3	19	122.0	229.0	0	19	53
3	20	125.0	229.66666666666666	0	20	53
3	21	128.66666666666666	229.33333333333334	0	21	53
3	22	133.0	230.0	0	22	53
3	23	130.0	232.5	0	23	53
3	24	327.0	233.0	0	24	59
3	25	92.0	235.0	0	25	62
3	26	274.0	248.0	0	26	66
3	27	214.0	279.0	0	27	71
3	28	333.0	402.0	0	28	93
3	29	435.0	483.0	0	29	104
3	30	439.5	483.0	0	30	105
3	31	448.85714285714283	483.57142857142856	0	31	105
3	32	452.57142857142856	484.4761904761905	0	32	105
3	33	447.42105263157896	486.36842105263156	0	33	105
3	34	434.3333333333333	487.1666666666667	0	34	104
3	35	486.72	487.84	0	35	107
3	36	492.57142857142856	487.42857142857144	0	36	107
3	37	466.5	488.5	0	37	107
3	38	480.82608695652175	488.0	0	38	107
3	39	446.77777777777777	489.5	0	39	105
3	40	453.4	489.04	0	40	105
3	41	473.5	488.5	0	41	107
3	42	438.8125	489.625	0	42	105
3	43	494.0	493.0	0	43	107
3	44	440.53846153846155	492.9230769230769	0	44	105
3	45	480.5	493.5	0	45	107
3	46	487.5	493.5	0	46	107
3	47	447.69565217391306	493.0	0	47	105
3	48	452.7894736842105	493.3157894736842	0	48	105
3	49	473.17391304347825	494.0	0	49	107
3	50	438.85714285714283	495.2857142857143	0	50	105
3	51	467.0232558139535	495.86046511627904	0	51	107
3	52	434.54545454545456	495.6363636363636	0	52	105
3	53	437.0	496.0	0	53	105
3	54	450.0	495.6	0	54	105
