ImageNumber	ObjectNumber	Children_PLA_Count	Location_Center_X	Location_Center_Y	Location_Center_Z	Number_Object_Number	Parent_Nuclei
1	1	4	142.6964705882353	10.590588235294117	0	1	1
1	2	0	449.30455075845975	11.949824970828471	0	2	2
1	3	2	108.75454545454545	13.818181818181818	0	3	3
1	4	2	28.684736091298145	13.20827389443652	0	4	4
1	5	1	276.1788617886179	17.923133776792312	0	5	5
1	6	0	412.6042670337233	16.507914659325532	0	6	6
1	7	1	8.694736842105263	22.292105263157893	0	7	7
1	8	2	339.21188772702254	21.356081452944412	0	8	8
1	9	2	475.4019174041298	24.16592920353982	0	9	9
1	10	0	72.55054545454546	25.035636363636364	0	10	10
1	11	0	499.56837209302324	31.81860465116279	0	11	11
1	12	41	216.70200387847447	43.44602456367162	0	12	12
1	13	22	185.04149085794654	44.79043600562588	0	13	13
1	14	0	24.857493857493857	49.206388206388205	0	14	14
1	15	4	147.89972899728997	47.57904245709124	0	15	15
1	16	1	99.30656934306569	48.41119221411192	0	16	16
1	17	1	75.13717948717948	59.85	0	17	17
1	18	1	44.133464180569185	56.52894995093229	0	18	18
1	19	6	288.18046571798186	57.86093143596378	0	19	19
1	20	4	104.7834179357022	74.61252115059222	0	20	20
1	21	1	12.154458598726114	75.91162420382166	0	21	21
1	22	5	352.8112947658402	67.76170798898072	0	22	22
1	23	0	135.10946408209807	75.35005701254276	0	23	23
1	24	0	167.0711825487945	74.42135476463835	0	24	24
1	25	0	405.24238227146816	68.702216066482	0	25	25
1	26	0	57.83468395461912	75.45056726094003	0	26	26
1	27	1	283.97752808988764	86.35112359550561	0	27	27
1	28	4	247.12550881953868	80.54341926729987	0	28	28
1	29	3	384.5	84.43970893970894	0	29	29
1	30	1	480.2687323943662	85.40394366197184	0	30	30
1	31	2	324.3875765529309	85.81889763779527	0	31	31
1	32	6	62.477551020408164	98.81142857142858	0	32	32
1	33	5	186.66548984995586	96.15445719329215	0	33	33
1	34	3	216.7152682255846	102.65474552957359	0	34	34
1	35	1	153.7018348623853	103.66284403669725	0	35	35
1	36	0	130.85945399393327	114.82810920121335	0	36	36
1	37	8	437.7298187808896	108.80889621087314	0	37	37
1	38	0	371.04490177736204	112.34050514499532	0	38	38
1	39	5	104.8981612446959	113.18387553041019	0	39	39
1	40	2	343.4770716009654	116.45776347546258	0	40	40
1	41	2	272.29946879150066	119.25630810092962	0	41	41
1	42	7	310.30268456375836	123.27651006711409	0	42	42
1	43	5	399.03556308213376	120.62150719729043	0	43	43
1	44	1	12.650202429149797	128.14412955465588	0	44	44
1	45	1	173.3058925476603	131.48613518197573	0	45	45
1	46	4	208.82194244604315	135.69694244604315	0	46	46
1	47	0	145.89080459770116	146.11494252873564	0	47	47
1	48	1	496.6044546850998	143.26497695852535	0	48	48
1	49	1	47.236209335219236	146.79137199434228	0	49	49
1	50	0	86.90983606557377	143.54918032786884	0	50	50
1	51	0	226.57199211045364	156.97370151216305	0	51	51
1	52	2	409.3687315634218	156.6637168141593	0	52	52
1	53	6	378.723	153.206	0	53	53
1	54	9	442.55223880597015	162.5643212508884	0	54	54
1	55	5	316.9841143764893	167.9253375694996	0	55	55
1	56	3	349.6553911205074	166.1557434813249	0	56	56
1	57	0	16.88279643591501	172.3118574366004	0	57	57
1	58	0	54.7843347639485	179.21781115879827	0	58	58
1	59	0	88.18264840182648	180.88070776255708	0	59	59
1	60	2	295.01836969001147	175.6486796785304	0	60	60
1	61	2	465.01934523809524	182.15401785714286	0	61	61
1	62	0	134.02777777777777	180.99425287356323	0	62	62
1	63	5	374.9005235602094	188.14659685863873	0	63	63
1	64	0	194.2776595744681	187.20531914893618	0	64	64
1	65	1	168.909	187.158	0	65	65
1	66	0	247.5219960604071	193.74589625738673	0	66	66
1	67	1	279.23382447149265	193.96925048046126	0	67	67
1	68	5	491.5219023779725	199.95181476846057	0	68	68
1	69	0	216.10469909315745	204.199505358615	0	69	69
1	70	0	328.980421686747	203.5210843373494	0	70	70
1	71	7	411.1677215189873	208.68275316455697	0	71	71
1	72	0	146.71461897356144	224.86391912908243	0	72	72
1	73	1	182.56934731934732	226.7348484848485	0	73	73
1	74	1	77.34263715110683	219.70163618864294	0	74	74
1	75	0	334.0239726027397	233.13561643835615	0	75	75
1	76	8	395.9224459358688	233.9977628635347	0	76	76
1	77	0	54.54616724738676	227.51742160278746	0	77	77
1	78	0	103.62236746550472	233.23384168482207	0	78	78
1	79	1	36.60930640913082	240.5750658472344	0	79	79
1	80	2	461.6107336956522	234.77785326086956	0	80	80
1	81	0	253.2223439211391	241.73329682365826	0	81	81
1	82	0	496.9862218999275	251.4641044234953	0	82	82
1	83	1	364.8	255.37952218430033	0	83	83
1	84	1	223.580073800738	258.59778597785976	0	84	84
1	85	0	309.74817518248176	255.55383211678833	0	85	85
1	86	0	135.75297410776767	256.6515045486354	0	86	86
1	87	6	427.54037267080747	261.5751552795031	0	87	87
1	88	0	272.32441860465116	267.6453488372093	0	88	88
1	89	3	467.45454545454544	273.57416267942585	0	89	89
1	90	1	289.6863945578231	284.5931972789116	0	90	90
1	91	3	133.9022435897436	283.7692307692308	0	91	91
1	92	3	166.25302175664785	279.6011281224819	0	92	92
1	93	16	335.22286184210526	281.7845394736842	0	93	93
1	94	2	49.225366876310275	276.7966457023061	0	94	94
1	95	27	373.1802147239264	290.9003067484663	0	95	95
1	96	0	83.89838492597578	294.21063257065947	0	96	96
1	97	9	199.8086153846154	292.6467692307692	0	97	97
1	98	2	32.74835886214442	304.7724288840263	0	98	98
1	99	2	112.98050847457627	297.32372881355934	0	99	99
1	100	1	248.78922237380627	297.8826739427012	0	100	100
1	101	4	480.86140845070423	308.43267605633804	0	101	101
1	102	5	222.82901056676272	315.3976945244957	0	102	102
1	103	4	147.11489992587101	315.45441067457375	0	103	103
1	104	7	306.5130434782609	313.831884057971	0	104	104
1	105	48	343.83920894239037	316.0834049871023	0	105	105
1	106	38	378.2719246615656	334.4479105356092	0	106	106
1	107	9	172.8060965283658	333.0719729043184	0	107	107
1	108	3	110.12629896083133	332.3948840927258	0	108	108
1	109	0	14.263485477178424	336.0878284923928	0	109	109
1	110	3	66.9703656998739	337.92686002522066	0	110	110
1	111	2	207.3893557422969	341.5480859010271	0	111	111
1	112	3	241.7565071368598	343.8715365239295	0	112	112
1	113	1	325.3238276299113	348.9974651457541	0	113	113
1	114	0	272.32341110217214	349.8085277554304	0	114	114
1	115	4	482.90671420083186	347.4634581105169	0	115	115
1	116	6	44.43674698795181	355.06224899598396	0	116	116
1	117	6	185.46117867165574	362.01028999064545	0	117	117
1	118	2	123.22417934347477	357.1617293835068	0	118	118
1	119	4	461.75752508361205	378.30602006688963	0	119	119
1	120	1	92.83297644539614	377.86581013561744	0	120	120
1	121	4	268.4329470198675	379.53559602649005	0	121	121
1	122	2	315.20983318700615	381.6830553116769	0	122	122
1	123	2	233.3353711790393	381.33100436681224	0	123	123
1	124	57	129.82954545454547	387.7604895104895	0	124	124
1	125	1	194.93272864701436	390.7445200302343	0	125	125
1	126	4	23.1184803605924	395.32646490663234	0	126	126
1	127	11	161.76638176638176	394.1358024691358	0	127	127
1	128	6	59.62477876106195	401.56342182890853	0	128	128
1	129	1	350.7867151011936	397.4120394395433	0	129	129
1	130	2	290.68264014466547	404.8616636528029	0	130	130
1	131	0	221.47256438969765	406.5397536394177	0	131	131
1	132	5	392.5613532110092	407.5642201834862	0	132	132
1	133	7	134.24564994882292	415.1525076765609	0	133	133
1	134	3	263.98650793650796	418.1206349206349	0	134	134
1	135	1	328.0782222222222	420.90933333333334	0	135	135
1	136	4	224.65696202531646	427.4291139240506	0	136	136
1	137	1	93.4661596958175	424.05855513307984	0	137	137
1	138	0	190.55877034358048	430.88065099457503	0	138	138
1	139	0	159.557582668187	434.30216647662485	0	139	139
1	140	0	63.76506765067651	436.37269372693726	0	140	140
1	141	0	331.47545008183306	450.5630114566285	0	141	141
1	142	0	365.0158562367865	440.05602536997884	0	142	142
1	143	1	127.68215158924205	440.5525672371638	0	143	143
1	144	2	220.89624060150376	452.8315789473684	0	144	144
1	145	1	392.283185840708	450.9852507374631	0	145	145
1	146	0	108.71260306242638	458.2226148409894	0	146	146
1	147	2	76.87417218543047	460.84673604541155	0	147	147
1	148	0	498.5761772853186	451.0683287165282	0	148	148
1	149	3	30.760967379077616	455.2767154105737	0	149	149
1	150	4	250.77379095163806	451.6606864274571	0	150	150
1	151	0	146.13669064748203	458.0431654676259	0	151	151
1	152	1	179.94809160305343	459.4564885496183	0	152	152
1	153	2	206.1426116838488	464.7525773195876	0	153	153
1	154	0	162.1340523882897	472.6040061633282	0	154	154
1	155	1	373.5459558823529	474.3446691176471	0	155	155
1	156	2	451.3844572368421	470.9683388157895	0	156	156
1	157	2	243.39679358717436	481.9058116232465	0	157	157
1	158	0	138.15331010452962	479.66550522648083	0	158	158
1	159	0	183.73482032218092	486.13878562577446	0	159	159
1	160	17	432.67493796526054	495.47559966914804	0	160	160
1	161	4	460.5695238095238	496.6590476190476	0	161	161
1	162	7	487.43230625583567	497.3772175536881	0	162	162
1	163	0	53.853205512282806	491.89934092270823	0	163	163
1	164	0	122.3435054773083	495.63302034428796	0	164	164
1	165	2	358.16132167152574	494.5724003887269	0	165	165
1	166	1	209.49281767955802	493.1381215469613	0	166	166
2	1	0	203.5641577060932	14.29820788530466	0	1	1
2	2	0	500.7971830985916	14.671830985915493	0	2	2
2	3	0	422.26434923201293	14.365400161681487	0	3	3
2	4	0	460.0279146141215	15.694581280788178	0	4	4
2	5	2	156.00087668030392	30.102863822326125	0	5	5
2	6	1	380.33040702314446	39.76695929768555	0	6	6
2	7	0	475.67935871743487	48.32304609218437	0	7	7
2	8	1	326.91913558731267	44.6747995817358	0	8	8
2	9	2	418.63757115749524	62.80303605313093	0	9	9
2	10	0	246.0424403183024	73.5315649867374	0	10	10
2	11	18	186.5273799494524	79.0223251895535	0	11	11
2	12	0	503.76914153132253	73.4245939675174	0	12	12
2	13	1	287.44519015659955	96.67337807606263	0	13	13
2	14	1	353.57508789552986	90.86137619286791	0	14	14
2	15	7	143.34194272880404	109.15889949466592	0	15	15
2	16	0	481.54032997250226	103.31164069660862	0	16	16
2	17	0	312.9434389140271	101.79864253393666	0	17	17
2	18	0	326.31418918918916	101.39527027027027	0	18	18
2	19	2	419.22822931785197	122.99709724238026	0	19	19
2	20	4	24.03125	135.16431451612902	0	20	20
2	21	3	336.92160833092277	143.11541799247902	0	21	21
2	22	3	473.767939433838	171.77847267939433	0	22	22
2	23	5	43.64913262451035	174.00559597090094	0	23	23
2	24	1	11.028122415219189	180.15301902398676	0	24	24
2	25	1	87.78189621537261	185.16191962543894	0	25	25
2	26	11	175.09915014164307	184.55771954674222	0	26	26
2	27	1	499.4900351699883	199.9660023446659	0	27	27
2	28	0	483.64983164983164	220.753367003367	0	28	28
2	29	6	30.554511278195488	231.70676691729324	0	29	29
2	30	7	81.98910766652702	243.95643066610808	0	30	30
2	31	10	284.2126298960831	272.18198774313885	0	31	31
2	32	4	232.41289437585735	286.8962048468221	0	32	32
2	33	2	440.1403578528827	290.013916500994	0	33	33
2	34	1	11.38638045891932	294.7579570688379	0	34	34
2	35	195	76.0079365079365	303.97770219198793	0	35	35
2	36	20	35.82515194015895	308.2253389434315	0	36	36
2	37	6	143.22714007782102	310.8565175097276	0	37	37
2	38	3	205.79850746268656	318.77679782903664	0	38	38
2	39	1	419.42622020431327	328.9574347332577	0	39	39
2	40	4	243.9891150023663	333.67061050638904	0	40	40
2	41	1	154.5077288941736	340.538644470868	0	41	41
2	42	4	183.51247600767755	340.40563019833655	0	42	42
2	43	59	55.17055296469021	347.325782811459	0	43	43
2	44	4	297.61636945587566	360.5601280292638	0	44	44
2	45	54	106.11320754716981	359.109713487072	0	45	45
2	46	4	204.73491124260354	375.089349112426	0	46	46
2	47	0	488.98649219079783	374.05909666525963	0	47	47
2	48	1	37.79031141868512	381.0560553633218	0	48	48
2	49	13	152.6328941390277	382.74148114493414	0	49	49
2	50	2	286.06885688568855	398.08235823582356	0	50	50
2	51	1	375.6187669990934	394.03853127833185	0	51	51
2	52	1	21.9789283564118	407.578567128236	0	52	52
2	53	2	461.9248554913295	408.75080282594735	0	53	53
2	54	3	186.94609929078015	412.66737588652484	0	54	54
2	55	2	231.330542089026	411.25209343323047	0	55	55
2	56	0	65.62142099681867	421.4469777306469	0	56	56
2	57	1	104.67584097859327	416.97492354740064	0	57	57
2	58	39	169.160406885759	436.05712050078245	0	58	58
2	59	0	427.83765032377426	432.7349676225717	0	59	59
2	60	3	138.1902245706737	442.1743725231176	0	60	60
2	61	1	387.99585062240664	440.5619442797866	0	61	61
2	62	1	92.23639774859286	451.1022514071295	0	62	62
2	63	0	286.0387706855792	445.82364066193855	0	63	63
2	64	4	227.20329411764706	449.7971764705882	0	64	64
2	65	2	313.002965599051	465.2615658362989	0	65	65
2	66	1	351.10974576271184	460.02033898305086	0	66	66
2	67	1	31.237228831350595	471.128411476557	0	67	67
2	68	1	462.1031746031746	470.0962962962963	0	68	68
2	69	16	448.6827111984283	495.6601178781925	0	69	69
2	70	9	489.69749810462474	495.07884761182714	0	70	70
2	71	1	111.29344016024037	487.371557336004	0	71	71
2	72	0	239.15477338476373	492.3437801350048	0	72	72
2	73	1	174.09588327253778	488.40906722251174	0	73	73
2	74	0	384.4053560559951	493.7169811320755	0	74	74
2	75	0	143.34444444444443	496.08395061728396	0	75	75
2	76	0	65.19965477560415	495.0730724971231	0	76	76
3	1	1	311.50989010989014	5.384615384615385	0	1	1
3	2	0	382.88256880733945	10.638532110091743	0	2	2
3	3	0	454.3327859879584	14.902025177887246	0	3	3
3	4	3	285.14649681528664	18.019904458598727	0	4	4
3	5	4	330.82109557109555	30.3986013986014	0	5	5
3	6	4	285.9410760034159	44.862510674637065	0	6	6
3	7	7	332.07901554404145	65.28108808290155	0	7	7
3	8	12	280.822752293578	82.2245871559633	0	8	8
3	9	3	414.53350189633375	102.19005478297514	0	9	9
3	10	7	290.23858238947753	124.79393496529046	0	10	10
3	11	8	362.66297818526715	131.9070502687322	0	11	11
3	12	12	488.304932735426	135.0354260089686	0	12	12
3	13	19	225.66502463054186	162.70298464213272	0	13	13
3	14	4	484.9386529386529	179.84169884169884	0	14	14
3	15	11	316.9916724496877	192.0704371963914	0	15	15
3	16	7	128.8080808080808	198.93939393939394	0	16	16
3	17	23	433.44753553069245	207.21469609918356	0	17	17
3	18	6	381.219908727895	203.72076440387906	0	18	18
3	19	192	235.43606092809068	218.9334041799504	0	19	19
3	20	12	174.5590318772137	213.3943329397875	0	20	20
3	21	4	18.783943329397875	220.94037780401416	0	21	21
3	22	47	485.65542570951584	233.65742904841403	0	22	22
3	23	13	259.39503205128204	241.60657051282053	0	23	23
3	24	31	171.18775510204082	246.90918367346939	0	24	24
3	25	17	363.8598602484472	256.082298136646	0	25	25
3	26	15	275.2887290167866	265.11846522781775	0	26	26
3	27	7	20.055194805194805	264.28246753246754	0	27	27
3	28	7	152.49890470974807	281.81599123767796	0	28	28
3	29	40	347.6685082872928	296.09281767955804	0	29	29
3	30	31	479.3999006458023	295.50372578241434	0	30	30
3	31	11	503.67267683772536	298.38280166435504	0	31	31
3	32	17	222.95009157509156	299.43498168498166	0	32	32
3	33	18	268.9065143824027	322.1294416243655	0	33	33
3	34	5	388.0303167420814	328.34796380090495	0	34	34
3	35	20	307.22033898305085	334.5169491525424	0	35	35
3	36	34	234.14478848669864	350.2049716528565	0	36	36
3	37	26	334.05561861521	349.1237230419977	0	37	37
3	38	6	489.90549662487945	349.8432979749277	0	38	38
3	39	7	361.40836408364083	365.5658056580566	0	39	39
3	40	24	144.1709080393291	381.3961827646038	0	40	40
3	41	8	96.07476280834915	381.67134724857686	0	41	41
3	42	6	446.9890536723164	383.614406779661	0	42	42
3	43	23	268.6905008635579	402.4687392055268	0	43	43
3	44	2	491.3729104157737	413.1268752678954	0	44	44
3	45	1	432.69419642857144	420.7686011904762	0	45	45
3	46	4	399.5069597069597	426.3128205128205	0	46	46
3	47	1	375.49291666666664	461.2416666666667	0	47	47
3	48	0	419.5842479018722	464.22788896061974	0	48	48
3	49	0	470.1350418925579	465.1389847215377	0	49	49
3	50	8	430.1198589894242	494.60282021151585	0	50	50
3	51	8	451.1918367346939	494.67755102040815	0	51	51
3	52	4	467.83815028901734	498.41233140655106	0	52	52
3	53	6	494.49560117302053	494.7565982404692	0	53	53
4	1	2	90.91838649155723	12.541275797373359	0	1	1
4	2	2	130.5635838150289	14.111753371868978	0	2	2
4	3	3	201.29	15.933809523809524	0	3	3
4	4	0	443.7645600991326	10.05824039653036	0	4	4
4	5	0	498.08726752503577	13.124463519313304	0	5	5
4	6	2	285.1259259259259	13.250370370370371	0	6	6
4	7	11	469.3574007220217	28.188327316486163	0	7	7
4	8	0	355.4161008729389	14.875848690591658	0	8	8
4	9	1	327.69928057553955	26.767625899280574	0	9	9
4	10	0	374.1869158878505	33.84766355140187	0	10	10
4	11	0	429.09560067681895	32.43570219966159	0	11	11
4	12	1	244.9456985967053	38.3941427699817	0	12	12
4	13	3	103.26402640264027	43.55995599559956	0	13	13
4	14	8	302.20089285714283	46.38467261904762	0	14	14
4	15	0	399.34952298352124	45.28707718993929	0	15	15
4	16	6	356.19477124183004	62.718300653594774	0	16	16
4	17	5	274.55392433653304	63.27329192546584	0	17	17
4	18	2	420.9238476953908	69.9933199732799	0	18	18
4	19	8	149.4149751917005	69.37843933243121	0	19	19
4	20	2	83.00712328767123	72.62246575342466	0	20	20
4	21	2	457.78649548264383	82.57964812173086	0	21	21
4	22	4	343.27739463601534	88.51877394636016	0	22	22
4	23	2	499.40652557319225	91.81305114638448	0	23	23
4	24	3	383.75850567044694	95.26150767178119	0	24	24
4	25	17	133.63711340206186	100.27628865979382	0	25	25
4	26	27	312.1631871955463	104.78357689631176	0	26	26
4	27	10	100.60199004975124	111.86235489220564	0	27	27
4	28	7	261.6175925925926	110.97268518518518	0	28	28
4	29	3	168.47342026078235	111.2246740220662	0	29	29
4	30	1	412.4655923344948	118.50391986062718	0	30	30
4	31	2	205.00575539568345	117.85323741007194	0	31	31
4	32	7	173.8691499522445	136.27889207258835	0	32	32
4	33	2	475.0357142857143	130.50372670807454	0	33	33
4	34	3	66.60258481421648	144.08360258481423	0	34	34
4	35	6	349.65138653084324	146.32088285229202	0	35	35
4	36	3	310.9752155172414	157.56303879310346	0	36	36
4	37	5	228.17131147540982	153.1672131147541	0	37	37
4	38	14	267.96121495327105	158.81308411214954	0	38	38
4	39	3	161.98433420365535	161.75456919060053	0	39	39
4	40	5	192.19632414369258	163.4436090225564	0	40	40
4	41	1	418.8006802721088	166.84081632653061	0	41	41
4	42	12	101.09204114780725	168.30698429886303	0	42	42
4	43	2	232.29522431259045	180.72214182344428	0	43	43
4	44	10	137.15107256960292	178.82793245093563	0	44	44
4	45	5	390.1292699263228	174.68452779638312	0	45	45
4	46	3	32.39902014153511	177.5764833968427	0	46	46
4	47	2	485.7033571821684	179.27738029719316	0	47	47
4	48	2	447.89537329127234	182.07991587802314	0	48	48
4	49	2	353.0990147783251	191.64187192118226	0	49	49
4	50	20	67.99554455445545	201.21485148514853	0	50	50
4	51	5	178.7084487534626	196.06440443213296	0	51	51
4	52	10	259.5861445783133	202.18072289156626	0	52	52
4	53	5	299.0958385876419	202.90416141235812	0	53	53
4	54	7	18.055442522889116	221.44964394710072	0	54	54
4	55	18	209.72321428571428	220.4970238095238	0	55	55
4	56	5	378.88035450516986	219.43131462333827	0	56	56
4	57	5	406.5947242206235	230.9584332533973	0	57	57
4	58	9	310.89389265885256	232.45835903763108	0	58	58
4	59	5	438.7747502270663	232.56357856494097	0	59	59
4	60	0	497.9468085106383	235.5880077369439	0	60	60
4	61	11	55.6638608305275	244.14141414141415	0	61	61
4	62	3	373.8753443526171	252.21418732782368	0	62	62
4	63	2	255.20963035019454	257.8424124513619	0	63	63
4	64	12	301.75030450669914	262.80816077953716	0	64	64
4	65	0	492.0097943192948	265.6454456415279	0	65	65
4	66	6	76.43525969275787	269.4667154352597	0	66	66
4	67	9	116.66926303175555	257.2174955062912	0	67	67
4	68	6	346.8459657701712	270.5366748166259	0	68	68
4	69	40	158.61663019693654	270.66695842450764	0	69	69
4	70	2	457.51684532924963	269.18912710566616	0	70	70
4	71	2	476.56268806419257	293.49147442326984	0	71	71
4	72	6	113.78238672622847	294.16336949585195	0	72	72
4	73	77	297.8426640926641	296.6727799227799	0	73	73
4	74	1	407.43546845124285	297.12954110898664	0	74	74
4	75	5	501.5	300.8955399061033	0	75	75
4	76	1	373.3204577968526	297.137339055794	0	76	76
4	77	2	439.53470294280953	304.55913381454747	0	77	77
4	78	12	43.06595035198222	305.45498332715823	0	78	78
4	79	3	93.2079851439183	315.3091922005571	0	79	79
4	80	10	239.70420560747664	314.67943925233646	0	80	80
4	81	8	64.86085219707057	337.8422103861518	0	81	81
4	82	4	382.7669376693767	332.52574525745257	0	82	82
4	83	0	488.2138364779874	344.2012578616352	0	83	83
4	84	3	257.82493806771265	353.00743187448387	0	84	84
4	85	7	343.79698618668897	343.1167852658016	0	85	85
4	86	8	293.198189614102	350.10100047641737	0	86	86
4	87	5	176.52238253792083	353.9374768775435	0	87	87
4	88	29	223.4673015873016	354.7498412698413	0	88	88
4	89	3	379.53980446927375	369.67597765363126	0	89	89
4	90	3	461.3277048155097	358.65666041275796	0	90	90
4	91	1	409.13486842105266	363.91282894736844	0	91	91
4	92	4	432.93323216995447	377.8634294385432	0	92	92
4	93	3	319.7692307692308	385.59957850368806	0	93	93
4	94	7	266.99767981438515	395.12606341840683	0	94	94
4	95	7	232.87912673056442	397.7880724174654	0	95	95
4	96	1	478.94335347432025	394.67824773413895	0	96	96
4	97	4	363.59846055163564	405.7055805003207	0	97	97
4	98	2	195.86879823594268	410.861631753032	0	98	98
4	99	37	287.93347412882787	409.45934530095036	0	99	99
4	100	6	401.50672947510094	410.6864064602961	0	100	100
4	101	5	153.5982865302237	416.0085673488815	0	101	101
4	102	1	501.50994152046786	415.8561403508772	0	102	102
4	103	7	462.2258064516129	421.06666666666666	0	103	103
4	104	5	332.8468899521531	418.6794258373206	0	104	104
4	105	6	313.09177215189874	439.8626582278481	0	105	105
4	106	105	426.18127853881276	439.90319634703195	0	106	106
4	107	1	265.58752166377815	436.1169844020797	0	107	107
4	108	2	353.71546961325964	446.6540055248619	0	108	108
4	109	3	493.6978021978022	449.2161172161172	0	109	109
4	110	3	213.53658536585365	453.0415153087701	0	110	110
4	111	2	131.8311418685121	454.50865051903116	0	111	111
4	112	5	272.77345537757435	463.2482837528604	0	112	112
4	113	2	460.74953617810763	460.8951762523191	0	113	113
4	114	1	131.2247340425532	480.5824468085106	0	114	114
4	115	14	430.41575492341354	485.9416484318016	0	115	115
4	116	7	237.82034454470877	482.20180475799833	0	116	116
4	117	6	394.713630105553	481.21385956860945	0	117	117
4	118	12	480.1927710843373	486.4294826364281	0	118	118
4	119	3	163.50411368735976	484.87958115183244	0	119	119
4	120	7	94.81240981240981	480.5656565656566	0	120	120
4	121	6	311.9748815165877	486.6	0	121	121
4	122	11	451.2474645030426	494.815415821501	0	122	122
4	123	0	504.7207547169811	501.37735849056605	0	123	123
4	124	0	110.58823529411765	503.8976034858388	0	124	124
4	125	1	487.1849315068493	505.53767123287673	0	125	125
4	126	1	28.346333853354135	497.7581903276131	0	126	126
4	127	5	69.0352422907489	500.12775330396477	0	127	127
4	128	4	247.17524339360222	502.9262865090403	0	128	128
4	129	0	277.2332268370607	498.5591054313099	0	129	129
4	130	5	354.3447619047619	501.07714285714286	0	130	130
5	1	3	195.9493359567142	15.255287752090506	0	1	1
5	2	0	403.55753526354863	13.016332590942836	0	2	2
5	3	0	470.71588188347965	14.036711891460495	0	3	3
5	4	0	341.2404092071611	17.80306905370844	0	4	4
5	5	1	294.10964332892996	28.265081461911052	0	5	5
5	6	2	112.16647662485747	26.655359179019385	0	6	6
5	7	0	501.85995623632385	31.10503282275711	0	7	7
5	8	0	425.3612334801762	48.48698438125751	0	8	8
5	9	0	480.5922746781116	48.24463519313305	0	9	9
5	10	0	456.0489038785835	53.78246205733558	0	10	10
5	11	1	33.92823529411765	56.078823529411764	0	11	11
5	12	1	243.2922077922078	65.91125541125541	0	12	12
5	13	3	66.00649675162418	78.05547226386807	0	13	13
5	14	0	474.96033653846155	76.24158653846153	0	14	14
5	15	2	311.1976313841599	84.9119170984456	0	15	15
5	16	0	448.53557046979864	93.35369127516779	0	16	16
5	17	1	479.20997375328085	99.79002624671917	0	17	17
5	18	0	26.21518987341772	102.49819168173599	0	18	18
5	19	78	94.10533707865169	113.50889513108615	0	19	19
5	20	0	484.0445510623715	120.88622344071281	0	20	20
5	21	2	199.51085209003216	114.79059485530547	0	21	21
5	22	0	47.93914807302231	116.07505070993915	0	22	22
5	23	1	264.0047109207709	119.32633832976445	0	23	23
5	24	6	126.78632478632478	119.90598290598291	0	24	24
5	25	3	376.6549919484702	123.51247987117553	0	25	25
5	26	16	57.62049639711769	141.52041633306646	0	26	26
5	27	10	15.862068965517242	138.83281086729363	0	27	27
5	28	16	167.37246439361243	140.64436771687528	0	28	28
5	29	3	339.0667986145473	141.20286986640278	0	29	29
5	30	0	504.3702290076336	152.62468193384223	0	30	30
5	31	1	261.41431385423505	156.0262639527249	0	31	31
5	32	0	477.75571521881125	158.8347485303723	0	32	32
5	33	71	130.0792025862069	164.14008620689654	0	33	33
5	34	0	17.546266233766232	171.30357142857142	0	34	34
5	35	1	380.33386773547096	179.86533066132264	0	35	35
5	36	6	184.20448662640206	196.74503882657464	0	36	36
5	37	12	254.22416375436845	207.9670494258612	0	37	37
5	38	5	22.82193802262666	230.5012297097885	0	38	38
5	39	5	146.2536858159634	237.89222165734623	0	39	39
5	40	40	234.166918049271	249.20864756158875	0	40	40
5	41	9	368.44947604790417	258.6762724550898	0	41	41
5	42	35	187.68544600938966	264.90610328638496	0	42	42
5	43	1	157.9678714859438	274.19477911646584	0	43	43
5	44	246	252.1141797197032	279.68837592745257	0	44	44
5	45	1	80.46090156393744	273.02851885924565	0	45	45
5	46	6	332.68881551795295	282.08914568716466	0	46	46
5	47	0	41.70417853751187	284.79962013295346	0	47	47
5	48	2	121.69640479360852	287.0292942743009	0	48	48
5	49	2	103.71588946459413	288.13212435233163	0	49	49
5	50	2	143.57575757575756	299.5874125874126	0	50	50
5	51	1	74.58340611353712	307.17816593886465	0	51	51
5	52	26	281.90898683457357	312.8734974241557	0	52	52
5	53	2	248.0187050359712	328.17841726618707	0	53	53
5	54	5	194.00511421752472	326.92294578929426	0	54	54
5	55	2	17.343804537521816	330.586969168121	0	55	55
5	56	2	154.94317343173432	347.8177121771218	0	56	56
5	57	4	351.45854755784063	356.9800771208226	0	57	57
5	58	5	266.43989431968294	366.56142668428004	0	58	58
5	59	2	94.6203007518797	355.0746509129968	0	59	59
5	60	0	130.89392378990732	358.72914521112256	0	60	60
5	61	2	118.54115853658537	387.5571646341463	0	61	61
5	62	2	168.1460851287441	384.573830793484	0	62	62
5	63	3	74.46127484578479	397.65935572309803	0	63	63
5	64	1	234.94806924101198	394.9174434087883	0	64	64
5	65	0	211.6243961352657	416.09178743961354	0	65	65
5	66	2	101.47630619684082	414.74483596597815	0	66	66
5	67	1	130.16343283582088	424.2365671641791	0	67	67
5	68	4	179.390350877193	427.0275119617225	0	68	68
5	69	0	233.93686224489795	436.8692602040816	0	69	69
5	70	0	26.068649885583525	436.13443935926773	0	70	70
5	71	0	87.96419853539463	437.7493897477624	0	71	71
5	72	0	43.93687315634218	461.9811209439528	0	72	72
5	73	0	124.70354406130268	465.6647509578544	0	73	73
5	74	0	463.99585062240664	468.9466508595139	0	74	74
5	75	0	75.17978669375317	475.7592686642966	0	75	75
5	76	0	193.66230636833046	478.97693631669534	0	76	76
5	77	0	11.053130929791271	486.12618595825427	0	77	77
5	78	17	439.00571837026445	492.13080771979986	0	78	78
5	79	9	488.31889763779526	493.75787401574803	0	79	79
5	80	13	147.89441469013008	493.973221117062	0	80	80
5	81	2	261.8137128072445	494.7619663648124	0	81	81
5	82	1	108.39262472885032	500.58459869848156	0	82	82
6	1	3	162.94285714285715	11.775630252100841	0	1	1
6	2	7	64.0348731884058	18.360960144927535	0	2	2
6	3	6	14.53	23.042142857142856	0	3	3
6	4	2	177.39012584704744	31.26621490803485	0	4	4
6	5	16	112.40973930152484	38.2065912444663	0	5	5
6	6	8	144.38064133016627	60.00296912114014	0	6	6
6	7	3	437.8275307980718	57.68880557043385	0	7	7
6	8	8	59.07224118316268	64.70819112627986	0	8	8
6	9	6	91.02029169308814	73.07292327203551	0	9	9
6	10	26	184.79492691315562	74.25408426483233	0	10	10
6	11	2	501.850540806293	85.14159292035399	0	11	11
6	12	3	329.88384214445273	91.16046165301563	0	12	12
6	13	1	418.8336724313327	93.13377416073246	0	13	13
6	14	14	470.7873855544252	92.3997965412004	0	14	14
6	15	19	130.50386473429953	99.86135265700483	0	15	15
6	16	13	158.49775784753362	120.56053811659193	0	16	16
6	17	21	189.03684807256235	126.9937641723356	0	17	17
6	18	65	485.61356565028	128.88799004355943	0	18	18
6	19	1	356.53084021369597	131.79650315687226	0	19	19
6	20	16	114.72712506767732	140.09149972929075	0	20	20
6	21	9	442.32736796158883	143.583587952859	0	21	21
6	22	12	167.6256157635468	153.98522167487684	0	22	22
6	23	2	489.4388857305287	164.0261512222854	0	23	23
6	24	20	18.179980276134124	161.57297830374753	0	24	24
6	25	28	144.4581440622972	173.84490590525633	0	25	25
6	26	2	414.64233576642334	174.03576642335767	0	26	26
6	27	47	51.57480653482373	167.37360275150473	0	27	27
6	28	5	387.0247011952191	186.3203187250996	0	28	28
6	29	14	189.7271053842614	189.9245283018868	0	29	29
6	30	10	239.47524752475246	192.53748231966054	0	30	30
6	31	56	63.30576006929407	205.67691641403204	0	31	31
6	32	34	323.2481203007519	194.84606252473287	0	32	32
6	33	4	362.3924125666864	198.06994665085952	0	33	33
6	34	7	428.8102862688016	209.47695293546823	0	34	34
6	35	10	171.46521374685668	235.185666387259	0	35	35
6	36	2	477.436820083682	228.58912133891212	0	36	36
6	37	4	15.676286072772898	233.2590966122961	0	37	37
6	38	8	263.72523041474653	237.66301843317973	0	38	38
6	39	8	230.9971363115693	238.9192439862543	0	39	39
6	40	0	206.16353383458647	243.53571428571428	0	40	40
6	41	3	484.1878109452736	254.38681592039802	0	41	41
6	42	4	363.2048254620123	254.82289527720738	0	42	42
6	43	11	448.89231664726424	256.4196740395809	0	43	43
6	44	9	313.53482020937645	257.10878470641785	0	44	44
6	45	2	503.6885245901639	261.797131147541	0	45	45
6	46	2	9.140086206896552	278.07866379310343	0	46	46
6	47	18	211.09615384615384	278.83516483516485	0	47	47
6	48	9	274.81750924784217	279.7355117139334	0	48	48
6	49	7	423.036454018227	284.17232808616404	0	49	49
6	50	3	494.2944496707432	288.50235183443084	0	50	50
6	51	2	173.54586739327883	280.180744777475	0	51	51
6	52	4	31.010191846522783	287.9382494004796	0	52	52
6	53	6	65.7831094049904	289.1293666026871	0	53	53
6	54	2	455.33175355450237	293.0767772511848	0	54	54
6	55	7	338.0498301245753	297.6375990939977	0	55	55
6	56	4	171.37997724687145	308.27133105802045	0	56	56
6	57	7	381.5476424361493	309.8447937131631	0	57	57
6	58	7	261.5514864282637	317.4834123222749	0	58	58
6	59	7	306.69816723940437	313.4828178694158	0	59	59
6	60	3	457.05625	327.62708333333336	0	60	60
6	61	6	209.90434782608696	333.2893719806763	0	61	61
6	62	2	491.901776384535	338.55172413793105	0	62	62
6	63	6	399.22893258426967	336.17837078651684	0	63	63
6	64	12	427.1700996677741	331.81196013289036	0	64	64
6	65	15	384.02915082382765	354.6070975918885	0	65	65
6	66	6	51.293624941833414	357.3527221963704	0	66	66
6	67	4	164.53653444676408	359.92275574112733	0	67	67
6	68	12	361.14921598381386	365.31310065756196	0	68	68
6	69	53	415.16507936507935	376.0857142857143	0	69	69
6	70	13	11.937719298245614	364.2447368421053	0	70	70
6	71	8	123.36041568256968	369.01747756258857	0	71	71
6	72	3	325.8143507972665	374.3477600607441	0	72	72
6	73	11	464.38537859007835	378.8229765013055	0	73	73
6	74	7	89.32766439909297	384.53684807256235	0	74	74
6	75	4	180.0634236453202	388.35221674876846	0	75	75
6	76	4	284.00417536534445	390.7338204592902	0	76	76
6	77	16	24.014423076923077	398.94350961538464	0	77	77
6	78	5	496.01847290640393	407.32881773399015	0	78	78
6	79	6	231.97218007081437	414.2124430955994	0	79	79
6	80	6	180.1057734684883	422.3962097840458	0	80	80
6	81	20	81.0363306085377	419.82288828337875	0	81	81
6	82	8	271.2892613283675	427.7343265052762	0	82	82
6	83	133	425.1962855061908	422.97305171158047	0	83	83
6	84	6	120.82222222222222	429.6870056497175	0	84	84
6	85	28	51.29748743718593	430.70854271356785	0	85	85
6	86	10	318.9866211215485	439.96697978935384	0	86	86
6	87	6	468.3931870669746	445.8827944572748	0	87	87
6	88	4	173.830831408776	464.21304849884524	0	88	88
6	89	3	216.32862903225808	458.9601814516129	0	89	89
6	90	12	372.7739085239085	468.3113305613306	0	90	90
6	91	8	465.17304015296367	480.58604206500956	0	91	91
6	92	2	141.54168674698795	479.4563855421687	0	92	92
6	93	1	392.9957118353345	491.9991423670669	0	93	93
6	94	17	103.73132724341751	487.89199355185383	0	94	94
6	95	7	498.4369034994698	486.38494167550374	0	95	95
6	96	9	450.60093896713613	494.7887323943662	0	96	96
6	97	1	213.24733333333333	492.3066666666667	0	97	97
6	98	13	425.60892994611237	494.04080061585836	0	98	98
6	99	0	246.90583804143125	495.81732580037664	0	99	99
7	1	0	460.38144927536234	16.954202898550726	0	1	1
7	2	0	368.854527938343	10.773603082851638	0	2	2
7	3	4	331.30202429149796	16.17408906882591	0	3	3
7	4	10	108.32475247524752	22.286633663366338	0	4	4
7	5	2	404.3625	32.55397727272727	0	5	5
7	6	22	148.80257510729615	43.0983547925608	0	6	6
7	7	2	364.553876478318	44.678055190538764	0	7	7
7	8	21	39.2587297222986	50.57849876271653	0	8	8
7	9	3	324.27533265097236	56.99437052200614	0	9	9
7	10	1	381.79479768786126	72.14234104046243	0	10	10
7	11	11	255.8428828828829	82.2590990990991	0	11	11
7	12	5	96.16457235508715	80.00608025942441	0	12	12
7	13	2	462.3507322568532	85.16297408937288	0	13	13
7	14	14	205.47466751108297	87.70930968967701	0	14	14
7	15	2	406.2388748950462	94.38790931989925	0	15	15
7	16	4	120.03208906352324	109.30975769482646	0	16	16
7	17	10	167.40047818290495	108.13747758517633	0	17	17
7	18	3	185.7687074829932	130.58843537414967	0	18	18
7	19	1	76.43908629441624	128.3052030456853	0	19	19
7	20	7	19.848430813124107	133.2086305278174	0	20	20
7	21	5	428.29936079545456	148.19105113636363	0	21	21
7	22	2	104.78959025470654	148.53377630121815	0	22	22
7	23	10	141.2598231827112	151.45874263261297	0	23	23
7	24	16	232.12079883097906	151.87335606429616	0	24	24
7	25	26	272.71985446985445	153.4454261954262	0	25	25
7	26	11	202.4262023217247	161.73548922056384	0	26	26
7	27	6	82.66081614743308	175.1202281702501	0	27	27
7	28	8	178.164563617245	179.6130389064143	0	28	28
7	29	154	313.1858439201452	171.69364791288567	0	29	29
7	30	4	124.7269288956127	191.6928895612708	0	30	30
7	31	25	377.6561247216036	185.2	0	31	31
7	32	14	437.0657111952407	198.6846944294213	0	32	32
7	33	16	244.56825396825397	198.13280423280423	0	33	33
7	34	18	319.8975386376646	207.22610188895248	0	34	34
7	35	2	17.101258581235697	207.91704805491992	0	35	35
7	36	21	152.77031630170316	222.2155717761557	0	36	36
7	37	12	227.9896999552172	236.38244514106583	0	37	37
7	38	11	336.619093539055	241.8466730954677	0	38	38
7	39	1	434.91885625965995	242.63910355486863	0	39	39
7	40	35	278.53977272727275	247.52928321678323	0	40	40
7	41	6	129.2104462474645	255.8656186612576	0	41	41
7	42	5	425.6782522343595	267.09036742800396	0	42	42
7	43	8	379.7947855340622	273.1101766190076	0	43	43
7	44	1	335.43695861405195	275.6448508180943	0	44	44
7	45	11	108.7560975609756	278.92870544090056	0	45	45
7	46	11	241.85	285.0711111111111	0	46	46
7	47	10	175.4047619047619	286.61675824175825	0	47	47
7	48	5	288.53553719008266	293.43415977961433	0	48	48
7	49	3	443.201724137931	287.47241379310344	0	49	49
7	50	4	327.7098955132145	306.3097725875845	0	50	50
7	51	6	408.23877995642704	310.75555555555553	0	51	51
7	52	4	464.2964669738863	309.0778289810548	0	52	52
7	53	6	232.62411971830986	317.2702464788732	0	53	53
7	54	36	103.8044128646223	312.58975317875843	0	54	54
7	55	4	205.31724845995893	322.46868583162217	0	55	55
7	56	4	495.70786516853934	324.6359550561798	0	56	56
7	57	20	269.80349854227404	331.1941690962099	0	57	57
7	58	11	47.216796152423235	337.0991490935997	0	58	58
7	59	24	318.60709219858154	349.725768321513	0	59	59
7	60	1	81.80756756756757	356.2227027027027	0	60	60
7	61	55	286.3531468531468	362.76835664335664	0	61	61
7	62	3	163.00070972320796	360.5095812633073	0	62	62
7	63	9	426.4370503597122	374.9161870503597	0	63	63
7	64	1	103.81562216167121	374.3351498637602	0	64	64
7	65	8	44.186564299424184	383.900575815739	0	65	65
7	66	7	132.05728835136856	383.62253341820497	0	66	66
7	67	7	182.76913580246912	387.2969135802469	0	67	67
7	68	33	255.62962962962962	387.7416440831075	0	68	68
7	69	32	471.4038361845516	396.4339035769829	0	69	69
7	70	62	232.6604189636163	413.13285556780596	0	70	70
7	71	5	355.3929631199661	409.2187367528614	0	71	71
7	72	8	158.65246098439377	418.7785114045618	0	72	72
7	73	25	78.44556962025317	422.5170886075949	0	73	73
7	74	2	121.47870528109028	437.1328790459966	0	74	74
7	75	19	38.81476323119777	439.1566852367688	0	75	75
7	76	44	394.3453462864306	443.7840802256346	0	76	76
7	77	106	200.99506172839506	451.87506172839505	0	77	77
7	78	7	148.51083293211363	459.9792970630717	0	78	78
7	79	11	243.72644049542274	456.68766828217554	0	79	79
7	80	7	80.7277079593058	466.2657091561939	0	80	80
7	81	6	318.4059850374065	462.7640897755611	0	81	81
7	82	14	459.98046181172293	472.7495559502664	0	82	82
7	83	8	269.42424242424244	484.63524130190797	0	83	83
7	84	9	489.0915279878971	495.0756429652042	0	84	84
7	85	2	319.20255474452557	496.5535279805353	0	85	85
7	86	10	44.36493288590604	493.7491610738255	0	86	86
7	87	0	372.2649727767695	495.3557168784029	0	87	87
7	88	0	204.51495726495727	497.20726495726495	0	88	88
8	1	3	186.36888888888888	11.328	0	1	1
8	2	0	460.90392313851083	9.33947157726181	0	2	2
8	3	15	47.850378165077274	34.81420585333772	0	3	3
8	4	14	146.52375607931162	31.130564908342688	0	4	4
8	5	7	96.12738301559791	33.8184575389948	0	5	5
8	6	19	298.29613466334166	37.58915211970075	0	6	6
8	7	2	494.44536817102136	38.31294536817102	0	7	7
8	8	6	247.25664418881397	53.966679888932966	0	8	8
8	9	4	13.56855791962175	64.6885342789598	0	9	9
8	10	8	471.69129662522204	86.49698046181172	0	10	10
8	11	8	133.09832134292566	93.74460431654676	0	11	11
8	12	16	386.42168998923574	92.91872981700753	0	12	12
8	13	12	291.2432739674119	93.50625236832133	0	13	13
8	14	11	88.72136752136753	100.0017094017094	0	14	14
8	15	17	202.5229398663697	99.73541202672605	0	15	15
8	16	67	205.82302335108562	141.78041786153216	0	16	16
8	17	21	279.3335907335907	158.0980694980695	0	17	17
8	18	21	318.5086401202104	159.95567242674682	0	18	18
8	19	7	451.1277847835225	168.07776376628837	0	19	19
8	20	22	131.59985554351752	165.44167569519684	0	20	20
8	21	9	24.32018834608593	166.28310771041788	0	21	21
8	22	2	5.843601895734597	176.86887835703	0	22	22
8	23	11	351.9103896103896	176.40454545454546	0	23	23
8	24	30	392.38153129849974	195.5069839627522	0	24	24
8	25	40	320.6831168831169	195.14805194805194	0	25	25
8	26	17	239.06296296296296	202.2425925925926	0	26	26
8	27	4	498.78977272727275	197.20535714285714	0	27	27
8	28	47	302.20224146714213	217.19154355578198	0	28	28
8	29	20	485.8368719037509	238.40728945506015	0	29	29
8	30	17	271.1450073421439	247.8619676945668	0	30	30
8	31	21	90.00100300902709	239.33500501504514	0	31	31
8	32	15	158.4113475177305	247.47916666666666	0	32	32
8	33	18	116.30915795943454	260.7154271665642	0	33	33
8	34	6	195.08565866320572	254.3659961064244	0	34	34
8	35	19	17.249448123620308	262.1644591611479	0	35	35
8	36	13	225.66399622997173	280.63760603204526	0	36	36
8	37	5	354.70391517128877	283.26019575856446	0	37	37
8	38	25	183.31281094527364	294.8550995024876	0	38	38
8	39	19	317.95429104477614	295.0368470149254	0	39	39
8	40	5	157.49682034976152	308.8640699523053	0	40	40
8	41	2	282.925431711146	304.3995290423862	0	41	41
8	42	7	232.77216021011162	316.6651346027577	0	42	42
8	43	10	262.3856076035302	324.51255940257977	0	43	43
8	44	18	362.40354938271605	323.78356481481484	0	44	44
8	45	3	72.44636908727514	336.746835443038	0	45	45
8	46	19	111.59597205096588	339.7357172215372	0	46	46
8	47	14	317.489837398374	354.38651761517616	0	47	47
8	48	9	33.30441703143653	356.783127735774	0	48	48
8	49	10	262.3041691133294	392.9039929536113	0	49	49
8	50	7	213.9499424626007	481.04085155350975	0	50	50
8	51	17	487.0	490.8463687150838	0	51	51
8	52	3	390.3894297635605	494.221140472879	0	52	52
