ImageNumber	ObjectNumber	Children_Cells_Count	Children_PLA_Count	Location_Center_X	Location_Center_Y	Location_Center_Z	Number_Object_Number
1	1	1	1	176.46853146853147	3.195804195804196	0	1
1	2	1	0	244.18430034129693	5.334470989761092	0	2
1	3	1	4	306.05058365758754	6.260700389105058	0	3
1	4	1	0	358.2970297029703	1.702970297029703	0	4
1	5	1	0	397.8560606060606	3.477272727272727	0	5
1	6	1	0	420.90748898678413	7.429515418502203	0	6
1	7	1	0	476.23225806451615	5.4	0	7
1	8	1	0	492.4765625	3.2734375	0	8
1	9	1	1	118.6	6.0964285714285715	0	9
1	10	1	1	270.2158273381295	9.136690647482014	0	10
1	11	1	0	507.47752808988764	11.314606741573034	0	11
1	12	1	0	90.61377245508982	16.550898203592816	0	12
1	13	1	1	347.1004942339374	16.82866556836903	0	13
1	14	1	1	40.78012048192771	16.69578313253012	0	14
1	15	1	0	305.80924855491327	20.601156069364162	0	15
1	16	1	1	149.98	20.64	0	16
1	17	1	0	497.1592920353982	22.353982300884955	0	17
1	18	1	0	130.26756756756757	23.84054054054054	0	18
1	19	1	0	188.75850340136054	28.612244897959183	0	19
1	20	1	0	290.7386018237082	28.571428571428573	0	20
1	21	1	0	163.68085106382978	31.920212765957448	0	21
1	22	1	1	61.742705570291776	30.94429708222812	0	22
1	23	1	0	409.59869138495094	30.285714285714285	0	23
1	24	1	0	363.5539033457249	34.55018587360595	0	24
1	25	1	0	433.0708446866485	34.926430517711175	0	25
1	26	1	2	137.4972972972973	38.51081081081081	0	26
1	27	1	1	447.45541401273886	41.26433121019108	0	27
1	28	1	2	253.46616541353384	42.042606516290725	0	28
1	29	1	1	319.3916913946588	45.13649851632047	0	29
1	30	1	0	84.98	45.7075	0	30
1	31	1	0	384.61417322834643	47.46614173228347	0	31
1	32	1	0	486.8870588235294	46.16470588235294	0	32
1	33	1	0	504.7692307692308	48.214046822742475	0	33
1	34	1	0	207.83333333333334	46.666666666666664	0	34
1	35	1	2	109.02941176470588	50.0	0	35
1	36	1	0	175.25613079019072	52.305177111716624	0	36
1	37	1	4	297.42902208201895	53.2397476340694	0	37
1	38	1	0	274.7798165137615	56.1605504587156	0	38
1	39	1	3	237.71031746031747	60.11309523809524	0	39
1	40	1	0	489.0220588235294	65.36029411764706	0	40
1	41	1	1	4.078125	66.9140625	0	41
1	42	1	0	502.58355437665784	72.18037135278514	0	42
1	43	1	0	467.69618055555554	71.65277777777777	0	43
1	44	1	3	214.77684210526317	72.98105263157895	0	44
1	45	1	1	386.59574468085106	75.47872340425532	0	45
1	46	1	2	25.0625814863103	75.0039113428944	0	46
1	47	1	2	43.85671641791045	75.75522388059701	0	47
1	48	1	0	447.59645669291336	80.46653543307086	0	48
1	49	1	2	126.31179775280899	82.54494382022472	0	49
1	50	1	3	4.159203980099503	89.01990049751244	0	50
1	51	1	4	158.48081841432224	89.80562659846548	0	51
1	52	1	3	195.40816326530611	91.16909620991254	0	52
1	53	1	1	278.94278606965173	87.48756218905473	0	53
1	54	1	1	419.9013452914798	89.26681614349776	0	54
1	55	1	3	52.43950177935943	93.94306049822065	0	55
1	56	1	0	231.15555555555557	91.03809523809524	0	56
1	57	1	0	302.504132231405	91.95661157024793	0	57
1	58	1	1	433.26478149100257	99.16452442159382	0	58
1	59	1	0	481.3363471971067	96.74864376130199	0	59
1	60	1	3	133.61455525606468	101.33692722371967	0	60
1	61	1	3	253.2698795180723	102.25301204819277	0	61
1	62	1	2	220.9940652818991	105.16617210682493	0	62
1	63	1	1	349.88557213930346	101.83582089552239	0	63
1	64	1	1	69.47325102880659	108.8477366255144	0	64
1	65	1	3	96.0219378427788	109.77879341864717	0	65
1	66	1	0	325.21643518518516	108.45486111111111	0	66
1	67	1	1	115.43478260869566	113.1304347826087	0	67
1	68	1	2	194.79365079365078	115.55555555555556	0	68
1	69	1	1	355.05029585798815	119.13313609467455	0	69
1	70	1	0	409.6495176848875	116.91318327974277	0	70
1	71	1	0	437.70144927536234	119.57101449275362	0	71
1	72	1	1	392.0514705882353	124.1470588235294	0	72
1	73	1	1	87.40789473684211	128.46315789473684	0	73
1	74	1	1	280.50589777195285	132.85845347313239	0	74
1	75	1	3	257.43168316831685	131.76039603960396	0	75
1	76	1	3	454.4296998420221	131.83412322274881	0	76
1	77	1	0	112.9715909090909	130.98863636363637	0	77
1	78	1	1	222.52405063291138	132.7240506329114	0	78
1	79	1	2	413.5940594059406	137.00742574257427	0	79
1	80	1	0	7.28781512605042	139.94117647058823	0	80
1	81	1	1	394.2426778242678	141.73221757322176	0	81
1	82	1	0	467.08352144469524	149.08352144469526	0	82
1	83	1	2	373.51785714285717	146.44642857142858	0	83
1	84	1	3	21.767220902612827	150.63182897862234	0	84
1	85	1	1	99.3248730964467	153.06598984771574	0	85
1	86	1	3	215.8746736292428	151.12271540469973	0	86
1	87	1	0	299.02008032128515	152.43775100401606	0	87
1	88	1	1	495.02925531914894	156.20744680851064	0	88
1	89	1	0	140.70253164556962	157.86708860759492	0	89
1	90	1	1	350.8709677419355	158.15322580645162	0	90
1	91	1	0	439.6875	162.31730769230768	0	91
1	92	1	4	121.20246913580247	161.65925925925927	0	92
1	93	1	2	507.89830508474574	162.46610169491527	0	93
1	94	1	2	209.44444444444446	171.0	0	94
1	95	1	0	392.1521739130435	174.09782608695653	0	95
1	96	1	2	351.5608519269777	178.5365111561866	0	96
1	97	1	4	177.2398190045249	186.4683257918552	0	97
1	98	1	2	7.657627118644068	191.42372881355934	0	98
1	99	1	4	283.7255434782609	191.3804347826087	0	99
1	100	1	1	389.812375249501	194.74051896207584	0	100
1	101	1	0	488.876	194.144	0	101
1	102	1	4	194.0970297029703	196.0910891089109	0	102
1	103	1	1	365.06081081081084	195.43243243243242	0	103
1	104	1	1	442.0601398601399	199.06433566433566	0	104
1	105	1	0	507.56470588235294	204.68823529411765	0	105
1	106	1	1	43.0960960960961	204.22822822822823	0	106
1	107	1	3	261.9549071618037	200.52785145888595	0	107
1	108	1	1	332.2329192546584	207.8416149068323	0	108
1	109	1	1	62.18345323741007	210.0935251798561	0	109
1	110	1	1	2.857142857142857	211.0	0	110
1	111	1	0	367.088	213.072	0	111
1	112	1	1	24.62401263823065	213.47077409162716	0	112
1	113	1	1	273.57703081232495	216.0252100840336	0	113
1	114	1	2	391.4567307692308	217.82692307692307	0	114
1	115	1	0	477.1925	216.4775	0	115
1	116	1	4	145.71066907775767	212.25316455696202	0	116
1	117	1	4	295.8	218.6925925925926	0	117
1	118	1	3	320.4466858789625	220.64265129682997	0	118
1	119	1	34	198.9225181598063	220.3680387409201	0	119
1	120	1	3	145.88529411764705	227.8294117647059	0	120
1	121	1	3	58.93564356435643	227.30693069306932	0	121
1	122	1	1	10.502463054187192	227.76354679802955	0	122
1	123	1	20	239.89501312335958	229.19160104986878	0	123
1	124	1	0	439.85135135135135	228.83783783783784	0	124
1	125	1	0	467.77326968973745	230.66587112171837	0	125
1	126	1	0	504.6363636363636	231.95454545454547	0	126
1	127	1	4	220.05134474327627	233.99755501222495	0	127
1	128	1	0	376.2416666666667	238.05833333333334	0	128
1	129	1	0	309.31353919239905	237.9643705463183	0	129
1	130	1	1	397.22857142857146	240.52857142857144	0	130
1	131	1	1	183.30612244897958	241.86479591836735	0	131
1	132	1	5	104.7575	244.9675	0	132
1	133	1	0	449.14074074074074	244.8962962962963	0	133
1	134	1	5	267.80877742946706	249.9498432601881	0	134
1	135	1	2	423.15656565656565	249.00757575757575	0	135
1	136	1	5	149.85422740524783	248.9271137026239	0	136
1	137	1	0	485.22222222222223	250.953216374269	0	137
1	138	1	0	464.9	252.86923076923077	0	138
1	139	1	2	350.0272373540856	254.34241245136187	0	139
1	140	1	2	335.0290909090909	256.50545454545454	0	140
1	141	1	1	202.3111111111111	256.97777777777776	0	141
1	142	1	3	66.63406940063092	252.096214511041	0	142
1	143	1	3	285.8126582278481	260.36708860759495	0	143
1	144	1	1	379.9586776859504	260.9586776859504	0	144
1	145	1	1	442.9142857142857	262.97402597402595	0	145
1	146	1	1	300.8738317757009	267.1799065420561	0	146
1	147	1	3	166.22099447513813	267.6381215469613	0	147
1	148	1	5	82.16317365269461	267.6556886227545	0	148
1	149	1	3	225.7080291970803	271.3284671532847	0	149
1	150	1	4	109.012285012285	281.8181818181818	0	150
1	151	1	1	397.4527687296417	280.5342019543974	0	151
1	152	1	4	375.17955112219454	277.2643391521197	0	152
1	153	1	0	59.94919786096256	282.83957219251334	0	153
1	154	1	3	202.20192307692307	283.9567307692308	0	154
1	155	1	0	478.93899782135077	284.47058823529414	0	155
1	156	1	0	153.59558823529412	286.5	0	156
1	157	1	4	86.22846441947566	288.6741573033708	0	157
1	158	1	5	182.4322429906542	290.60981308411215	0	158
1	159	1	6	260.9083969465649	289.61323155216286	0	159
1	160	1	6	298.8933333333333	289.9288888888889	0	160
1	161	1	5	445.8794520547945	291.4821917808219	0	161
1	162	1	4	128.21681415929203	296.5899705014749	0	162
1	163	1	4	374.095717884131	299.68513853904284	0	163
1	164	1	1	161.39622641509433	298.0503144654088	0	164
1	165	1	2	66.76164383561644	299.44109589041096	0	165
1	166	1	1	323.3405639913232	300.7722342733189	0	166
1	167	1	0	343.20245398773005	301.65644171779144	0	167
1	168	1	1	424.8707865168539	305.8707865168539	0	168
1	169	1	1	441.5311004784689	306.5598086124402	0	169
1	170	1	3	219.52969121140143	310.80522565320666	0	170
1	171	1	5	260.4903047091413	309.10526315789474	0	171
1	172	1	1	36.13427561837456	312.29681978798584	0	172
1	173	1	3	77.67142857142858	313.00857142857143	0	173
1	174	1	1	243.48837209302326	313.2093023255814	0	174
1	175	1	2	302.00837988826817	314.10893854748605	0	175
1	176	1	0	465.07655502392345	315.14354066985646	0	176
1	177	1	1	502.6532663316583	313.76884422110555	0	177
1	178	1	0	483.6169590643275	314.82163742690057	0	178
1	179	1	0	233.75384615384615	321.24615384615385	0	179
1	180	1	0	63.215053763440864	324.13978494623655	0	180
1	181	1	1	94.34375	320.6979166666667	0	181
1	182	1	3	183.45	323.18095238095236	0	182
1	183	1	1	439.7902097902098	325.05594405594405	0	183
1	184	1	1	312.3272727272727	327.41818181818184	0	184
1	185	1	0	405.65416666666664	325.4625	0	185
1	186	1	2	357.93465909090907	330.1448863636364	0	186
1	187	1	1	211.2594696969697	334.8484848484849	0	187
1	188	1	4	120.89277108433735	337.15060240963857	0	188
1	189	1	1	326.1857798165138	339.9288990825688	0	189
1	190	1	2	343.9656750572082	345.6864988558352	0	190
1	191	1	0	51.49789029535865	344.40928270042195	0	191
1	192	1	0	437.46867749419954	347.5522041763341	0	192
1	193	1	2	281.92270531400965	344.44444444444446	0	193
1	194	1	1	371.0067567567568	346.56081081081084	0	194
1	195	1	0	310.61176470588236	347.36470588235295	0	195
1	196	1	3	255.14247311827958	350.36559139784947	0	196
1	197	1	0	465.2671755725191	351.6297709923664	0	197
1	198	1	2	215.24180327868854	353.3606557377049	0	198
1	199	1	2	298.5754189944134	355.6815642458101	0	199
1	200	1	0	384.65879265091866	354.54068241469815	0	200
1	201	1	0	168.08022922636104	354.72206303724926	0	201
1	202	1	0	87.41780821917808	356.19520547945206	0	202
1	203	1	4	402.93375394321765	353.9842271293375	0	203
1	204	1	0	229.67537313432837	359.45522388059703	0	204
1	205	1	0	45.63101604278075	359.2566844919786	0	205
1	206	1	1	68.25368731563422	359.42477876106193	0	206
1	207	1	3	151.82295081967214	367.4065573770492	0	207
1	208	1	1	493.66911764705884	366.33700980392155	0	208
1	209	1	2	123.1510574018127	369.0060422960725	0	209
1	210	1	2	186.03030303030303	372.94405594405595	0	210
1	211	1	0	350.57105263157894	377.09473684210525	0	211
1	212	1	2	131.34967320261438	382.37254901960785	0	212
1	213	1	1	257.09090909090907	383.07125307125307	0	213
1	214	1	3	102.2770083102493	382.40443213296396	0	214
1	215	1	0	58.05134474327628	385.8679706601467	0	215
1	216	1	0	366.1434689507495	389.57173447537474	0	216
1	217	1	2	284.97049180327866	387.5081967213115	0	217
1	218	1	0	317.5838709677419	385.03225806451616	0	218
1	219	1	2	334.30423940149626	389.16708229426433	0	219
1	220	1	1	443.19354838709677	386.60215053763443	0	220
1	221	1	1	429.2674418604651	391.6744186046512	0	221
1	222	1	0	204.94328358208955	392.4119402985075	0	222
1	223	1	0	407.6865671641791	391.7867803837953	0	223
1	224	1	0	480.4855072463768	394.6050724637681	0	224
1	225	1	0	388.5409090909091	398.21363636363634	0	225
1	226	1	3	88.11634349030471	395.18005540166206	0	226
1	227	1	1	221.7312925170068	391.7687074829932	0	227
1	228	1	0	141.02564102564102	399.9230769230769	0	228
1	229	1	1	306.1030303030303	396.0939393939394	0	229
1	230	1	0	117.74237288135593	404.8101694915254	0	230
1	231	1	0	292.6296296296296	406.2307692307692	0	231
1	232	1	0	98.9969696969697	407.7121212121212	0	232
1	233	1	0	415.8577405857741	406.7154811715481	0	233
1	234	1	1	165.19205298013244	403.6887417218543	0	234
1	235	1	0	223.0566037735849	408.2169811320755	0	235
1	236	1	1	34.78769230769231	410.5446153846154	0	236
1	237	1	1	186.51123595505618	408.02059925093636	0	237
1	238	1	1	261.41431670282	411.8590021691974	0	238
1	239	1	1	170.11453744493392	418.13656387665196	0	239
1	240	1	0	9.254039497307001	414.3043087971275	0	240
1	241	1	0	474.8681434599156	426.3122362869198	0	241
1	242	1	1	84.76127320954907	427.7241379310345	0	242
1	243	1	0	418.8079800498753	425.25187032418955	0	243
1	244	1	1	313.44514106583074	422.94984326018806	0	244
1	245	1	0	68.92181069958848	428.798353909465	0	245
1	246	1	1	199.28051948051947	430.53506493506495	0	246
1	247	1	1	234.35201793721973	432.5179372197309	0	247
1	248	1	1	310.7429378531073	439.64406779661016	0	248
1	249	1	0	122.87598944591029	439.17414248021106	0	249
1	250	1	1	36.04920634920635	443.0285714285714	0	250
1	251	1	1	259.4192	443.0352	0	251
1	252	1	0	235.58305084745763	451.7830508474576	0	252
1	253	1	0	356.80782918149464	448.7829181494662	0	253
1	254	1	1	215.82669789227165	453.6346604215457	0	254
1	255	1	0	423.14948453608247	453.46907216494844	0	255
1	256	1	0	293.75080906148867	459.44336569579286	0	256
1	257	1	1	366.0406504065041	461.2276422764228	0	257
1	258	1	1	99.088772845953	460.3472584856397	0	258
1	259	1	0	7.090909090909091	460.3551136363636	0	259
1	260	1	0	504.70443349753697	462.2216748768473	0	260
1	261	1	0	413.0924369747899	465.4957983193277	0	261
1	262	1	0	151.85256410256412	461.4807692307692	0	262
1	263	1	0	18.606060606060606	467.5265151515151	0	263
1	264	1	0	165.93305439330544	474.05857740585776	0	264
1	265	1	0	454.8327464788732	465.74295774647885	0	265
1	266	1	0	61.07216494845361	464.3745704467354	0	266
1	267	1	0	137.70793036750484	464.9284332688588	0	267
1	268	1	0	344.69827586206895	470.3390804597701	0	268
1	269	1	0	32.89297658862876	472.561872909699	0	269
1	270	1	1	390.748987854251	467.753036437247	0	270
1	271	1	0	471.9252336448598	473.6775700934579	0	271
1	272	1	0	429.9818181818182	474.2	0	272
1	273	1	0	486.5584415584416	473.6818181818182	0	273
1	274	1	0	186.58530183727035	475.56430446194224	0	274
1	275	1	0	53.04367816091954	480.6528735632184	0	275
1	276	1	0	360.545197740113	483.1045197740113	0	276
1	277	1	2	381.43488943488944	483.56756756756755	0	277
1	278	1	0	131.51459854014598	481.8868613138686	0	278
1	279	1	0	232.2889447236181	483.0527638190955	0	279
1	280	1	2	311.5517774343122	481.1251931993818	0	280
1	281	1	1	113.13608562691131	484.4663608562691	0	281
1	282	1	0	69.04437869822485	487.8165680473373	0	282
1	283	1	0	206.74725274725276	484.75824175824175	0	283
1	284	1	0	452.2894736842105	486.4671052631579	0	284
1	285	1	1	252.125	491.77	0	285
1	286	1	0	35.69230769230769	496.03550295857985	0	286
1	287	1	0	370.22033898305085	500.3135593220339	0	287
1	288	1	0	440.1219512195122	495.8509485094851	0	288
1	289	1	0	329.1806282722513	498.0890052356021	0	289
1	290	1	1	504.4548192771084	499.8042168674699	0	290
1	291	1	0	136.92924528301887	503.6839622641509	0	291
1	292	1	0	351.0502283105023	505.89497716894977	0	292
1	293	1	0	77.2827868852459	504.7254098360656	0	293
1	294	1	0	106.8896551724138	506.71724137931034	0	294
1	295	1	0	215.1969696969697	507.6969696969697	0	295
1	296	1	0	262.2260273972603	507.3972602739726	0	296
1	297	1	1	287.80645161290323	505.8110599078341	0	297
2	1	1	0	12.097560975609756	2.0365853658536586	0	1
2	2	1	0	98.02380952380952	2.630952380952381	0	2
2	3	1	0	187.8719512195122	4.2439024390243905	0	3
2	4	1	0	272.4024390243902	5.788617886178862	0	4
2	5	1	0	292.68461538461537	2.8384615384615386	0	5
2	6	1	0	318.75	2.352272727272727	0	6
2	7	1	0	421.505076142132	7.629441624365482	0	7
2	8	1	0	479.80392156862746	2.1470588235294117	0	8
2	9	1	0	350.93079584775086	7.757785467128028	0	9
2	10	1	0	37.63492063492063	7.666666666666667	0	10
2	11	1	0	156.5125	8.23125	0	11
2	12	1	0	62.2421875	8.864583333333334	0	12
2	13	1	0	471.1111111111111	11.538011695906432	0	13
2	14	1	0	505.22727272727275	8.218181818181819	0	14
2	15	1	1	76.69444444444444	13.182539682539682	0	15
2	16	1	0	208.85492227979276	8.590673575129534	0	16
2	17	1	0	6.354354354354355	14.6996996996997	0	17
2	18	1	0	90.31764705882352	18.63529411764706	0	18
2	19	1	0	199.17105263157896	17.30592105263158	0	19
2	20	1	0	223.4453961456103	21.3169164882227	0	20
2	21	1	0	402.0831024930748	16.548476454293628	0	21
2	22	1	0	448.7563025210084	13.193277310924369	0	22
2	23	1	0	487.8655462184874	19.436974789915965	0	23
2	24	1	0	243.5026178010471	22.67539267015707	0	24
2	25	1	0	160.44864864864866	23.983783783783785	0	25
2	26	1	0	114.54558011049724	20.124309392265193	0	26
2	27	1	0	417.5586592178771	28.966480446927374	0	27
2	28	1	0	506.22222222222223	27.73777777777778	0	28
2	29	1	0	439.07656612529	29.19953596287703	0	29
2	30	1	0	289.45700245700243	30.056511056511056	0	30
2	31	1	1	368.7189349112426	27.68491124260355	0	31
2	32	1	0	127.34939759036145	34.36746987951807	0	32
2	33	1	0	47.34625322997416	30.511627906976745	0	33
2	34	1	0	263.6985138004246	31.660297239915074	0	34
2	35	1	1	179.50819672131146	32.042875157629254	0	35
2	36	1	1	309.3140703517588	38.62562814070352	0	36
2	37	1	2	36.18811881188119	41.245049504950494	0	37
2	38	1	1	94.7521613832853	41.73487031700288	0	38
2	39	1	0	497.25479452054793	40.98082191780822	0	39
2	40	1	0	427.7391304347826	40.93913043478261	0	40
2	41	1	1	386.06615776081424	44.57506361323155	0	41
2	42	1	0	189.8315565031983	52.38805970149254	0	42
2	43	1	0	426.35135135135135	49.972972972972975	0	43
2	44	1	0	135.21680216802167	54.52574525745258	0	44
2	45	1	0	408.8768577494692	58.21231422505308	0	45
2	46	1	0	165.95366795366795	57.08880308880309	0	46
2	47	1	0	346.27951807228914	57.48915662650602	0	47
2	48	1	2	318.03554502369667	61.30331753554503	0	48
2	49	1	0	271.97411764705885	62.31058823529412	0	49
2	50	1	0	207.25641025641025	64.96794871794872	0	50
2	51	1	0	16.725099601593627	67.20318725099601	0	51
2	52	1	1	57.00632911392405	67.75632911392405	0	52
2	53	1	0	439.905311778291	69.67667436489607	0	53
2	54	1	0	394.740350877193	72.79298245614035	0	54
2	55	1	0	456.3631436314363	74.91056910569105	0	55
2	56	1	0	223.7953216374269	75.33333333333333	0	56
2	57	1	0	333.7073170731707	75.91951219512195	0	57
2	58	1	0	1.6746987951807228	74.93975903614458	0	58
2	59	1	0	379.3772151898734	76.23797468354431	0	59
2	60	1	0	147.6988416988417	82.42857142857143	0	60
2	61	1	0	62.87898089171974	81.08917197452229	0	61
2	62	1	0	240.03370786516854	84.76404494382022	0	62
2	63	1	0	188.53205661948377	83.76353039134055	0	63
2	64	1	0	53.70319634703196	89.35159817351598	0	64
2	65	1	0	427.9214285714286	89.21428571428571	0	65
2	66	1	0	89.48034188034188	84.97094017094017	0	66
2	67	1	2	72.20610687022901	90.63740458015268	0	67
2	68	1	0	470.734693877551	91.51895043731778	0	68
2	69	1	1	110.12068965517241	91.5316091954023	0	69
2	70	1	1	340.77363896848135	93.37249283667622	0	70
2	71	1	1	292.8333333333333	98.81458333333333	0	71
2	72	1	1	201.43963963963964	106.46666666666667	0	72
2	73	1	0	223.87922705314008	98.7463768115942	0	73
2	74	1	0	145.03667481662592	106.63325183374083	0	74
2	75	1	1	244.58333333333334	106.58641975308642	0	75
2	76	1	0	326.16812227074234	108.67903930131004	0	76
2	77	1	0	433.6143790849673	108.25054466230937	0	77
2	78	1	0	113.68	112.28	0	78
2	79	1	0	376.80357142857144	112.50595238095238	0	79
2	80	1	0	10.588972431077694	112.47117794486215	0	80
2	81	1	1	25.025236593059937	122.06624605678233	0	81
2	82	1	0	399.5427135678392	116.96482412060301	0	82
2	83	1	1	209.4017094017094	123.47863247863248	0	83
2	84	1	0	352.2610169491525	121.11864406779661	0	84
2	85	1	2	44.57323688969259	117.28571428571429	0	85
2	86	1	0	459.1212871287129	123.31188118811882	0	86
2	87	1	0	2.9923076923076923	127.95384615384616	0	87
2	88	1	0	480.9573863636364	124.9375	0	88
2	89	1	0	392.4125	133.1	0	89
2	90	1	0	53.351351351351354	135.0960960960961	0	90
2	91	1	0	112.84191176470588	133.04779411764707	0	91
2	92	1	1	147.20535714285714	130.27083333333334	0	92
2	93	1	1	88.74792243767313	135.0360110803324	0	93
2	94	1	0	363.55555555555554	138.0671834625323	0	94
2	95	1	3	162.33261802575106	139.67596566523605	0	95
2	96	1	0	438.0921052631579	134.83991228070175	0	96
2	97	1	1	328.3377483443709	138.76379690949227	0	97
2	98	1	0	68.52459016393442	141.84918032786885	0	98
2	99	1	0	303.01672240802674	140.37458193979933	0	99
2	100	1	0	502.8220338983051	141.46610169491527	0	100
2	101	1	0	13.9328165374677	143.05684754521963	0	101
2	102	1	1	233.22758620689655	145.64827586206897	0	102
2	103	1	1	271.39104477611943	143.8179104477612	0	103
2	104	1	2	252.76923076923077	146.94405594405595	0	104
2	105	1	0	486.1061946902655	149.91814159292036	0	105
2	106	1	1	39.06812652068127	153.4330900243309	0	106
2	107	1	0	151.57983193277312	155.7058823529412	0	107
2	108	1	1	286.0658682634731	156.88323353293413	0	108
2	109	1	1	111.5448717948718	156.66666666666666	0	109
2	110	1	0	392.616091954023	155.4758620689655	0	110
2	111	1	0	469.24242424242425	157.23232323232324	0	111
2	112	1	2	64.16408668730651	161.47368421052633	0	112
2	113	1	2	357.15	164.79722222222222	0	113
2	114	1	0	435.3623188405797	161.90942028985506	0	114
2	115	1	0	453.77460770328105	169.6904422253923	0	115
2	116	1	2	202.0909090909091	166.68965517241378	0	116
2	117	1	2	135.7177033492823	167.07177033492823	0	117
2	118	1	0	338.52272727272725	167.4090909090909	0	118
2	119	1	0	149.66666666666666	170.53030303030303	0	119
2	120	1	2	38.574742268041234	173.32731958762886	0	120
2	121	1	2	16.705882352941178	172.79679144385025	0	121
2	122	1	1	412.406015037594	174.95864661654136	0	122
2	123	1	0	347.10752688172045	176.9516129032258	0	123
2	124	1	1	248.49425287356323	179.20689655172413	0	124
2	125	1	0	230.8860103626943	179.90673575129534	0	125
2	126	1	2	131.41780821917808	180.35616438356163	0	126
2	127	1	1	120.9620253164557	182.73417721518987	0	127
2	128	1	3	101.27813163481953	183.7876857749469	0	128
2	129	1	1	76.23822714681441	190.15512465373962	0	129
2	130	1	0	183.61635220125785	187.33018867924528	0	130
2	131	1	0	343.3565459610028	194.3426183844011	0	131
2	132	1	1	407.61082474226805	194.62113402061857	0	132
2	133	1	0	504.8949275362319	191.56884057971016	0	133
2	134	1	0	6.608974358974359	194.44871794871796	0	134
2	135	1	0	425.3215434083601	194.2122186495177	0	135
2	136	1	3	158.1891891891892	192.00675675675674	0	136
2	137	1	5	139.597609561753	198.6414342629482	0	137
2	138	1	0	297.5591054313099	198.20447284345047	0	138
2	139	1	1	45.59163987138264	202.2700964630225	0	139
2	140	1	0	322.00443458980044	201.65631929046563	0	140
2	141	1	2	164.91414141414143	204.90404040404042	0	141
2	142	1	0	468.49547511312215	205.41402714932127	0	142
2	143	1	2	104.39458413926499	208.98839458413926	0	143
2	144	1	2	187.15725806451613	209.50806451612902	0	144
2	145	1	0	414.35849056603774	215.49811320754716	0	145
2	146	1	2	280.8665105386417	214.49414519906324	0	146
2	147	1	0	230.72049689440993	215.07453416149067	0	147
2	148	1	0	311.72280701754386	217.2421052631579	0	148
2	149	1	0	506.0687022900763	217.38931297709922	0	149
2	150	1	0	454.2074592074592	218.46620046620046	0	150
2	151	1	0	239.65734265734267	223.04195804195805	0	151
2	152	1	0	268.97265625	225.54296875	0	152
2	153	1	0	481.6622516556291	225.96357615894038	0	153
2	154	1	2	212.12448132780082	222.18049792531122	0	154
2	155	1	1	338.125641025641	231.4205128205128	0	155
2	156	1	1	195.47533632286996	233.34080717488789	0	156
2	157	1	0	502.17785234899327	233.53355704697987	0	157
2	158	1	1	104.14646464646465	230.83838383838383	0	158
2	159	1	0	443.88856304985336	234.39882697947215	0	159
2	160	1	1	78.07805907172995	231.36919831223628	0	160
2	161	1	2	233.46949602122015	236.3368700265252	0	161
2	162	1	1	410.7972972972973	238.34459459459458	0	162
2	163	1	1	65.04868913857678	242.42322097378278	0	163
2	164	1	1	107.55844155844156	242.0194805194805	0	164
2	165	1	2	156.22588235294117	244.6094117647059	0	165
2	166	1	1	83.47826086956522	248.231884057971	0	166
2	167	1	3	285.41145281018026	246.1389183457052	0	167
2	168	1	0	96.55598455598455	249.003861003861	0	168
2	169	1	1	41.863945578231295	251.60204081632654	0	169
2	170	1	1	141.1936936936937	252.1036036036036	0	170
2	171	1	0	383.2604166666667	252.49652777777777	0	171
2	172	1	1	232.2596153846154	255.3028846153846	0	172
2	173	1	1	332.26129032258063	255.63548387096773	0	173
2	174	1	1	434.934328358209	256.2656716417911	0	174
2	175	1	1	316.5473684210526	256.2526315789474	0	175
2	176	1	1	203.2987012987013	257.38961038961037	0	176
2	177	1	1	30.51219512195122	264.650406504065	0	177
2	178	1	1	187.59274193548387	263.4475806451613	0	178
2	179	1	0	446.60869565217394	265.9891304347826	0	179
2	180	1	0	174.19858156028369	267.82978723404256	0	180
2	181	1	0	506.6190476190476	269.51428571428573	0	181
2	182	1	1	284.40909090909093	270.96487603305786	0	182
2	183	1	2	82.46849757673667	276.4087237479806	0	183
2	184	1	1	468.5581395348837	273.2238372093023	0	184
2	185	1	2	369.9513888888889	273.5925925925926	0	185
2	186	1	1	124.25551470588235	276.5992647058824	0	186
2	187	1	3	408.49154334038053	272.94714587737843	0	187
2	188	1	0	213.52142857142857	278.70285714285717	0	188
2	189	1	0	251.18014705882354	279.125	0	189
2	190	1	0	234.4093567251462	281.53216374269005	0	190
2	191	1	1	430.75783475783476	282.54985754985756	0	191
2	192	1	0	9.185430463576159	282.61059602649004	0	192
2	193	1	1	188.13454545454545	286.86545454545455	0	193
2	194	1	0	505.87692307692305	290.1128205128205	0	194
2	195	1	1	169.7887323943662	294.17781690140845	0	195
2	196	1	1	259.0869565217391	295.9266304347826	0	196
2	197	1	1	310.2708333333333	297.31666666666666	0	197
2	198	1	1	274.3164893617021	298.8218085106383	0	198
2	199	1	0	239.1679389312977	298.98091603053433	0	199
2	200	1	2	144.00726392251815	299.86682808716705	0	200
2	201	1	2	391.76558265582656	300.05555555555554	0	201
2	202	1	1	118.7128712871287	306.0825082508251	0	202
2	203	1	0	301.8807339449541	305.61467889908255	0	203
2	204	1	0	339.5240506329114	303.05316455696203	0	204
2	205	1	0	422.13380281690144	305.6725352112676	0	205
2	206	1	0	474.428093645485	305.53846153846155	0	206
2	207	1	0	286.20666666666665	308.9166666666667	0	207
2	208	1	1	457.35656836461123	309.16353887399464	0	208
2	209	1	0	508.29473684210524	308.5157894736842	0	209
2	210	1	2	87.62	308.92	0	210
2	211	1	0	102.76875	314.503125	0	211
2	212	1	1	163.31372549019608	316.4575163398693	0	212
2	213	1	1	348.0939907550077	319.3312788906009	0	213
2	214	1	2	186.19325153374234	317.7730061349693	0	214
2	215	1	0	405.0511627906977	322.15813953488373	0	215
2	216	1	0	426.60377358490564	332.9811320754717	0	216
2	217	1	0	458.1513157894737	336.51973684210526	0	217
2	218	1	0	367.97741935483873	335.01290322580644	0	218
2	219	1	0	485.01517706576726	331.4789207419899	0	219
2	220	1	3	409.95416666666665	337.4458333333333	0	220
2	221	1	0	508.3220338983051	338.10169491525426	0	221
2	222	1	0	220.18571428571428	338.58214285714286	0	222
2	223	1	1	67.30155642023347	339.9533073929961	0	223
2	224	1	0	104.25249169435216	338.7873754152824	0	224
2	225	1	1	167.96285714285713	342.7085714285714	0	225
2	226	1	0	443.5074183976261	343.2047477744807	0	226
2	227	1	0	115.72538860103627	348.20725388601034	0	227
2	228	1	0	388.8126582278481	351.4253164556962	0	228
2	229	1	0	228.33227848101265	356.5379746835443	0	229
2	230	1	4	88.23013245033113	355.1788079470199	0	230
2	231	1	2	330.14520547945204	356.28584474885844	0	231
2	232	1	2	412.2792207792208	361.7402597402597	0	232
2	233	1	1	361.37831325301204	363.3566265060241	0	233
2	234	1	0	306.36986301369865	365.8013698630137	0	234
2	235	1	3	28.377232142857142	368.6674107142857	0	235
2	236	1	0	110.6920731707317	367.9298780487805	0	236
2	237	1	0	169.2655601659751	368.66390041493776	0	237
2	238	1	0	465.68910256410254	365.1185897435897	0	238
2	239	1	0	67.13370473537604	370.5543175487465	0	239
2	240	1	1	481.9942528735632	371.48275862068965	0	240
2	241	1	3	143.20997920997922	374.7193347193347	0	241
2	242	1	1	224.43283582089552	377.7582089552239	0	242
2	243	1	0	261.641975308642	373.58641975308643	0	243
2	244	1	0	435.7826086956522	382.1149068322981	0	244
2	245	1	0	5.912863070539419	387.850622406639	0	245
2	246	1	1	252.59132007233273	387.7377938517179	0	246
2	247	1	0	370.13304721030045	385.37982832618025	0	247
2	248	1	1	161.31263858093126	388.7228381374723	0	248
2	249	1	0	387.6975308641975	390.9074074074074	0	249
2	250	1	0	486.719298245614	390.40058479532166	0	250
2	251	1	1	178.14285714285714	395.9642857142857	0	251
2	252	1	1	202.28691983122363	396.62869198312234	0	252
2	253	1	0	42.43496357960458	397.1030176899063	0	253
2	254	1	0	68.03125	400.05965909090907	0	254
2	255	1	0	98.57102272727273	400.9488636363636	0	255
2	256	1	1	220.46206896551723	405.26206896551724	0	256
2	257	1	0	457.84375	407.496875	0	257
2	258	1	0	244.24465558194774	406.5059382422803	0	258
2	259	1	0	14.51528384279476	406.235807860262	0	259
2	260	1	1	76.61489361702128	418.34255319148934	0	260
2	261	1	0	240.30128205128204	419.6474358974359	0	261
2	262	1	0	138.41426146010187	419.83191850594227	0	262
2	263	1	2	398.92753623188406	410.08115942028985	0	263
2	264	1	1	224.72666666666666	421.2266666666667	0	264
2	265	1	0	120.42178770949721	423.3100558659218	0	265
2	266	1	0	20.496031746031747	421.64484126984127	0	266
2	267	1	0	410.4193548387097	429.11559139784947	0	267
2	268	1	0	167.07784431137725	427.22754491017963	0	268
2	269	1	0	507.0125	430.325	0	269
2	270	1	0	88.32129963898917	432.3610108303249	0	270
2	271	1	1	375.73039215686276	434.46813725490193	0	271
2	272	1	1	429.85480093676813	435.37470725995314	0	272
2	273	1	0	463.3626943005181	431.9119170984456	0	273
2	274	1	0	216.7175572519084	436.7379134860051	0	274
2	275	1	0	255.206008583691	435.72317596566523	0	275
2	276	1	0	21.84463276836158	445.024011299435	0	276
2	277	1	1	456.66279069767444	446.80232558139534	0	277
2	278	1	0	163.31197771587745	451.2590529247911	0	278
2	279	1	0	338.59004739336496	447.3815165876777	0	279
2	280	1	0	356.2496433666191	444.8017118402282	0	280
2	281	1	1	407.2610169491525	449.4677966101695	0	281
2	282	1	0	86.63966480446928	452.5670391061453	0	282
2	283	1	0	117.29712460063898	452.89776357827475	0	283
2	284	1	1	183.9018087855297	453.5452196382429	0	284
2	285	1	0	242.99166666666667	453.73333333333335	0	285
2	286	1	1	68.93428571428572	458.16857142857145	0	286
2	287	1	0	396.30902777777777	461.1875	0	287
2	288	1	0	103.07707910750507	463.41987829614607	0	288
2	289	1	0	500.6650124069479	461.33002481389576	0	289
2	290	1	0	483.5070754716981	463.2429245283019	0	290
2	291	1	0	381.35021097046416	469.9451476793249	0	291
2	292	1	0	56.40316205533597	472.2608695652174	0	292
2	293	1	0	23.801901743264658	471.8335974643423	0	293
2	294	1	0	352.0150753768844	474.2713567839196	0	294
2	295	1	1	240.2125748502994	476.4760479041916	0	295
2	296	1	1	292.4	477.51162790697674	0	296
2	297	1	1	266.20838471023427	481.2675709001233	0	297
2	298	1	0	106.0185873605948	486.7546468401487	0	298
2	299	1	0	2.4375	488.28125	0	299
2	300	1	1	127.98188405797102	489.2355072463768	0	300
2	301	1	0	465.24074074074076	489.3240740740741	0	301
2	302	1	0	377.6113360323887	488.08097165991904	0	302
2	303	1	0	393.63498098859316	491.2623574144487	0	303
2	304	1	0	450.75616438356167	492.4657534246575	0	304
2	305	1	0	145.70181818181817	493.28	0	305
2	306	1	0	56.515527950310556	494.11801242236027	0	306
2	307	1	0	207.43362831858408	499.79646017699116	0	307
2	308	1	1	63.94736842105263	501.90225563909775	0	308
2	309	1	0	37.698830409356724	502.41812865497076	0	309
2	310	1	0	445.5064102564103	505.9871794871795	0	310
2	311	1	0	124.75111111111111	505.49333333333334	0	311
2	312	1	0	77.10526315789474	506.05592105263156	0	312
2	313	1	0	284.65168539325845	503.2494382022472	0	313
2	314	1	0	426.561797752809	508.13483146067415	0	314
3	1	1	0	138.99731903485255	5.506702412868632	0	1
3	2	1	7	167.77327935222672	11.871794871794872	0	2
3	3	1	0	229.39086294416245	3.720812182741117	0	3
3	4	1	0	278.8888888888889	3.4206349206349205	0	4
3	5	1	0	490.302752293578	7.2110091743119265	0	5
3	6	1	1	97.04307692307692	10.649230769230769	0	6
3	7	1	1	310.12082957619475	15.963029756537422	0	7
3	8	1	0	498.60714285714283	21.957792207792206	0	8
3	9	1	1	342.3859649122807	24.290726817042607	0	9
3	10	1	5	135.62863534675614	24.75615212527964	0	10
3	11	1	0	448.0167865707434	29.489208633093526	0	11
3	12	1	5	73.78508771929825	31.87061403508772	0	12
3	13	1	1	420.02373887240356	29.98813056379822	0	13
3	14	1	0	473.42239685658154	30.526522593320237	0	14
3	15	1	1	258.7672090112641	35.89111389236545	0	15
3	16	1	1	405.86079545454544	36.29545454545455	0	16
3	17	1	0	508.19354838709677	42.74193548387097	0	17
3	18	1	2	220.3234501347709	45.77358490566038	0	18
3	19	1	2	469.51785714285717	47.50297619047619	0	19
3	20	1	2	128.86725663716814	47.665929203539825	0	20
3	21	1	1	382.84	54.011428571428574	0	21
3	22	1	38	428.9166666666667	54.25833333333333	0	22
3	23	1	1	189.50605326876513	59.58111380145279	0	23
3	24	1	2	252.21066666666667	65.184	0	24
3	25	1	0	416.7535545023697	69.13112164296999	0	25
3	26	1	2	337.16548797736914	66.41584158415841	0	26
3	27	1	1	458.55096418732785	70.81267217630854	0	27
3	28	1	0	491.82671480144404	69.96750902527076	0	28
3	29	1	3	289.3020833333333	72.07291666666667	0	29
3	30	1	6	82.42517006802721	75.72108843537416	0	30
3	31	1	0	170.79239766081872	75.12573099415205	0	31
3	32	1	0	505.9591836734694	80.2312925170068	0	32
3	33	1	1	30.877245508982035	79.51796407185628	0	33
3	34	1	3	325.5423076923077	83.32692307692308	0	34
3	35	1	1	352.76271186440675	82.75141242937853	0	35
3	36	1	0	221.76683937823833	82.02849740932642	0	36
3	37	1	1	484.7492113564669	92.39432176656152	0	37
3	38	1	1	274.0130293159609	93.62214983713355	0	38
3	39	1	1	118.68838526912181	96.80169971671388	0	39
3	40	1	4	308.84285714285716	91.60857142857142	0	40
3	41	1	3	96.16956521739131	100.04130434782608	0	41
3	42	1	3	61.223918575063614	101.49872773536896	0	42
3	43	1	1	341.4985337243402	102.82111436950147	0	43
3	44	1	2	425.64903846153845	105.6201923076923	0	44
3	45	1	0	452.40610328638496	106.9530516431925	0	45
3	46	1	4	195.0608308605341	109.81899109792285	0	46
3	47	1	2	238.43832020997377	109.14960629921259	0	47
3	48	1	2	395.755859375	107.8046875	0	48
3	49	1	4	302.9256965944272	111.55108359133126	0	49
3	50	1	5	15.306636155606407	112.04576659038902	0	50
3	51	1	8	162.73413654618474	109.15983935742972	0	51
3	52	1	1	434.42487046632124	117.38341968911917	0	52
3	53	1	3	281.4726688102894	120.19292604501608	0	53
3	54	1	0	500.22008547008545	122.76709401709402	0	54
3	55	1	1	359.31304347826085	124.73623188405797	0	55
3	56	1	5	332.7412587412587	129.8881118881119	0	56
3	57	1	1	465.84806629834253	125.48618784530387	0	57
3	58	1	0	480.3420289855072	131.0086956521739	0	58
3	59	1	0	126.3778801843318	130.2626728110599	0	59
3	60	1	3	53.34653465346535	132.17079207920793	0	60
3	61	1	1	99.90825688073394	136.84097859327218	0	61
3	62	1	0	140.5248447204969	146.2826086956522	0	62
3	63	1	5	288.09668874172183	144.63708609271524	0	63
3	64	1	6	441.5058962264151	147.72759433962264	0	64
3	65	1	4	76.14651162790697	149.10697674418606	0	65
3	66	1	4	237.50964187327824	146.80716253443526	0	66
3	67	1	4	225.98502994011977	160.38622754491018	0	67
3	68	1	2	381.78985507246375	155.91545893719805	0	68
3	69	1	5	344.32049036777585	164.47460595446586	0	69
3	70	1	1	388.1125	169.48333333333332	0	70
3	71	1	4	432.7690631808279	167.65359477124184	0	71
3	72	1	1	507.0534351145038	165.68702290076337	0	72
3	73	1	1	251.19834710743802	166.62396694214877	0	73
3	74	1	1	496.3526170798898	173.3305785123967	0	74
3	75	1	3	32.5993265993266	173.74242424242425	0	75
3	76	1	5	273.8888888888889	175.17592592592592	0	76
3	77	1	3	465.36625514403295	186.20473251028807	0	77
3	78	1	6	216.4751677852349	182.35704697986577	0	78
3	79	1	3	82.8337531486146	186.4433249370277	0	79
3	80	1	4	138.04132231404958	187.03030303030303	0	80
3	81	1	3	394.59003831417624	188.17624521072796	0	81
3	82	1	2	243.75882352941176	188.99411764705883	0	82
3	83	1	4	413.0364025695931	194.38329764453962	0	83
3	84	1	1	373.0460122699387	199.8957055214724	0	84
3	85	1	5	321.48372093023255	201.70697674418605	0	85
3	86	1	2	37.661327231121284	200.43020594965674	0	86
3	87	1	5	178.62553191489363	204.11063829787233	0	87
3	88	1	3	239.03012048192772	206.83734939759037	0	88
3	89	1	7	275.4066390041494	208.1576763485477	0	89
3	90	1	3	79.22483940042827	208.91862955032119	0	90
3	91	1	4	347.2087542087542	211.27272727272728	0	91
3	92	1	1	415.2244897959184	214.30612244897958	0	92
3	93	1	2	3.406779661016949	212.3502824858757	0	93
3	94	1	1	144.71491228070175	213.48684210526315	0	94
3	95	1	0	161.97252747252747	219.0934065934066	0	95
3	96	1	5	435.7834179357022	222.30118443316414	0	96
3	97	1	3	308.3150289017341	222.757225433526	0	97
3	98	1	3	368.6656151419558	224.66561514195584	0	98
3	99	1	1	499.5770065075922	225.59652928416486	0	99
3	100	1	3	137.1263440860215	227.61827956989248	0	100
3	101	1	4	177.7018970189702	232.45528455284554	0	101
3	102	1	11	41.896491228070175	234.70877192982456	0	102
3	103	1	3	62.01255230125523	238.94351464435147	0	103
3	104	1	3	306.6981707317073	242.09451219512195	0	104
3	105	1	2	358.2810650887574	241.2869822485207	0	105
3	106	1	2	404.2739726027397	245.7705479452055	0	106
3	107	1	3	442.5739130434783	253.89565217391305	0	107
3	108	1	10	224.51904090267982	256.8236953455571	0	108
3	109	1	3	367.943661971831	256.8556338028169	0	109
3	110	1	2	389.6474501108647	256.93569844789357	0	110
3	111	1	1	3.8037974683544302	259.26582278481015	0	111
3	112	1	2	133.64110429447854	259.63496932515335	0	112
3	113	1	5	328.8235294117647	261.5529411764706	0	113
3	114	1	6	36.9275	265.8575	0	114
3	115	1	0	119.49645390070921	267.0425531914894	0	115
3	116	1	3	58.07829977628635	272.3691275167785	0	116
3	117	1	0	491.66938775510204	272.630612244898	0	117
3	118	1	10	79.74267100977198	273.6547231270358	0	118
3	119	1	6	279.4536817102138	275.0807600950119	0	119
3	120	1	18	352.8904109589041	275.0	0	120
3	121	1	2	106.99163179916317	276.0083682008368	0	121
3	122	1	5	310.28101265822784	275.87848101265826	0	122
3	123	1	6	366.780487804878	282.094512195122	0	123
3	124	1	2	30.39814814814815	283.4953703703704	0	124
3	125	1	0	474.188605108055	288.08251473477407	0	125
3	126	1	1	215.52272727272728	292.84090909090907	0	126
3	127	1	2	408.2843450479233	293.59424920127793	0	127
3	128	1	1	32.669117647058826	296.6470588235294	0	128
3	129	1	4	90.19680851063829	295.57712765957444	0	129
3	130	1	1	19.25465838509317	301.48447204968943	0	130
3	131	1	4	247.32879818594105	302.14739229024946	0	131
3	132	1	0	6.2601431980906925	306.02625298329355	0	132
3	133	1	1	478.8775510204082	306.2482993197279	0	133
3	134	1	2	377.96153846153845	307.25320512820514	0	134
3	135	1	3	84.35697399527187	313.4231678486998	0	135
3	136	1	6	355.1335616438356	313.98972602739724	0	136
3	137	1	2	436.7266881028939	315.935691318328	0	137
3	138	1	5	306.88613861386136	312.6757425742574	0	138
3	139	1	5	292.5	319.67083333333335	0	139
3	140	1	3	484.5208333333333	322.19166666666666	0	140
3	141	1	5	49.030562347188265	323.2286063569682	0	141
3	142	1	8	261.2587064676617	326.2562189054726	0	142
3	143	1	3	221.56657963446474	325.0	0	143
3	144	1	0	347.4024390243902	328.7642276422764	0	144
3	145	1	1	294.09859154929575	332.11267605633805	0	145
3	146	1	6	145.70481927710844	330.30120481927713	0	146
3	147	1	2	85.08	332.74	0	147
3	148	1	0	445.35059760956176	332.77290836653384	0	148
3	149	1	0	124.78796561604585	332.63037249283667	0	149
3	150	1	4	282.2994350282486	340.8446327683616	0	150
3	151	1	2	361.26050420168065	339.37394957983196	0	151
3	152	1	0	376.78823529411767	340.2735294117647	0	152
3	153	1	1	405.01557632398755	342.19314641744546	0	153
3	154	1	0	103.35251798561151	343.2517985611511	0	154
3	155	1	1	431.530303030303	343.75	0	155
3	156	1	0	485.9903381642512	344.92270531400965	0	156
3	157	1	4	330.1897654584222	346.41577825159914	0	157
3	158	1	5	157.97297297297297	349.9009009009009	0	158
3	159	1	6	88.72972972972973	354.7618243243243	0	159
3	160	1	1	459.5197889182058	351.4221635883905	0	160
3	161	1	3	237.1809210526316	363.11842105263156	0	161
3	162	1	1	436.6637744034707	365.79175704989154	0	162
3	163	1	0	506.4433497536946	366.9655172413793	0	163
3	164	1	1	390.8975155279503	367.860248447205	0	164
3	165	1	2	257.14814814814815	370.505291005291	0	165
3	166	1	1	49.84795321637427	371.5029239766082	0	166
3	167	1	5	309.61736334405145	374.89389067524115	0	167
3	168	1	1	419.21597633136093	377.93491124260356	0	168
3	169	1	0	473.7092391304348	378.38858695652175	0	169
3	170	1	1	84.46801346801347	381.4781144781145	0	170
3	171	1	4	68.44920993227991	380.55756207674943	0	171
3	172	1	0	189.0625	381.3333333333333	0	172
3	173	1	4	163.24418604651163	383.86744186046514	0	173
3	174	1	3	282.9041450777202	385.6062176165803	0	174
3	175	1	3	383.27107061503415	384.002277904328	0	175
3	176	1	1	7.496644295302014	385.9731543624161	0	176
3	177	1	17	209.47384615384615	387.62461538461537	0	177
3	178	1	0	502.4723404255319	390.8	0	178
3	179	1	1	297.33609958506224	394.1784232365145	0	179
3	180	1	3	313.83892617449663	392.9563758389262	0	180
3	181	1	2	352.12018140589566	396.3333333333333	0	181
3	182	1	1	419.94427244582045	395.35603715170276	0	182
3	183	1	1	449.56307692307695	399.3784615384615	0	183
3	184	1	2	44.04054054054054	401.6378378378378	0	184
3	185	1	1	257.0679245283019	403.6679245283019	0	185
3	186	1	0	137.84337349397592	405.16465863453817	0	186
3	187	1	0	474.7113924050633	405.3569620253165	0	187
3	188	1	2	116.46223564954683	409.4622356495468	0	188
3	189	1	0	369.3658536585366	410.0731707317073	0	189
3	190	1	0	416.4448275862069	412.07586206896553	0	190
3	191	1	3	88.0	415.9540816326531	0	191
3	192	1	1	323.6854219948849	416.5319693094629	0	192
3	193	1	1	174.19277108433735	420.3975903614458	0	193
3	194	1	19	208.73125	421.13125	0	194
3	195	1	3	303.66161616161617	424.34343434343435	0	195
3	196	1	2	156.66095890410958	420.486301369863	0	196
3	197	1	0	471.9209621993127	424.60137457044675	0	197
3	198	1	0	416.9007936507937	426.19444444444446	0	198
3	199	1	0	6.315315315315315	427.77477477477476	0	199
3	200	1	1	109.1	429.04	0	200
3	201	1	3	216.5886524822695	432.4609929078014	0	201
3	202	1	4	239.00242718446603	426.6383495145631	0	202
3	203	1	0	506.367816091954	430.1609195402299	0	203
3	204	1	0	392.66509433962267	433.5377358490566	0	204
3	205	1	0	487.8521739130435	434.68260869565216	0	205
3	206	1	3	269.03355704697987	431.98993288590606	0	206
3	207	1	0	456.4781144781145	436.2121212121212	0	207
3	208	1	0	406.76106194690266	440.7699115044248	0	208
3	209	1	1	211.3760683760684	442.4957264957265	0	209
3	210	1	1	29.993548387096773	446.1258064516129	0	210
3	211	1	1	173.70686456400742	444.1187384044527	0	211
3	212	1	3	302.61479198767336	448.1787365177196	0	212
3	213	1	0	477.7535211267606	448.73943661971833	0	213
3	214	1	2	350.23135271807837	447.2300884955752	0	214
3	215	1	2	119.66019417475728	453.0339805825243	0	215
3	216	1	0	434.2611607142857	452.31473214285717	0	216
3	217	1	2	417.90845070422534	457.9330985915493	0	217
3	218	1	1	60.217898832684824	451.3644617380026	0	218
3	219	1	1	187.75	457.36538461538464	0	219
3	220	1	11	247.014164305949	458.8186968838527	0	220
3	221	1	0	363.34703196347033	463.38584474885846	0	221
3	222	1	1	494.9896193771626	466.1868512110727	0	222
3	223	1	0	212.98972602739727	464.08561643835617	0	223
3	224	1	0	453.26732673267327	468.30445544554453	0	224
3	225	1	0	31.65	473.3382352941176	0	225
3	226	1	1	289.06949152542376	472.728813559322	0	226
3	227	1	0	508.5353535353535	472.09090909090907	0	227
3	228	1	0	248.53488372093022	475.7093023255814	0	228
3	229	1	1	91.66666666666667	476.94117647058823	0	229
3	230	1	0	438.1858407079646	480.2566371681416	0	230
3	231	1	0	71.65573770491804	479.8633879781421	0	231
3	232	1	0	130.58	484.49666666666667	0	232
3	233	1	0	233.3953488372093	484.15697674418607	0	233
3	234	1	0	105.20101781170483	487.94910941475825	0	234
3	235	1	0	6.024	488.764	0	235
3	236	1	0	352.0379198266522	486.43553629469125	0	236
3	237	1	0	305.5164835164835	490.45787545787545	0	237
3	238	1	0	375.6222826086956	491.79619565217394	0	238
3	239	1	0	483.8298192771084	492.28765060240966	0	239
3	240	1	1	78.44356955380577	494.81889763779526	0	240
3	241	1	0	465.55825242718447	496.69417475728153	0	241
3	242	1	0	261.5460122699387	500.6993865030675	0	242
3	243	1	0	389.9530201342282	498.3154362416107	0	243
3	244	1	3	195.61042183622828	497.7096774193548	0	244
3	245	1	0	430.65201465201466	499.0732600732601	0	245
3	246	1	0	149.6206896551724	502.4051724137931	0	246
3	247	1	0	449.0248226950355	503.1276595744681	0	247
3	248	1	0	24.974554707379134	502.64631043257	0	248
3	249	1	0	326.0806754221388	501.6791744840525	0	249
3	250	1	0	48.90963855421687	503.54819277108436	0	250
3	251	1	0	117.25868725868726	505.64092664092664	0	251
3	252	1	0	178.5810810810811	507.8378378378378	0	252
3	253	1	0	214.32075471698113	505.8679245283019	0	253
3	254	1	4	239.2608695652174	506.20772946859904	0	254
4	1	1	0	132.2560975609756	5.065040650406504	0	1
4	2	1	0	148.80833333333334	4.841666666666667	0	2
4	3	1	0	219.22488038277513	4.937799043062201	0	3
4	4	1	0	332.70383275261327	5.501742160278746	0	4
4	5	1	0	76.6146095717884	9.405541561712846	0	5
4	6	1	0	10.495215311004785	20.93062200956938	0	6
4	7	1	1	56.65050505050505	25.486868686868686	0	7
4	8	1	0	477.65506329113924	29.591772151898734	0	8
4	9	1	0	30.9937106918239	40.27358490566038	0	9
4	10	1	1	199.875	36.30528846153846	0	10
4	11	1	0	285.8440111420613	40.84122562674095	0	11
4	12	1	0	504.27319587628864	41.628865979381445	0	12
4	13	1	0	401.55102040816325	41.880272108843535	0	13
4	14	1	3	117.25590551181102	50.35629921259842	0	14
4	15	1	0	167.08367346938775	50.683673469387756	0	15
4	16	1	2	226.3095238095238	52.154761904761905	0	16
4	17	1	1	250.69026548672565	50.469026548672566	0	17
4	18	1	0	26.775147928994084	56.95266272189349	0	18
4	19	1	0	268.86607142857144	58.044642857142854	0	19
4	20	1	0	410.9832935560859	61.0071599045346	0	20
4	21	1	0	2.3181818181818183	60.35227272727273	0	21
4	22	1	0	426.25176803394623	67.19236209335219	0	22
4	23	1	1	297.4922480620155	67.12015503875969	0	23
4	24	1	1	52.31578947368421	75.6439628482972	0	24
4	25	1	0	81.85163204747775	77.23442136498517	0	25
4	26	1	2	153.8	80.14583333333333	0	26
4	27	1	2	259.8776470588235	80.32	0	27
4	28	1	1	313.3442265795207	88.60348583877996	0	28
4	29	1	3	130.4607843137255	88.53921568627452	0	29
4	30	1	3	286.93470790378007	90.17182130584193	0	30
4	31	1	4	198.3551401869159	93.88084112149532	0	31
4	32	1	1	502.795154185022	100.50440528634361	0	32
4	33	1	0	164.8204081632653	103.99591836734695	0	33
4	34	1	2	239.59943977591035	101.30252100840336	0	34
4	35	1	2	256.1216216216216	113.99774774774775	0	35
4	36	1	1	30.831550802139038	110.56417112299465	0	36
4	37	1	4	335.5487077534791	109.87077534791253	0	37
4	38	1	3	100.4949083503055	109.19959266802444	0	38
4	39	1	3	130.36995515695068	111.07847533632287	0	39
4	40	1	10	181.99019607843138	122.0016339869281	0	40
4	41	1	0	143.37674418604652	123.0093023255814	0	41
4	42	1	0	3.818713450292398	128.00584795321637	0	42
4	43	1	0	123.48188405797102	129.8514492753623	0	43
4	44	1	2	237.2314814814815	127.42592592592592	0	44
4	45	1	3	300.5010482180293	132.0356394129979	0	45
4	46	1	4	343.92260692464356	133.6354378818737	0	46
4	47	1	0	471.68695652173915	133.9623188405797	0	47
4	48	1	4	197.9095890410959	143.76438356164383	0	48
4	49	1	2	278.20728929384967	142.42141230068336	0	49
4	50	1	4	33.286764705882355	147.8406862745098	0	50
4	51	1	0	168.40988372093022	146.8953488372093	0	51
4	52	1	0	146.69270833333334	148.98958333333334	0	52
4	53	1	1	91.17528735632185	151.183908045977	0	53
4	54	1	1	6.866396761133603	152.58704453441297	0	54
4	55	1	3	350.5919661733615	155.5369978858351	0	55
4	56	1	1	233.62562814070353	159.4497487437186	0	56
4	57	1	0	393.29970326409494	164.09495548961425	0	57
4	58	1	3	179.18941504178272	167.30362116991643	0	58
4	59	1	3	65.63522012578616	166.167714884696	0	59
4	60	1	6	369.4153543307087	169.3228346456693	0	60
4	61	1	1	438.3031161473088	168.37677053824362	0	61
4	62	1	2	486.6606334841629	168.54072398190044	0	62
4	63	1	0	302.0622406639004	173.19502074688796	0	63
4	64	1	4	276.64677804295945	180.4200477326969	0	64
4	65	1	0	433.3301886792453	185.4056603773585	0	65
4	66	1	5	155.11239193083574	188.45533141210376	0	66
4	67	1	0	288.24257425742576	194.46534653465346	0	67
4	68	1	3	418.19279661016947	193.67796610169492	0	68
4	69	1	0	470.1388888888889	193.41666666666666	0	69
4	70	1	4	208.5397148676171	196.25050916496946	0	70
4	71	1	1	499.95581395348836	198.85813953488372	0	71
4	72	1	4	136.23423423423424	199.88738738738738	0	72
4	73	1	2	25.721212121212123	199.85858585858585	0	73
4	74	1	3	355.1923937360179	199.48993288590603	0	74
4	75	1	4	311.8587196467991	211.43487858719647	0	75
4	76	1	1	89.13966480446928	207.81564245810057	0	76
4	77	1	2	334.2791878172589	211.0964467005076	0	77
4	78	1	0	3.889655172413793	214.82758620689654	0	78
4	79	1	1	494.89212827988337	220.08163265306123	0	79
4	80	1	5	246.07692307692307	221.01923076923077	0	80
4	81	1	5	48.7648401826484	220.19634703196348	0	81
4	82	1	4	230.804	229.192	0	82
4	83	1	5	137.22553191489362	231.5531914893617	0	83
4	84	1	8	176.8	232.0	0	84
4	85	1	5	421.4561403508772	233.42763157894737	0	85
4	86	1	3	283.7931034482759	234.4503042596349	0	86
4	87	1	5	90.750499001996	239.2435129740519	0	87
4	88	1	9	223.0907617504052	248.13776337115073	0	88
4	89	1	0	484.80078125	249.82421875	0	89
4	90	1	5	326.57101449275365	251.1536231884058	0	90
4	91	1	1	46.96830985915493	254.92957746478874	0	91
4	92	1	6	393.88449848024317	256.661094224924	0	92
4	93	1	2	4.8575949367088604	257.9778481012658	0	93
4	94	1	1	270.91970802919707	260.4574209245742	0	94
4	95	1	41	431.3188010899183	258.5422343324251	0	95
4	96	1	1	445.7093023255814	263.54651162790697	0	96
4	97	1	2	97.23917995444191	267.79271070615033	0	97
4	98	1	6	117.92874109263659	267.16152019002374	0	98
4	99	1	9	344.7047619047619	264.7761904761905	0	99
4	100	1	1	467.0263157894737	272.4894736842105	0	100
4	101	1	8	146.64145658263305	272.5924369747899	0	101
4	102	1	5	283.83232323232323	284.27474747474747	0	102
4	103	1	0	465.57142857142856	284.57142857142856	0	103
4	104	1	3	437.5071633237822	288.31518624641836	0	104
4	105	1	0	332.1700288184438	289.2968299711816	0	105
4	106	1	1	211.13031161473089	292.4419263456091	0	106
4	107	1	2	183.97058823529412	287.16577540106954	0	107
4	108	1	0	11.420062695924765	294.3197492163009	0	108
4	109	1	2	389.86526946107784	296.122754491018	0	109
4	110	1	3	151.75588865096358	302.01927194860815	0	110
4	111	1	6	179.74787535410766	305.59773371104814	0	111
4	112	1	2	112.15081967213115	303.18688524590164	0	112
4	113	1	0	43.79197994987469	304.874686716792	0	113
4	114	1	3	269.01194029850745	306.644776119403	0	114
4	115	1	1	4.770491803278689	311.54918032786884	0	115
4	116	1	11	352.1818181818182	311.80877742946706	0	116
4	117	1	2	285.11170212765956	316.3989361702128	0	117
4	118	1	0	273.76691729323306	321.36842105263156	0	118
4	119	1	3	199.2409090909091	323.2340909090909	0	119
4	120	1	0	77.68333333333334	326.11944444444447	0	120
4	121	1	2	104.93052109181141	330.712158808933	0	121
4	122	1	1	152.68075117370893	335.0657276995305	0	122
4	123	1	1	38.68311688311688	333.97402597402595	0	123
4	124	1	4	273.58355437665784	334.57824933687004	0	124
4	125	1	1	392.3897058823529	337.28186274509807	0	125
4	126	1	2	471.0793269230769	335.7331730769231	0	126
4	127	1	1	201.96666666666667	348.37142857142857	0	127
4	128	1	3	236.89583333333334	351.4921875	0	128
4	129	1	0	259.8493150684931	351.2511415525114	0	129
4	130	1	3	357.3060686015831	351.50395778364117	0	130
4	131	1	0	47.11009174311926	352.7308868501529	0	131
4	132	1	3	305.5518018018018	356.8738738738739	0	132
4	133	1	1	96.68884120171674	356.1137339055794	0	133
4	134	1	2	426.7219512195122	353.61951219512196	0	134
4	135	1	0	136.59606986899564	357.56768558951967	0	135
4	136	1	4	408.98163265306124	356.4020408163265	0	136
4	137	1	3	270.33678756476684	365.7746113989637	0	137
4	138	1	0	5.876506024096385	362.5903614457831	0	138
4	139	1	0	156.5	360.746875	0	139
4	140	1	0	440.1860465116279	364.66777408637876	0	140
4	141	1	1	485.55069124423966	362.9447004608295	0	141
4	142	1	1	344.0084269662921	364.64606741573033	0	142
4	143	1	1	22.142168674698794	369.8963855421687	0	143
4	144	1	2	53.80434782608695	369.444099378882	0	144
4	145	1	2	370.48837209302326	370.31976744186045	0	145
4	146	1	3	398.23294723294725	376.5109395109395	0	146
4	147	1	1	332.9977728285078	379.011135857461	0	147
4	148	1	0	161.8030303030303	383.4848484848485	0	148
4	149	1	0	210.18279569892474	384.63440860215053	0	149
4	150	1	1	107.38848920863309	385.2326139088729	0	150
4	151	1	3	186.0902934537246	389.33408577878106	0	151
4	152	1	1	457.6537216828479	398.3009708737864	0	152
4	153	1	0	305.5727923627685	401.9928400954654	0	153
4	154	1	3	210.59619952494063	405.2826603325416	0	154
4	155	1	2	256.468085106383	409.25957446808513	0	155
4	156	1	0	46.58918918918919	410.3783783783784	0	156
4	157	1	2	276.2159383033419	412.0745501285347	0	157
4	158	1	2	416.97314049586777	421.7107438016529	0	158
4	159	1	0	161.27899159663866	421.1512605042017	0	159
4	160	1	1	392.32911392405066	424.38227848101263	0	160
4	161	1	0	478.3666666666667	427.68333333333334	0	161
4	162	1	0	124.80067567567568	427.9144144144144	0	162
4	163	1	0	289.76600985221677	433.4310344827586	0	163
4	164	1	0	60.92	435.35058823529414	0	164
4	165	1	1	36.288288288288285	438.78228228228227	0	165
4	166	1	0	12.539393939393939	442.1121212121212	0	166
4	167	1	0	465.8448275862069	442.6896551724138	0	167
4	168	1	0	344.8555194805195	454.6047077922078	0	168
4	169	1	0	433.6930894308943	463.1260162601626	0	169
4	170	1	0	4.670454545454546	462.4431818181818	0	170
4	171	1	0	122.17164179104478	493.728855721393	0	171
4	172	1	0	78.47807933194154	495.39665970772444	0	172
4	173	1	0	384.517453798768	502.52156057494864	0	173
4	174	1	0	109.98076923076923	507.6666666666667	0	174
5	1	1	0	12.15	2.87	0	1
5	2	1	5	148.27234042553192	13.789787234042553	0	2
5	3	1	1	251.01123595505618	6.558988764044944	0	3
5	4	1	0	440.08	3.615	0	4
5	5	1	1	28.32	11.813333333333333	0	5
5	6	1	0	383.57917570498915	11.557483731019524	0	6
5	7	1	0	47.93854748603352	14.069832402234637	0	7
5	8	1	4	218.23809523809524	13.273182957393484	0	8
5	9	1	1	313.0715935334873	13.187066974595844	0	9
5	10	1	0	471.3262195121951	12.786585365853659	0	10
5	11	1	0	187.765625	15.9609375	0	11
5	12	1	2	214.58689458689457	31.723646723646723	0	12
5	13	1	4	271.52803738317755	34.2196261682243	0	13
5	14	1	0	494.0751879699248	37.755639097744364	0	14
5	15	1	0	436.4154411764706	39.2610294117647	0	15
5	16	1	2	304.0271247739602	43.4376130198915	0	16
5	17	1	5	350.21875	44.670833333333334	0	17
5	18	1	0	3.615740740740741	49.16203703703704	0	18
5	19	1	0	473.2637362637363	46.480376766091055	0	19
5	20	1	6	163.64285714285714	50.08008658008658	0	20
5	21	1	0	508.2156862745098	52.088235294117645	0	21
5	22	1	12	218.05612998522895	64.85967503692763	0	22
5	23	1	6	266.4533508541393	68.70696452036793	0	23
5	24	1	1	338.4114583333333	68.01822916666667	0	24
5	25	1	4	348.4311594202899	82.71014492753623	0	25
5	26	1	4	163.1516393442623	82.33401639344262	0	26
5	27	1	5	434.97089041095893	86.15582191780823	0	27
5	28	1	4	412.36653386454185	89.10159362549801	0	28
5	29	1	4	371.94274809160305	90.4026717557252	0	29
5	30	1	6	259.5740318906606	98.28587699316628	0	30
5	31	1	5	212.93307086614172	95.07874015748031	0	31
5	32	1	0	470.2705882352941	91.61960784313726	0	32
5	33	1	9	136.80379746835442	107.06118143459915	0	33
5	34	1	6	112.6075205640423	107.44653349001175	0	34
5	35	1	1	328.72566371681415	112.67035398230088	0	35
5	36	1	3	154.9757174392936	113.23399558498896	0	36
5	37	1	0	441.53284671532845	119.2043795620438	0	37
5	38	1	1	493.8129139072848	121.37086092715232	0	38
5	39	1	2	253.55882352941177	123.81617647058823	0	39
5	40	1	0	451.30864197530866	125.70370370370371	0	40
5	41	1	1	128.3271028037383	129.99065420560748	0	41
5	42	1	4	274.28909952606637	132.10900473933648	0	42
5	43	1	0	99.10843373493977	132.7710843373494	0	43
5	44	1	6	304.0930735930736	140.91774891774892	0	44
5	45	1	12	176.70146678170838	141.43313201035375	0	45
5	46	1	2	362.90047393364927	143.49052132701422	0	46
5	47	1	3	444.81496062992125	147.72834645669292	0	47
5	48	1	2	331.55021834061137	156.4410480349345	0	48
5	49	1	4	402.06747404844293	163.2681660899654	0	49
5	50	1	1	494.3701431492843	169.09406952965236	0	50
5	51	1	7	145.97560975609755	164.29490022172948	0	51
5	52	1	2	64.23673469387755	169.6561224489796	0	52
5	53	1	5	465.14614121510675	171.6206896551724	0	53
5	54	1	1	5.431372549019608	177.11274509803923	0	54
5	55	1	8	327.7027027027027	179.25353925353926	0	55
5	56	1	3	113.46067415730337	189.53370786516854	0	56
5	57	1	3	440.9784053156146	191.6079734219269	0	57
5	58	1	3	478.2183908045977	190.24137931034483	0	58
5	59	1	9	90.015332197615	203.25298126064735	0	59
5	60	1	7	388.2171052631579	206.7828947368421	0	60
5	61	1	10	339.3089005235602	208.46771378708553	0	61
5	62	1	0	506.65034965034965	215.86013986013987	0	62
5	63	1	7	405.1026694045174	213.74948665297742	0	63
5	64	1	2	473.24016563147	224.98136645962734	0	64
5	65	1	23	13.70216049382716	227.3780864197531	0	65
5	66	1	2	445.95620437956205	236.75182481751824	0	66
5	67	1	2	159.55921052631578	240.27631578947367	0	67
5	68	1	30	385.479674796748	241.04227642276422	0	68
5	69	1	3	129.72267206477733	243.3684210526316	0	69
5	70	1	1	170.51754385964912	247.98245614035088	0	70
5	71	1	4	405.3563829787234	255.13031914893617	0	71
5	72	1	4	369.7098591549296	255.42253521126761	0	72
5	73	1	5	197.67757009345794	257.5233644859813	0	73
5	74	1	3	329.93279569892474	261.2876344086022	0	74
5	75	1	7	281.21608040201005	263.4070351758794	0	75
5	76	1	5	263.54227405247815	258.45772594752185	0	76
5	77	1	4	238.72596153846155	263.1826923076923	0	77
5	78	1	9	303.2713567839196	265.71984924623115	0	78
5	79	1	1	153.504	271.432	0	79
5	80	1	6	120.90604026845638	274.4496644295302	0	80
5	81	1	5	428.2815789473684	275.87368421052633	0	81
5	82	1	11	85.53682170542636	283.68992248062017	0	82
5	83	1	8	268.45222929936307	285.76008492569	0	83
5	84	1	0	470.61279461279463	282.7845117845118	0	84
5	85	1	4	5.0212121212121215	294.6272727272727	0	85
5	86	1	2	387.0653465346535	291.56633663366335	0	86
5	87	1	1	432.33968253968254	294.4063492063492	0	87
5	88	1	5	484.9706498951782	296.62054507337524	0	88
5	89	1	2	90.84397163120568	305.97872340425533	0	89
5	90	1	3	149.0376811594203	312.2304347826087	0	90
5	91	1	1	509.34177215189874	313.7848101265823	0	91
5	92	1	4	428.3235294117647	318.62745098039215	0	92
5	93	1	5	462.7358870967742	319.49395161290323	0	93
5	94	1	4	174.0	317.4922048997773	0	94
5	95	1	29	495.8982630272953	330.1017369727047	0	95
5	96	1	8	38.16647662485747	328.99543899657925	0	96
5	97	1	2	70.0171568627451	331.9166666666667	0	97
5	98	1	7	389.26616915422886	336.1393034825871	0	98
5	99	1	5	130.8217636022514	339.6904315196998	0	99
5	100	1	4	438.3109619686801	341.42729306487695	0	100
5	101	1	1	87.1834451901566	349.1543624161074	0	101
5	102	1	12	281.13925925925923	347.54814814814813	0	102
5	103	1	11	323.42835595776774	351.4917043740573	0	103
5	104	1	6	360.5606758832565	352.17972350230417	0	104
5	105	1	3	386.73236514522824	359.34232365145226	0	105
5	106	1	5	444.859437751004	363.01807228915663	0	106
5	107	1	0	161.7037037037037	370.17283950617286	0	107
5	108	1	3	498.55598455598454	369.0694980694981	0	108
5	109	1	0	172.74590163934425	374.6311475409836	0	109
5	110	1	9	205.61218568665376	379.7659574468085	0	110
5	111	1	3	120.91740412979351	376.49557522123894	0	111
5	112	1	2	431.31733333333335	377.83733333333333	0	112
5	113	1	1	485.00737100737103	378.84766584766584	0	113
5	114	1	15	282.20773638968484	378.61174785100286	0	114
5	115	1	9	324.7359375	381.4640625	0	115
5	116	1	0	423.78212290502796	388.0111731843575	0	116
5	117	1	0	506.3609022556391	386.4398496240602	0	117
5	118	1	2	157.23626373626374	387.3296703296703	0	118
5	119	1	4	468.8787128712871	387.5693069306931	0	119
5	120	1	0	30.758333333333333	388.1666666666667	0	120
5	121	1	3	85.0	392.0373443983402	0	121
5	122	1	5	402.72599531615924	390.6627634660422	0	122
5	123	1	0	156.69072164948454	398.2886597938144	0	123
5	124	1	2	26.36387434554974	402.1256544502618	0	124
5	125	1	2	131.56410256410257	402.21794871794873	0	125
5	126	1	5	358.9434416365824	413.42117930204574	0	126
5	127	1	4	447.85668276972626	418.03864734299515	0	127
5	128	1	6	73.57907542579075	425.0097323600973	0	128
5	129	1	0	380.7901234567901	433.8888888888889	0	129
5	130	1	2	409.7319587628866	438.069587628866	0	130
5	131	1	5	219.96267190569745	439.80058939096267	0	131
5	132	1	0	370.25252525252523	440.73737373737373	0	132
5	133	1	4	298.6666666666667	439.944963655244	0	133
5	134	1	1	273.7613636363636	444.20454545454544	0	134
5	135	1	0	461.0966057441253	446.7702349869452	0	135
5	136	1	0	426.5	452.61206896551727	0	136
5	137	1	0	438.219512195122	453.5975609756098	0	137
5	138	1	1	362.5871121718377	455.8114558472554	0	138
5	139	1	1	508.5691056910569	463.7317073170732	0	139
5	140	1	0	388.6892230576441	464.0952380952381	0	140
5	141	1	1	335.8285714285714	468.127731092437	0	141
5	142	1	3	456.8121442125237	468.38140417457305	0	142
5	143	1	1	436.77345537757435	480.32723112128144	0	143
5	144	1	1	86.65432098765432	487.040329218107	0	144
5	145	1	1	479.5	495.7625	0	145
5	146	1	0	410.9396551724138	498.17456896551727	0	146
5	147	1	2	157.14027149321268	505.4343891402715	0	147
5	148	1	1	320.0199203187251	507.50597609561754	0	148
6	1	1	0	324.94557823129253	3.6598639455782314	0	1
6	2	1	0	160.8166259168704	8.97799511002445	0	2
6	3	1	1	57.66481481481482	11.757407407407408	0	3
6	4	1	0	209.74939759036144	12.773493975903614	0	4
6	5	1	0	21.0932944606414	15.128279883381925	0	5
6	6	1	0	471.2797783933518	15.772853185595569	0	6
6	7	1	0	400.05263157894734	16.8390092879257	0	7
6	8	1	0	421.85393258426967	20.089887640449437	0	8
6	9	1	0	335.7958115183246	21.208376963350787	0	9
6	10	1	0	170.1860465116279	28.162790697674417	0	10
6	11	1	0	145.25	26.36853448275862	0	11
6	12	1	0	181.0	31.076923076923077	0	12
6	13	1	0	383.74442190669373	34.004056795131845	0	13
6	14	1	0	301.5800464037123	29.122969837587007	0	14
6	15	1	1	97.12595419847328	32.06106870229008	0	15
6	16	1	0	410.4761904761905	33.27210884353742	0	16
6	17	1	0	361.9952153110048	34.02870813397129	0	17
6	18	1	0	501.1531100478469	37.92583732057416	0	18
6	19	1	0	126.1444866920152	42.31939163498099	0	19
6	20	1	0	215.6599634369287	42.22851919561243	0	20
6	21	1	0	343.65090909090907	44.732727272727274	0	21
6	22	1	0	49.97948717948718	44.782051282051285	0	22
6	23	1	1	77.8078947368421	50.37894736842105	0	23
6	24	1	0	488.675	51.3625	0	24
6	25	1	0	11.214105793450882	52.91939546599496	0	25
6	26	1	0	464.1136363636364	54.142857142857146	0	26
6	27	1	0	392.23030303030305	56.00606060606061	0	27
6	28	1	0	365.8203592814371	57.32335329341317	0	28
6	29	1	0	413.99378881987576	57.149068322981364	0	29
6	30	1	0	425.12091503267976	67.54901960784314	0	30
6	31	1	0	150.10817941952507	65.40633245382585	0	31
6	32	1	0	477.6916488222698	70.45824411134903	0	32
6	33	1	0	301.6642066420664	73.7140221402214	0	33
6	34	1	0	179.66240409207163	71.54987212276215	0	34
6	35	1	2	101.65236051502146	74.15236051502146	0	35
6	36	1	0	327.2731092436975	76.60924369747899	0	36
6	37	1	0	431.7719298245614	81.5701754385965	0	37
6	38	1	0	35.4624145785877	77.97038724373576	0	38
6	39	1	1	261.8759124087591	78.97810218978103	0	39
6	40	1	1	134.54573170731706	80.10365853658537	0	40
6	41	1	0	393.17699115044246	82.41592920353982	0	41
6	42	1	0	459.58378378378376	86.22702702702702	0	42
6	43	1	1	371.30078125	88.51953125	0	43
6	44	1	1	20.23382045929019	96.10438413361169	0	44
6	45	1	0	208.60851063829787	95.1531914893617	0	45
6	46	1	1	152.07207207207207	98.51801801801801	0	46
6	47	1	1	270.6675675675676	98.26756756756757	0	47
6	48	1	0	423.5655430711611	97.76029962546816	0	48
6	49	1	16	174.95013850415512	96.13573407202216	0	49
6	50	1	1	56.265454545454546	102.82181818181819	0	50
6	51	1	0	71.49438202247191	100.85955056179775	0	51
6	52	1	0	377.3173431734317	104.81549815498155	0	52
6	53	1	0	446.1749049429658	105.82889733840304	0	53
6	54	1	0	483.06788511749346	110.12532637075718	0	54
6	55	1	0	356.2301369863014	105.24931506849315	0	55
6	56	1	1	77.88953488372093	113.74418604651163	0	56
6	57	1	0	292.0945945945946	113.88108108108108	0	57
6	58	1	0	395.8736059479554	114.48698884758365	0	58
6	59	1	1	332.1843891402715	115.35407239819004	0	59
6	60	1	1	169.33898305084745	117.9957627118644	0	60
6	61	1	0	92.63636363636364	123.73863636363636	0	61
6	62	1	5	193.6500888099467	122.50799289520427	0	62
6	63	1	2	258.29382716049383	124.33333333333333	0	63
6	64	1	0	361.9166666666667	127.23333333333333	0	64
6	65	1	0	508.014598540146	125.8029197080292	0	65
6	66	1	0	478.2429022082019	130.26182965299685	0	66
6	67	1	1	75.4589552238806	133.1492537313433	0	67
6	68	1	0	430.97630331753555	134.37203791469193	0	68
6	69	1	1	153.08997429305913	135.86889460154242	0	69
6	70	1	3	314.6463768115942	134.96521739130435	0	70
6	71	1	3	110.32504780114722	137.2963671128107	0	71
6	72	1	2	264.4579439252336	138.39719626168224	0	72
6	73	1	4	207.18795888399413	139.02349486049926	0	73
6	74	1	1	383.4227504244482	136.60101867572155	0	74
6	75	1	2	41.050813008130085	143.77032520325204	0	75
6	76	1	1	483.525462962963	145.65740740740742	0	76
6	77	1	2	133.7481662591687	152.47188264058678	0	77
6	78	1	1	92.0	155.2780487804878	0	78
6	79	1	2	289.2366255144033	157.3827160493827	0	79
6	80	1	1	156.6578947368421	159.05263157894737	0	80
6	81	1	0	442.1120218579235	164.31147540983608	0	81
6	82	1	1	220.53591160220995	164.74861878453038	0	82
6	83	1	1	357.8268041237113	165.69484536082473	0	83
6	84	1	0	476.55882352941177	164.00735294117646	0	84
6	85	1	2	175.65806451612903	170.31612903225806	0	85
6	86	1	1	10.593023255813954	166.73720930232557	0	86
6	87	1	1	405.7453874538745	169.0110701107011	0	87
6	88	1	1	51.852422907488986	172.8568281938326	0	88
6	89	1	1	296.93548387096774	174.42741935483872	0	89
6	90	1	0	467.2866894197952	174.1296928327645	0	90
6	91	1	1	423.20905923344947	175.81881533101046	0	91
6	92	1	6	126.46808510638297	177.52925531914894	0	92
6	93	1	0	497.7278481012658	179.85654008438817	0	93
6	94	1	2	247.22222222222223	186.12820512820514	0	94
6	95	1	2	206.8905263157895	185.30526315789473	0	95
6	96	1	1	70.58992805755396	188.8009592326139	0	96
6	97	1	0	483.1353711790393	191.14410480349346	0	97
6	98	1	1	309.33417085427135	193.63819095477388	0	98
6	99	1	3	262.36337209302326	199.10174418604652	0	99
6	100	1	0	456.44607843137254	198.24019607843138	0	100
6	101	1	6	128.06194690265488	198.38716814159292	0	101
6	102	1	0	424.4959785522788	198.57640750670242	0	102
6	103	1	3	216.07954545454547	202.11079545454547	0	103
6	104	1	3	288.75488069414314	208.8655097613883	0	104
6	105	1	3	5.044117647058823	211.72426470588235	0	105
6	106	1	3	72.9481981981982	211.1081081081081	0	106
6	107	1	9	160.09967845659165	213.15434083601286	0	107
6	108	1	1	382.13917525773195	214.87113402061857	0	108
6	109	1	1	429.7596741344195	216.5050916496945	0	109
6	110	1	3	306.73809523809524	217.70068027210885	0	110
6	111	1	1	227.12406947890818	221.424317617866	0	111
6	112	1	4	271.32323232323233	225.5218855218855	0	112
6	113	1	4	312.17699115044246	237.04646017699116	0	113
6	114	1	2	182.64808362369337	238.02439024390245	0	114
6	115	1	1	126.17054263565892	238.86627906976744	0	115
6	116	1	1	393.4906542056075	241.2126168224299	0	116
6	117	1	1	431.0508474576271	243.35593220338984	0	117
6	118	1	0	2.5391304347826087	242.15652173913043	0	118
6	119	1	4	39.54070981210856	243.49478079331942	0	119
6	120	1	1	223.7420382165605	245.20700636942675	0	120
6	121	1	7	162.1179487179487	246.13162393162392	0	121
6	122	1	4	265.8578947368421	248.21052631578948	0	122
6	123	1	8	365.08948545861296	253.81879194630872	0	123
6	124	1	1	202.9186440677966	253.15593220338982	0	124
6	125	1	3	337.80670103092785	264.2783505154639	0	125
6	126	1	2	290.3955223880597	263.9925373134328	0	126
6	127	1	1	307.7798742138365	266.4119496855346	0	127
6	128	1	2	27.53150684931507	266.16712328767125	0	128
6	129	1	0	422.0935960591133	269.564039408867	0	129
6	130	1	2	38.05933682373473	280.70506108202443	0	130
6	131	1	10	257.1691449814126	282.14684014869886	0	131
6	132	1	5	218.05255023183926	283.1221020092736	0	132
6	133	1	7	125.5026455026455	284.76190476190476	0	133
6	134	1	7	102.92614770459082	287.6307385229541	0	134
6	135	1	3	397.0665083135392	287.09501187648453	0	135
6	136	1	3	62.06883365200765	288.90248565965584	0	136
6	137	1	3	300.3964912280702	290.03508771929825	0	137
6	138	1	2	160.45491803278688	290.47131147540983	0	138
6	139	1	4	358.1663113006397	293.67164179104475	0	139
6	140	1	3	330.840354767184	301.2350332594235	0	140
6	141	1	2	377.73511904761904	304.875	0	141
6	142	1	1	18.195555555555554	310.8622222222222	0	142
6	143	1	2	132.34285714285716	317.75714285714287	0	143
6	144	1	4	183.81944444444446	319.9114583333333	0	144
6	145	1	7	249.97861842105263	320.38486842105266	0	145
6	146	1	5	213.34808853118713	324.51509054325953	0	146
6	147	1	2	141.92814371257484	324.1317365269461	0	147
6	148	1	0	2.715686274509804	337.0	0	148
6	149	1	2	348.28387096774196	337.4	0	149
6	150	1	1	52.93364928909953	341.62796208530807	0	150
6	151	1	3	327.863309352518	342.60791366906477	0	151
6	152	1	3	135.57364341085272	346.0581395348837	0	152
6	153	1	3	229.72418879056048	349.283185840708	0	153
6	154	1	1	295.56302521008405	349.4642857142857	0	154
6	155	1	0	20.92920353982301	354.4225663716814	0	155
6	156	1	3	92.58147512864494	361.37907375643226	0	156
6	157	1	44	259.60303687635576	359.6724511930586	0	157
6	158	1	3	184.47907949790795	367.6338912133891	0	158
6	159	1	2	378.25625	368.34166666666664	0	159
6	160	1	4	282.1576673866091	366.51619870410366	0	160
6	161	1	1	314.09065934065933	369.9203296703297	0	161
6	162	1	4	155.99019607843138	370.22222222222223	0	162
6	163	1	1	16.869017632241814	377.3816120906801	0	163
6	164	1	1	332.90714285714284	381.5785714285714	0	164
6	165	1	2	168.98245614035088	388.9795321637427	0	165
6	166	1	3	131.66610455311974	389.85497470489037	0	166
6	167	1	1	318.67676767676767	388.73737373737373	0	167
6	168	1	4	361.9975369458128	389.4261083743842	0	168
6	169	1	4	266.8054054054054	401.772972972973	0	169
6	170	1	0	349.9717514124294	406.4858757062147	0	170
6	171	1	3	78.76680672268908	405.22899159663865	0	171
6	172	1	3	28.27027027027027	406.9662162162162	0	172
6	173	1	0	303.7530120481928	405.5301204819277	0	173
6	174	1	1	374.4581280788177	407.3497536945813	0	174
6	175	1	1	95.81419624217119	412.0125260960334	0	175
6	176	1	2	231.13764510779436	412.5721393034826	0	176
6	177	1	2	202.63535031847132	416.656050955414	0	177
6	178	1	2	302.1806722689076	420.20588235294116	0	178
6	179	1	0	389.0248447204969	420.35403726708074	0	179
6	180	1	2	163.67021276595744	423.55744680851063	0	180
6	181	1	1	284.73571428571427	424.22857142857146	0	181
6	182	1	2	136.44717444717443	435.3906633906634	0	182
6	183	1	0	472.417695473251	435.86625514403295	0	183
6	184	1	8	75.5609756097561	439.61138211382115	0	184
6	185	1	2	270.73491773308956	441.4314442413163	0	185
6	186	1	1	415.1261261261261	442.6	0	186
6	187	1	1	344.1187648456057	447.11163895486936	0	187
6	188	1	1	372.56479217603913	453.33007334963327	0	188
6	189	1	0	59.33243967828418	454.29758713136727	0	189
6	190	1	0	95.49095607235142	453.8062015503876	0	190
6	191	1	2	221.93205574912892	455.42508710801394	0	191
6	192	1	0	247.73595505617976	455.0870786516854	0	192
6	193	1	1	18.036649214659686	460.4842931937173	0	193
6	194	1	0	498.1760391198044	463.1515892420538	0	194
6	195	1	0	2.19327731092437	469.2773109243698	0	195
6	196	1	1	295.33668341708545	471.0150753768844	0	196
6	197	1	0	118.25984251968504	474.8871391076116	0	197
6	198	1	1	412.52619589977223	472.6879271070615	0	198
6	199	1	0	309.15346534653463	476.66831683168317	0	199
6	200	1	1	260.1691394658754	477.946587537092	0	200
6	201	1	4	240.984375	483.31919642857144	0	201
6	202	1	0	393.6204081632653	482.2530612244898	0	202
6	203	1	0	160.99032258064517	482.13870967741934	0	203
6	204	1	1	441.6768292682927	485.8048780487805	0	204
6	205	1	0	223.52631578947367	489.88220551378447	0	205
6	206	1	0	76.24758220502902	491.18762088974853	0	206
6	207	1	1	122.36792452830188	493.70754716981133	0	207
6	208	1	0	174.9586956521739	495.9782608695652	0	208
6	209	1	2	339.7911908646003	495.58890701468187	0	209
6	210	1	0	454.67783505154637	502.6159793814433	0	210
6	211	1	0	507.53719008264466	504.44628099173553	0	211
6	212	1	0	206.42162162162163	506.58378378378376	0	212
6	213	1	0	410.95	505.775	0	213
