ImageNumber	ObjectNumber	Children_PLA_Count	Location_Center_X	Location_Center_Y	Location_Center_Z	Number_Object_Number	Parent_Nuclei
1	1	2	177.22882882882882	5.657657657657658	0	1	1
1	2	1	240.08771929824562	11.368421052631579	0	2	2
1	3	5	307.5435606060606	6.7481060606060606	0	3	3
1	4	0	362.6408163265306	3.669387755102041	0	4	4
1	5	0	394.913357400722	6.433212996389892	0	5	5
1	6	0	428.0144167758847	7.938401048492792	0	6	6
1	7	0	470.40384615384613	11.2603550295858	0	7	7
1	8	0	492.7574468085106	6.046808510638298	0	8	8
1	9	2	119.00746268656717	7.9216417910447765	0	9	9
1	10	1	270.90989660265876	11.632200886262925	0	10	10
1	11	0	506.8030888030888	12.984555984555984	0	11	11
1	12	5	88.55	16.28469387755102	0	12	12
1	13	2	345.39293598233996	17.9308314937454	0	13	13
1	14	3	36.39784221173297	16.393122049898853	0	14	14
1	15	1	309.8023952095808	21.407185628742514	0	15	15
1	16	1	150.9971264367816	14.847701149425287	0	16	16
1	17	0	493.7323943661972	22.380281690140844	0	17	17
1	18	2	129.4943820224719	21.883426966292134	0	18	18
1	19	1	192.10090702947846	24.40249433106576	0	19	19
1	20	1	287.531051964512	28.641318124207856	0	20	20
1	21	0	164.01373626373626	31.166208791208792	0	21	21
1	22	3	59.574285714285715	33.005714285714284	0	22	22
1	23	0	406.8670634920635	33.31679894179894	0	23	23
1	24	0	360.3765690376569	37.53138075313807	0	24	24
1	25	1	433.98166431593796	35.7475317348378	0	25	25
1	26	2	138.98170731707316	44.69390243902439	0	26	26
1	27	2	452.623	39.359	0	27	27
1	28	3	251.66077348066298	37.66408839779005	0	28	28
1	29	3	324.4422604422604	49.06879606879607	0	29	29
1	30	1	81.7486187845304	50.812154696132595	0	30	30
1	31	2	381.89038785834737	49.99915682967959	0	31	31
1	32	0	483.06392694063925	42.48287671232877	0	32	32
1	33	0	504.177304964539	46.274231678487	0	33	33
1	34	1	209.66255144032922	43.94855967078189	0	34	34
1	35	4	108.99374441465594	53.58266309204647	0	35	35
1	36	3	174.00093370681606	56.80859010270775	0	36	36
1	37	11	298.9820936639118	55.366391184573004	0	37	37
1	38	0	274.50756693830033	57.48777648428405	0	38	38
1	39	7	239.81879194630872	60.513902205177374	0	39	39
1	40	0	488.75961538461536	66.51923076923077	0	40	40
1	41	2	6.21256038647343	60.18840579710145	0	41	41
1	42	0	502.7961335676626	76.22847100175747	0	42	42
1	43	0	467.505039193729	69.3986562150056	0	43	43
1	44	3	212.31490384615384	72.34014423076923	0	44	44
1	45	4	385.3367697594502	80.0618556701031	0	45	45
1	46	9	25.555757575757575	71.33212121212121	0	46	46
1	47	3	49.50677506775068	69.39566395663957	0	47	47
1	48	1	446.371875	79.47395833333333	0	48	48
1	49	5	125.83567662565905	78.4323374340949	0	49	49
1	50	3	5.803921568627451	95.96296296296296	0	50	50
1	51	6	160.81994047619048	90.37276785714286	0	51	51
1	52	5	191.85148514851485	87.87747524752476	0	52	52
1	53	2	276.4368715083799	87.4368715083799	0	53	53
1	54	2	416.95485770363103	84.32090284592738	0	54	54
1	55	6	52.955539872971066	95.55469301340861	0	55	55
1	56	0	232.97884615384615	89.325	0	56	56
1	57	3	303.900826446281	89.26905417814508	0	57	57
1	58	1	433.9129593810445	100.357833655706	0	58	58
1	59	0	483.81245722108144	101.3709787816564	0	59	59
1	60	4	136.5346650998825	106.68507638072856	0	60	60
1	61	9	253.96652719665272	100.68305439330544	0	61	61
1	62	2	221.64923076923077	106.83692307692307	0	62	62
1	63	1	353.0675024108004	92.22565091610414	0	63	63
1	64	3	67.43363994743758	110.75821287779237	0	64	64
1	65	5	95.8137730358875	103.31910766246362	0	65	65
1	66	3	324.125	110.32287234042553	0	66	66
1	67	4	117.67553191489361	113.80851063829788	0	67	67
1	68	5	189.82220555138784	119.93323330832708	0	68	68
1	69	2	357.98317757009346	121.66635514018692	0	69	69
1	70	0	407.653125	113.2671875	0	70	70
1	71	2	437.9726962457338	118.84641638225256	0	71	71
1	72	3	386.81349206349205	118.82738095238095	0	72	72
1	73	7	81.40885142255006	133.0168598524763	0	73	73
1	74	3	282.0344607530313	134.18825781748563	0	74	74
1	75	7	254.05367464905038	137.09083402146985	0	75	75
1	76	6	457.6959798994975	130.41959798994975	0	76	76
1	77	3	117.97048611111111	132.03993055555554	0	77	77
1	78	5	225.0174129353234	132.81094527363183	0	78	78
1	79	2	417.30102040816325	142.06760204081633	0	79	79
1	80	5	9.873775843307943	133.24156692056584	0	80	80
1	81	3	394.82186732186733	146.60933660933662	0	81	81
1	82	1	469.16960784313727	152.10686274509803	0	82	82
1	83	5	371.92112676056337	145.91267605633803	0	83	83
1	84	7	27.24035420619861	152.69702719797596	0	84	84
1	85	2	94.1119733924612	156.8780487804878	0	85	85
1	86	8	216.82942430703625	151.7366737739872	0	86	86
1	87	6	304.80709342560556	155.50173010380624	0	87	87
1	88	2	494.2129719264279	152.2623426911907	0	88	88
1	89	5	145.68430826369544	156.6573816155989	0	89	89
1	90	2	346.75753424657535	152.96849315068494	0	90	90
1	91	1	435.01018099547514	164.39705882352942	0	91	91
1	92	8	120.5	166.94548286604362	0	92	92
1	93	2	507.04910714285717	165.70982142857142	0	93	93
1	94	8	211.60971524288107	172.10804020100502	0	94	94
1	95	1	396.55452865064694	171.57855822550832	0	95	95
1	96	9	345.8637755102041	177.87295918367346	0	96	96
1	97	7	171.18042366691014	182.39517896274654	0	97	97
1	98	4	11.65759312320917	186.66189111747852	0	98	98
1	99	11	286.76785714285717	185.96103896103895	0	99	99
1	100	4	395.50572687224667	194.75947136563877	0	100	100
1	101	0	487.26594982078853	190.40430107526882	0	101	101
1	102	5	197.80080482897384	198.37726358148893	0	102	102
1	103	2	364.63157894736844	197.19590643274853	0	103	103
1	104	4	439.1183098591549	198.55305164319248	0	104	104
1	105	0	506.208480565371	204.81272084805653	0	105	105
1	106	8	44.11928651059086	195.82051282051282	0	106	106
1	107	8	256.58978873239437	195.06161971830986	0	107	107
1	108	6	333.113	206.977	0	108	108
1	109	11	69.92640692640693	205.69588744588745	0	109	109
1	110	1	3.853801169590643	211.35672514619884	0	110	110
1	111	5	365.29776247848537	216.44922547332186	0	111	111
1	112	3	25.993775933609957	215.49273858921163	0	112	112
1	113	3	273.11386861313866	219.42043795620438	0	113	113
1	114	4	393.0897435897436	218.12271062271063	0	114	114
1	115	0	476.4339622641509	215.84179970972423	0	115	115
1	116	14	141.43538196438828	208.08788052843192	0	116	116
1	117	5	295.7580128205128	218.1778846153846	0	117	117
1	118	6	323.62534818941504	222.29805013927577	0	118	118
1	119	45	198.63516483516483	219.3230769230769	0	119	119
1	120	5	142.92997198879553	229.66806722689077	0	120	120
1	121	6	59.90781796966161	228.7164527421237	0	121	121
1	122	1	10.45821325648415	228.4092219020173	0	122	122
1	123	40	241.83392539964476	228.72113676731794	0	123	123
1	124	1	439.10633484162895	228.54072398190044	0	124	124
1	125	0	466.73525377229083	231.18655692729766	0	125	125
1	126	1	502.6753246753247	235.48196248196248	0	126	126
1	127	13	219.88672350791717	233.0584652862363	0	127	127
1	128	1	372.35168738898756	237.6305506216696	0	128	128
1	129	4	309.42432432432435	239.88108108108108	0	129	129
1	130	4	398.8031784841076	241.26283618581908	0	130	130
1	131	6	181.1807372175981	240.217598097503	0	131	131
1	132	15	107.1993079584775	241.01107266435986	0	132	132
1	133	0	448.8286713286713	244.08391608391608	0	133	133
1	134	9	264.1672967863894	250.95841209829868	0	134	134
1	135	5	420.9445037353255	249.4599786552828	0	135	135
1	136	10	146.45707915273132	250.85395763656632	0	136	136
1	137	0	488.18608169440245	254.3373676248109	0	137	137
1	138	0	466.36962025316456	255.2759493670886	0	138	138
1	139	2	352.1217391304348	251.24347826086955	0	139	139
1	140	5	332.9894859813084	259.571261682243	0	140	140
1	141	4	202.43741765480897	258.6429512516469	0	141	141
1	142	6	63.10472103004292	251.36909871244634	0	142	142
1	143	4	284.06933333333336	260.17333333333335	0	143	143
1	144	1	380.63157894736844	258.63684210526316	0	144	144
1	145	1	442.196511627907	266.40581395348835	0	145	145
1	146	3	304.367816091954	268.9080459770115	0	146	146
1	147	6	165.95133819951337	267.58029197080293	0	147	147
1	148	7	85.72460496613995	266.6817155756208	0	148	148
1	149	10	229.83619047619047	271.4114285714286	0	149	149
1	150	12	111.90899581589959	278.4916317991632	0	150	150
1	151	3	402.2771996215705	281.3046357615894	0	151	151
1	152	7	371.80261437908496	276.41960784313727	0	152	152
1	153	2	53.76084099868594	282.6964520367937	0	153	153
1	154	6	203.41499085923218	283.21937842778794	0	154	154
1	155	3	481.6335118592196	282.0635042081102	0	155	155
1	156	0	152.811377245509	285.0748502994012	0	156	156
1	157	4	88.26683291770574	291.00997506234415	0	157	157
1	158	8	183.16919486581097	291.82613768961494	0	158	158
1	159	14	260.4733455882353	286.8639705882353	0	159	159
1	160	11	296.571661237785	291.05537459283386	0	160	160
1	161	7	443.9506462984724	289.32667450058756	0	161	161
1	162	8	129.48331015299027	298.1356050069541	0	162	162
1	163	8	374.85926573426576	303.43706293706293	0	163	163
1	164	4	159.75334608030593	303.3059273422562	0	164	164
1	165	2	63.856873822975516	299.69114877589453	0	165	165
1	166	2	324.39211618257264	297.64211618257264	0	166	166
1	167	4	345.15243101182654	298.5124835742444	0	167	167
1	168	4	420.71478873239437	303.86443661971833	0	168	168
1	169	1	443.064406779661	306.8542372881356	0	169	169
1	170	5	217.3943181818182	307.0693181818182	0	170	170
1	171	8	264.82401902497026	313.19262782401904	0	171	171
1	172	4	30.038491147036183	312.82909930715937	0	172	172
1	173	4	80.58379373848987	313.02025782688764	0	173	173
1	174	4	243.68821292775667	312.4771863117871	0	174	174
1	175	7	296.93333333333334	314.59871794871793	0	175	175
1	176	1	464.3595113438045	316.60907504363	0	176	176
1	177	2	502.08150064683053	316.1384217335058	0	177	177
1	178	0	483.19170984455957	318.5246113989637	0	178	178
1	179	0	235.62820512820514	326.6474358974359	0	179	179
1	180	2	63.700276243093924	326.68508287292815	0	180	180
1	181	3	95.7530612244898	321.78367346938774	0	181	181
1	182	8	179.3548657718121	323.34647651006713	0	182	182
1	183	2	440.64550264550263	326.255291005291	0	183	183
1	184	3	312.0205128205128	328.1666666666667	0	184	184
1	185	1	404.7212389380531	323.8196902654867	0	185	185
1	186	2	360.806905370844	326.84398976982095	0	186	186
1	187	4	210.64025695931477	335.16274089935763	0	187	187
1	188	10	123.52553191489362	336.1632978723404	0	188	188
1	189	3	326.2045169385195	342.46925972396485	0	189	189
1	190	3	343.842509603073	347.90012804097313	0	190	190
1	191	1	46.382440476190474	341.4761904761905	0	191	191
1	192	1	435.64609450337514	350.97396335583414	0	192	192
1	193	6	280.74813233724655	343.8068303094984	0	193	193
1	194	2	370.1442542787286	345.86552567237163	0	194	194
1	195	0	311.07975460122697	347.7361963190184	0	195	195
1	196	5	254.36965376782078	349.0977596741344	0	196	196
1	197	3	465.8744541484716	352.14519650655023	0	197	197
1	198	2	212.31732776617955	357.1711899791232	0	198	198
1	199	4	298.94545454545454	359.3636363636364	0	199	199
1	200	0	384.0550898203593	355.6	0	200	200
1	201	6	167.57397691500523	350.0713536201469	0	201	201
1	202	2	89.72827417380661	355.10036719706244	0	202	202
1	203	4	406.3850641773629	356.0338389731622	0	203	203
1	204	3	230.92449922958397	361.08012326656393	0	204	204
1	205	0	38.276510067114096	361.11140939597317	0	205	205
1	206	1	68.82191780821918	360.65296803652967	0	206	206
1	207	5	151.95641025641027	367.78205128205127	0	207	207
1	208	2	495.06042128603104	365.1929046563193	0	208	208
1	209	3	122.92491467576792	366.4129692832764	0	209	209
1	210	3	186.7426614481409	371.4833659491194	0	210	210
1	211	1	351.68111455108357	375.8219814241486	0	211	211
1	212	3	131.14439655172413	383.13793103448273	0	212	212
1	213	6	256.2426326129666	381.6198428290766	0	213	213
1	214	3	101.8441127694859	380.9519071310116	0	214	214
1	215	3	55.8068783068783	387.826278659612	0	215	215
1	216	0	365.9003590664273	394.51974865350087	0	216	216
1	217	2	283.50225563909777	383.97744360902254	0	217	217
1	218	2	317.2355008787346	381.3286467486819	0	218	218
1	219	3	335.8481141692151	394.6870540265036	0	219	219
1	220	2	447.6283662477558	385.7262118491921	0	220	220
1	221	1	429.4178403755869	391.28325508607196	0	221	221
1	222	0	205.42	388.7083333333333	0	222	222
1	223	0	407.043661971831	388.0535211267606	0	223	223
1	224	1	479.7298474945534	393.96623093681916	0	224	224
1	225	1	386.6579710144928	403.1835748792271	0	225	225
1	226	3	83.8849840255591	394.34984025559106	0	226	226
1	227	3	225.16515426497278	387.90562613430126	0	227	227
1	228	3	142.88057901085645	403.6682750301568	0	228	228
1	229	2	306.7375745526839	395.20675944333993	0	229	229
1	230	1	119.184165232358	406.28915662650604	0	230	230
1	231	1	290.22401171303073	411.6808199121523	0	231	231
1	232	0	100.37247706422018	411.7871559633028	0	232	232
1	233	0	415.6380697050938	408.171581769437	0	233	233
1	234	2	163.70032051282053	401.1602564102564	0	234	234
1	235	1	225.14017521902377	409.32665832290365	0	235	235
1	236	3	38.276887871853546	407.55606407322654	0	236	236
1	237	3	186.88787483702737	408.92046936114735	0	237	237
1	238	4	262.0494450050454	411.8577194752775	0	238	238
1	239	2	165.84517045454547	426.7869318181818	0	239	239
1	240	1	12.004255319148935	406.08776595744683	0	240	240
1	241	2	473.3076923076923	427.96923076923076	0	241	241
1	242	1	86.09862385321101	428.8199541284404	0	242	242
1	243	1	419.0923076923077	428.1207692307692	0	243	243
1	244	2	319.07179487179485	421.9807692307692	0	244	244
1	245	2	64.57088122605364	429.0740740740741	0	245	245
1	246	1	196.61985216473073	434.17845828933474	0	246	246
1	247	1	233.14471780028944	430.3053545586107	0	247	247
1	248	3	312.37525150905435	441.59758551307846	0	248	248
1	249	4	124.94424460431655	435.8003597122302	0	249	249
1	250	2	38.05826906598115	441.8191945158526	0	250	250
1	251	2	264.1188959660297	446.1988676574664	0	251	251
1	252	1	237.89305816135084	455.42401500938087	0	252	252
1	253	0	355.71789883268485	440.42412451361866	0	253	253
1	254	1	213.19875	455.0375	0	254	254
1	255	0	425.548828125	450.134765625	0	255	255
1	256	2	289.8023483365949	461.0215264187867	0	256	256
1	257	1	370.65390505359875	457.21286370597244	0	257	257
1	258	1	96.84193194291987	458.6147091108672	0	258	258
1	259	0	7.804971319311663	460.67304015296367	0	259	259
1	260	0	501.74349442379184	461.0018587360595	0	260	260
1	261	1	409.9433734939759	467.22409638554217	0	261	261
1	262	3	153.1415313225058	453.5058004640371	0	262	262
1	263	0	18.086021505376344	470.7913978494624	0	263	263
1	264	0	167.24508050089446	476.27101967799643	0	264	264
1	265	0	454.18580765639587	460.09897292250236	0	265	265
1	266	2	65.12464589235128	459.80169971671387	0	266	266
1	267	0	137.9240506329114	465.3751438434983	0	267	267
1	268	0	341.27183098591547	468.51408450704224	0	268	268
1	269	0	32.42827004219409	474.13502109704643	0	269	269
1	270	2	392.27366863905326	464.5177514792899	0	270	270
1	271	0	473.979674796748	476.0487804878049	0	271	271
1	272	0	429.2214285714286	475.8880952380952	0	272	272
1	273	0	488.55911823647295	475.7434869739479	0	273	273
1	274	0	186.32247899159663	474.0546218487395	0	274	274
1	275	0	52.188380281690144	482.00704225352115	0	275	275
1	276	0	359.8802521008403	484.3004201680672	0	276	276
1	277	2	385.5367741935484	487.6709677419355	0	277	277
1	278	0	132.14427860696517	482.21890547263683	0	278	278
1	279	0	232.62268803945747	482.12946979038225	0	279	279
1	280	6	310.27354260089686	480.49925261584457	0	280	280
1	281	1	109.56459330143541	484.40765550239234	0	281	281
1	282	1	71.88382352941177	486.975	0	282	282
1	283	0	205.57733175914993	486.84651711924437	0	283	283
1	284	0	456.9963963963964	489.1945945945946	0	284	284
1	285	1	255.49659201557935	489.0194741966894	0	285	285
1	286	0	31.420770877944324	499.69057815845827	0	286	286
1	287	0	371.0274390243902	501.9725609756098	0	287	287
1	288	1	434.4982738780207	498.9136939010357	0	288	288
1	289	1	328.8048780487805	497.94117647058823	0	289	289
1	290	2	497.7457627118644	498.10039113428945	0	290	290
1	291	0	144.54281098546042	502.01777059773826	0	291	291
1	292	0	350.24797843665766	503.43935309973045	0	292	292
1	293	0	78.4783393501805	503.1281588447653	0	293	293
1	294	0	103.29153605015674	504.16300940438873	0	294	294
1	295	1	215.78587699316628	506.3507972665148	0	295	295
1	296	0	262.7792642140468	505.7892976588629	0	296	296
1	297	1	287.59214501510576	500.55891238670694	0	297	297
2	1	0	15.273381294964029	3.1079136690647484	0	1	1
2	2	0	98.3961038961039	3.2467532467532467	0	2	2
2	3	0	184.47098976109214	5.208191126279863	0	3	3
2	4	0	270.0142566191446	7.863543788187373	0	4	4
2	5	0	295.78402366863907	6.520710059171598	0	5	5
2	6	0	320.509009009009	7.948198198198198	0	6	6
2	7	0	422.6692759295499	7.857142857142857	0	7	7
2	8	0	483.18471337579615	2.821656050955414	0	8	8
2	9	0	347.2156862745098	11.762254901960784	0	9	9
2	10	0	35.4124513618677	9.326848249027238	0	10	10
2	11	1	153.9435975609756	8.911585365853659	0	11	11
2	12	1	61.138632162661736	11.487985212569317	0	12	12
2	13	0	469.09172932330824	16.757894736842104	0	13	13
2	14	0	503.3264604810997	8.0446735395189	0	14	14
2	15	1	76.48051948051948	14.885714285714286	0	15	15
2	16	1	209.48091603053436	6.709923664122138	0	16	16
2	17	0	9.272602739726027	21.4013698630137	0	17	17
2	18	0	88.1266891891892	22.00337837837838	0	18	18
2	19	0	201.37241379310345	21.31264367816092	0	19	19
2	20	0	224.44356435643564	25.90990099009901	0	20	20
2	21	0	398.7267441860465	15.38517441860465	0	21	21
2	22	0	450.4128256513026	13.034068136272545	0	22	22
2	23	0	486.9377880184332	21.29953917050691	0	23	23
2	24	0	243.5747508305648	22.59579180509413	0	24	24
2	25	0	156.09774436090225	27.37593984962406	0	25	25
2	26	0	116.6712580348944	18.44811753902663	0	26	26
2	27	0	416.6967741935484	30.126881720430106	0	27	27
2	28	0	505.64980544747084	27.525291828793776	0	28	28
2	29	0	443.2976629766298	32.71955719557196	0	29	29
2	30	2	289.71180124223605	29.145341614906833	0	30	30
2	31	1	368.0156918687589	25.977175463623396	0	31	31
2	32	1	129.81363636363636	33.57727272727273	0	32	32
2	33	0	52.68742058449809	33.10546378653113	0	33	33
2	34	1	262.68390129259694	33.58284371327849	0	34	34
2	35	1	179.48969578017665	31.087340529931303	0	35	35
2	36	1	312.6941176470588	35.659803921568624	0	36	36
2	37	3	32.39864099660249	42.15515288788222	0	37	37
2	38	2	91.31675126903554	47.243654822335024	0	38	38
2	39	0	493.27462946817786	48.42981691368788	0	39	39
2	40	0	427.824	41.304	0	40	40
2	41	1	386.43839541547277	44.84813753581662	0	41	41
2	42	0	195.1135531135531	51.223443223443226	0	42	42
2	43	0	427.27272727272725	51.72727272727273	0	43	43
2	44	1	133.61751152073734	57.11981566820276	0	44	44
2	45	0	410.3505402160864	58.984393757503	0	45	45
2	46	1	161.9084380610413	56.614003590664275	0	46	46
2	47	0	346.9151398264224	53.834136933461906	0	47	47
2	48	3	313.9258872651357	63.18997912317328	0	48	48
2	49	1	272.15271966527195	64.98326359832636	0	49	49
2	50	0	211.00252525252526	60.96969696969697	0	50	50
2	51	2	18.696364932287956	66.84248039914469	0	51	51
2	52	1	58.24053452115813	64.11135857461025	0	52	52
2	53	0	439.86944444444447	67.41111111111111	0	53	53
2	54	0	397.6272401433692	76.53584229390681	0	54	54
2	55	0	460.4668769716088	69.21976866456362	0	55	55
2	56	0	225.0647948164147	69.60043196544277	0	56	56
2	57	0	332.57507507507506	77.62912912912913	0	57	57
2	58	2	3.678048780487805	78.69756097560976	0	58	58
2	59	0	375.6217303822938	77.45372233400403	0	59	59
2	60	0	147.14357682619647	81.31989924433249	0	60	60
2	61	0	63.3859649122807	80.6842105263158	0	61	61
2	62	1	244.80890336590662	80.19652551574376	0	62	62
2	63	0	184.84053902302077	85.8736664795059	0	63	63
2	64	1	48.67850098619329	89.17159763313609	0	64	64
2	65	0	424.10785824345146	88.83204930662558	0	65	65
2	66	0	91.32929782082324	82.53591606133979	0	66	66
2	67	2	71.55703422053232	95.99239543726236	0	67	67
2	68	0	476.98140975987604	89.63129357087529	0	68	68
2	69	2	114.1484888304862	87.1826544021025	0	69	69
2	70	2	346.8844621513944	93.43426294820718	0	70	70
2	71	3	289.95340501792117	98.99761051373955	0	71	71
2	72	1	196.94981640146878	109.94736842105263	0	72	72
2	73	2	224.46179401993356	100.43189368770764	0	73	73
2	74	2	147.1925254813137	105.94110985277463	0	74	74
2	75	3	250.54509018036072	111.12124248496994	0	75	75
2	76	1	323.4361820199778	109.03884572697004	0	76	76
2	77	0	431.5	107.89977477477477	0	77	77
2	78	1	113.15943600867679	112.46529284164859	0	78	78
2	79	0	375.66364812419147	110.35834411384218	0	79	79
2	80	1	13.665676077265973	107.20059435364041	0	80	80
2	81	1	26.004158004158004	120.55925155925156	0	81	81
2	82	1	402.38247011952194	115.51892430278885	0	82	82
2	83	1	208.27439024390245	129.10467479674796	0	83	83
2	84	2	351.22240802675583	119.56187290969899	0	84	84
2	85	4	45.232251521298174	113.53549695740365	0	85	85
2	86	0	459.0627674750357	122.7318116975749	0	86	86
2	87	0	3.448717948717949	128.72435897435898	0	87	87
2	88	0	486.0435684647303	120.23547717842324	0	88	88
2	89	0	389.6701754385965	133.89473684210526	0	89	89
2	90	1	55.93076923076923	132.51538461538462	0	90	90
2	91	0	116.43523316062176	134.60967184801382	0	91	91
2	92	3	143.85112781954888	131.5533834586466	0	92	92
2	93	2	87.85774946921444	134.10934182590233	0	93	93
2	94	0	365.3974842767296	140.03396226415094	0	94	94
2	95	5	169.72697368421052	139.02796052631578	0	95	95
2	96	1	434.797552836485	135.43937708565073	0	96	96
2	97	1	328.5602766798419	140.1403162055336	0	97	97
2	98	0	69.47659574468085	140.12340425531914	0	98	98
2	99	2	303.23286180631123	140.67899891186073	0	99	99
2	100	0	502.58255451713393	137.13707165109034	0	100	100
2	101	0	13.633082706766917	145.1578947368421	0	101	101
2	102	3	230.28265765765767	144.76126126126127	0	102	102
2	103	3	272.0970149253731	138.9189765458422	0	103	103
2	104	3	252.62973760932945	145.8862973760933	0	104	104
2	105	0	488.9915560916767	153.6887816646562	0	105	105
2	106	3	38.29776247848537	152.73321858864028	0	106	106
2	107	1	151.39593908629442	155.5964467005076	0	107	107
2	108	3	286.8702064896755	163.65781710914453	0	108	108
2	109	1	110.64888337468983	156.64143920595532	0	109	109
2	110	0	394.02351097178683	156.3001567398119	0	110	110
2	111	0	470.8818565400844	159.54149085794654	0	111	111
2	112	3	66.6263440860215	164.57258064516128	0	112	112
2	113	2	362.20824524312894	169.1553911205074	0	113	113
2	114	0	431.1539763113367	161.17089678511	0	114	114
2	115	1	455.37644151565075	173.6466227347611	0	115	115
2	116	7	201.04298459042985	163.8126520681265	0	116	116
2	117	3	133.48924731182797	163.7231182795699	0	117	117
2	118	0	331.09580838323353	167.37924151696606	0	118	118
2	119	0	154.092050209205	171.97280334728035	0	119	119
2	120	4	39.71656976744186	176.84156976744185	0	120	120
2	121	3	14.798090040927695	171.806275579809	0	121	121
2	122	2	412.4738617200675	171.83305227655987	0	122	122
2	123	0	348.841059602649	178.28807947019868	0	123	123
2	124	2	254.8910891089109	181.98019801980197	0	124	124
2	125	0	227.71511627906978	182.24903100775194	0	125	125
2	126	2	132.34285714285716	180.29714285714286	0	126	126
2	127	2	120.44483985765125	182.41992882562278	0	127	127
2	128	4	98.9452380952381	181.12261904761905	0	128	128
2	129	2	74.91880341880342	191.25641025641025	0	129	129
2	130	1	184.69212962962962	184.43287037037038	0	130	130
2	131	1	348.4543610547667	198.40365111561866	0	131	131
2	132	3	398.9903121636168	194.93433799784714	0	132	132
2	133	0	499.33106575963717	187.98185941043084	0	133	133
2	134	4	10.667439165701042	200.87137891077637	0	134	134
2	135	0	429.86541244573084	194.89869753979738	0	135	135
2	136	4	159.93790149892934	189.08565310492506	0	136	136
2	137	8	138.4803451581975	204.54841802492808	0	137	137
2	138	2	296.3783783783784	191.37387387387386	0	138	138
2	139	3	44.1967717140661	206.23520368946964	0	139	139
2	140	1	322.22366863905324	197.9526627218935	0	140	140
2	141	2	165.65271966527197	209.7468619246862	0	141	141
2	142	0	471.4274891774892	202.20454545454547	0	142	142
2	143	5	107.08102766798419	210.5108695652174	0	143	143
2	144	2	187.0032258064516	211.1451612903226	0	144	144
2	145	3	413.90909090909093	215.62923351158645	0	145	145
2	146	4	278.11017838405036	210.0797481636936	0	146	146
2	147	0	232.77899343544857	209.6214442013129	0	147	147
2	148	2	310.3578595317726	220.75585284280936	0	148	148
2	149	0	502.6677419354839	214.76451612903224	0	149	149
2	150	1	452.2825229960578	217.7634691195795	0	150	150
2	151	0	244.7835616438356	220.5041095890411	0	151	151
2	152	0	264.0948766603416	223.134724857685	0	152	152
2	153	0	480.3316261203585	231.04097311139566	0	153	153
2	154	5	211.4383116883117	218.1883116883117	0	154	154
2	155	3	343.8310316815597	231.33549959382617	0	155	155
2	156	2	190.85585585585585	234.57657657657657	0	156	156
2	157	0	500.3652037617555	238.63793103448276	0	157	157
2	158	1	108.95	230.08695652173913	0	158	158
2	159	1	445.84153661464586	236.2112845138055	0	159	159
2	160	2	77.46477132262052	226.54635352286775	0	160	160
2	161	2	236.01883561643837	237.18664383561645	0	161	161
2	162	3	407.16092943201375	236.35886402753871	0	162	162
2	163	3	61.44606413994169	240.71720116618076	0	163	163
2	164	1	113.73611111111111	243.5222222222222	0	164	164
2	165	3	157.24615384615385	240.76032388663967	0	165	165
2	166	1	83.0578947368421	249.36315789473684	0	166	166
2	167	3	283.92670807453413	245.4913043478261	0	167	167
2	168	0	98.19274376417233	252.20408163265307	0	168	168
2	169	2	40.86285195277021	248.39146230699365	0	169	169
2	170	3	137.853591160221	251.71132596685084	0	170	170
2	171	0	379.39930555555554	245.79050925925927	0	171	171
2	172	2	233.42786683107275	256.10974106041925	0	172	172
2	173	3	336.5515743756786	260.5190010857763	0	173	173
2	174	1	435.2678899082569	255.22935779816513	0	174	174
2	175	1	316.1835443037975	260.7911392405063	0	175	175
2	176	1	203.65	254.68947368421053	0	176	176
2	177	2	31.844919786096256	267.47058823529414	0	177	177
2	178	1	186.69958847736626	259.2551440329218	0	178	178
2	179	0	448.8026755852843	266.60200668896323	0	179	179
2	180	1	170.78653846153847	268.08846153846156	0	180	180
2	181	2	500.46744574290483	265.5559265442404	0	181	181
2	182	2	285.8693069306931	272.519801980198	0	182	182
2	183	7	79.57193605683837	278.54529307282417	0	183	183
2	184	2	471.12071651090343	270.81853582554515	0	184	184
2	185	3	364.8476764199656	272.0413080895009	0	185	185
2	186	6	122.76557632398755	274.7056074766355	0	186	186
2	187	3	407.31404320987656	272.26851851851853	0	187	187
2	188	1	213.51607298001738	282.1711555169418	0	188	188
2	189	0	253.54623287671234	274.7003424657534	0	189	189
2	190	0	234.78189300411523	280.559670781893	0	190	190
2	191	1	434.8088467614534	284.20695102685625	0	191	191
2	192	3	13.847103004291846	285.1346566523605	0	192	192
2	193	2	190.7913043478261	288.9586956521739	0	193	193
2	194	1	499.8536082474227	290.1711340206186	0	194	194
2	195	2	167.7421451787649	292.2578548212351	0	195	195
2	196	1	258.575959933222	298.64774624373956	0	196	196
2	197	2	312.898064516129	294.46451612903223	0	197	197
2	198	4	271.8020698576973	306.23027166882275	0	198	198
2	199	2	236.26732673267327	305.6930693069307	0	199	199
2	200	5	143.53632760898282	301.1558784676354	0	200	200
2	201	2	389.4532600157109	300.12882953652786	0	201	201
2	202	3	120.78438661710037	308.30235439900866	0	202	202
2	203	0	305.00272479564035	312.6566757493188	0	203	203
2	204	1	338.64426877470356	297.5681818181818	0	204	204
2	205	1	424.7749196141479	307.12700964630227	0	205	205
2	206	0	477.6362297496318	301.82326951399114	0	206	206
2	207	0	287.4909529553679	316.4282267792521	0	207	207
2	208	1	454.0991831971995	306.8191365227538	0	208	208
2	209	0	504.0551948051948	310.7077922077922	0	209	209
2	210	3	82.559477124183	309.5673202614379	0	210	210
2	211	1	103.12546816479401	315.4176029962547	0	211	211
2	212	2	157.87482219061167	320.24182076813656	0	212	212
2	213	2	347.4122807017544	318.88508771929827	0	213	213
2	214	6	193.22095238095238	318.5285714285714	0	214	214
2	215	1	404.22454308093995	323.0835509138381	0	215	215
2	216	1	427.9026845637584	331.97147651006713	0	216	216
2	217	0	459.53731343283584	335.9179104477612	0	217	217
2	218	1	368.9640151515151	332.98200757575756	0	218	218
2	219	1	486.24169435215947	332.77408637873754	0	219	219
2	220	3	408.45604395604397	338.40934065934067	0	220	220
2	221	0	506.1288782816229	342.67541766109787	0	221	221
2	222	3	218.56704980842912	335.0191570881226	0	222	222
2	223	3	61.66848940533151	336.1285030758715	0	223	223
2	224	1	105.92268041237114	335.48625429553266	0	224	224
2	225	2	167.90953947368422	343.71792763157896	0	225	225
2	226	0	442.53445850914204	346.9184247538678	0	226	226
2	227	1	122.96013864818025	345.95147313691507	0	227	227
2	228	2	389.8200734394125	352.9461444308445	0	228	228
2	229	0	233.0	354.5558408215661	0	229	229
2	230	4	88.60355029585799	356.42721893491125	0	230	230
2	231	3	327.45691126279866	357.3941979522184	0	231	231
2	232	3	413.0759911894273	366.1310572687225	0	232	232
2	233	2	361.39071856287427	363.76197604790417	0	233	233
2	234	3	299.8986125933831	368.5069370330843	0	234	234
2	235	4	26.967310549777118	362.83803863298664	0	235	235
2	236	0	110.91666666666667	371.80514705882354	0	236	236
2	237	1	175.77685950413223	366.633608815427	0	237	237
2	238	0	463.14624505928856	366.45981554677206	0	238	238
2	239	2	67.16152897657213	371.7768187422935	0	239	239
2	240	1	486.6503579952267	368.8973747016706	0	240	240
2	241	3	139.7095238095238	373.6746031746032	0	241	241
2	242	2	219.2629716981132	376.5695754716981	0	242	242
2	243	2	266.3516572352466	368.28294260307194	0	243	243
2	244	3	434.81400966183577	384.2455716586151	0	244	244
2	245	1	8.534632034632034	387.26190476190476	0	245	245
2	246	1	257.8648888888889	391.02933333333334	0	246	246
2	247	0	366.1276978417266	390.2158273381295	0	247	247
2	248	2	159.98288159771755	392.188302425107	0	248	248
2	249	0	389.15848527349226	389.89340813464236	0	249	249
2	250	0	490.8211243611584	393.91056218057923	0	250	250
2	251	1	181.03342245989305	397.7098930481283	0	251	251
2	252	1	200.24334600760457	395.1977186311787	0	252	252
2	253	2	43.5624591236102	399.5088293001962	0	253	253
2	254	1	69.92798690671032	396.86906710310967	0	254	254
2	255	1	101.35172413793103	398.1832512315271	0	255	255
2	256	1	219.13333333333333	405.0323232323232	0	256	256
2	257	1	457.4048370136698	405.35120925341744	0	257	257
2	258	0	247.93462109955422	407.3016344725111	0	258	258
2	259	0	13.906705539358601	405.07871720116617	0	259	259
2	260	2	73.66506602641057	421.2977190876351	0	260	260
2	261	0	239.03982300884957	421.33185840707966	0	261	261
2	262	2	139.49059561128527	420.3902821316614	0	262	262
2	263	3	401.9296600234467	407.72332942555687	0	263	263
2	264	1	223.27450980392157	421.18039215686275	0	264	264
2	265	0	117.56309362279512	422.3215739484396	0	265	265
2	266	0	20.661744966442953	422.1637583892618	0	266	266
2	267	1	411.5483359746434	425.73851030110933	0	267	267
2	268	1	170.5065934065934	425.37692307692305	0	268	268
2	269	0	499.96190476190475	431.08	0	269	269
2	270	0	91.50805008944543	431.67084078711986	0	270	270
2	271	3	377.53229166666665	432.92083333333335	0	271	271
2	272	1	431.4740034662045	435.7894280762565	0	272	272
2	273	0	468.08378088077336	429.6079484425349	0	273	273
2	274	1	212.81323283082077	438.5	0	274	274
2	275	2	262.56141797197034	436.59934047815335	0	275	275
2	276	1	26.501927525057827	445.1565150346955	0	276	276
2	277	1	454.76273148148147	452.5162037037037	0	277	277
2	278	1	157.76746323529412	457.21691176470586	0	278	278
2	279	3	330.99712849964106	447.1191672648959	0	279	279
2	280	0	355.5785714285714	436.3092857142857	0	280	280
2	281	1	410.4227769110764	453.4804992199688	0	281	281
2	282	0	86.8933601609658	453.17303822937623	0	282	282
2	283	0	122.61234567901235	453.3098765432099	0	283	283
2	284	1	188.61567445365486	457.57498116051244	0	284	284
2	285	0	240.1771653543307	454.12467191601047	0	285	285
2	286	2	66.60786650774732	456.10488676996425	0	286	286
2	287	0	397.74918566775244	462.571661237785	0	287	287
2	288	0	100.79452054794521	466.6052303860523	0	288	288
2	289	0	501.44239631336404	463.53225806451616	0	289	289
2	290	0	483.008991008991	465.8541458541458	0	290	290
2	291	0	379.65833333333336	468.64375	0	291	291
2	292	0	54.247148288973385	471.1596958174905	0	292	292
2	293	0	24.877584780810587	473.04383788254756	0	293	293
2	294	0	348.5074455899198	480.60137457044675	0	294	294
2	295	1	234.80858468677494	477.51624129930394	0	295	295
2	296	1	299.86344086021506	473.6483870967742	0	296	296
2	297	1	263.5907859078591	482.16531165311653	0	297	297
2	298	0	102.70454545454545	489.1875	0	298	298
2	299	0	6.648221343873518	494.60474308300394	0	299	299
2	300	1	128.43771626297578	483.8252595155709	0	300	300
2	301	1	468.7593423019432	488.11061285500745	0	301	301
2	302	0	372.69705469845724	493.01823281907434	0	302	302
2	303	0	400.30040053404537	490.3564753004005	0	303	303
2	304	0	445.73716012084594	485.3393756294058	0	304	304
2	305	0	151.79178338001867	491.8188608776844	0	305	305
2	306	0	57.97560975609756	491.729674796748	0	306	306
2	307	0	208.24823695345557	494.41043723554304	0	307	307
2	308	1	66.48275862068965	498.1896551724138	0	308	308
2	309	0	33.02781641168289	500.6968011126565	0	309	309
2	310	0	443.6405693950178	504.37366548042706	0	310	310
2	311	0	122.77014218009478	505.3649289099526	0	311	311
2	312	0	82.86887835703001	502.1879936808847	0	312	312
2	313	0	289.5669599217986	501.7438905180841	0	313	313
2	314	0	422.88402625820567	501.8424507658643	0	314	314
3	1	1	133.83041958041957	6.683566433566433	0	1	1
3	2	13	174.38802533103052	18.06160046056419	0	2	2
3	3	1	226.12748538011695	8.677192982456141	0	3	3
3	4	3	272.57475083056477	7.134551495016611	0	4	4
3	5	0	489.9704724409449	8.005905511811024	0	5	5
3	6	5	97.5302734375	13.8583984375	0	6	6
3	7	11	309.5346820809249	20.898843930635838	0	7	7
3	8	0	500.50174216027875	22.921602787456447	0	8	8
3	9	4	348.792656587473	24.59611231101512	0	9	9
3	10	8	133.43197278911563	25.958049886621314	0	10	10
3	11	0	445.42013129102844	26.700218818380744	0	11	11
3	12	9	74.86827794561934	32.75770392749245	0	12	12
3	13	3	422.08454810495624	25.85131195335277	0	13	13
3	14	0	474.26573426573424	28.562937062937063	0	14	14
3	15	8	260.3712604217754	34.398234428641494	0	15	15
3	16	2	400.437908496732	31.459694989106755	0	16	16
3	17	0	504.621546961326	45.870165745856355	0	17	17
3	18	7	218.75579598145285	42.82225656877898	0	18	18
3	19	2	470.8181818181818	49.95307917888563	0	19	19
3	20	8	127.27950310559007	51.989836250705814	0	20	20
3	21	2	379.3936718175129	54.1074319352465	0	21	21
3	22	38	432.453560371517	53.424148606811144	0	22	22
3	23	6	189.71470588235294	56.29705882352941	0	23	23
3	24	8	252.21930646672914	67.17619493908154	0	24	24
3	25	2	416.1695526695527	73.08513708513709	0	25	25
3	26	5	335.23310170562223	59.80227416298168	0	26	26
3	27	4	457.1282316442606	72.33609100310238	0	27	27
3	28	0	492.1066666666667	66.78814814814815	0	28	28
3	29	6	291.46655518394647	66.20568561872909	0	29	29
3	30	9	82.17029257314329	70.99024756189047	0	30	30
3	31	5	166.84170616113744	71.58293838862559	0	31	31
3	32	0	506.77777777777777	80.54761904761905	0	32	32
3	33	4	30.17391304347826	78.77323103154305	0	33	33
3	34	3	324.81190476190477	83.88571428571429	0	34	34
3	35	1	360.48047722342733	84.3817787418655	0	35	35
3	36	4	221.6838427947598	81.59213973799126	0	36	36
3	37	1	484.901384083045	94.08564013840831	0	37	37
3	38	8	271.89473684210526	93.5228832951945	0	38	38
3	39	6	122.553480475382	92.29881154499151	0	39	39
3	40	5	309.61561119293077	91.20913107511046	0	40	40
3	41	8	97.05949656750572	99.44622425629291	0	41	41
3	42	7	60.07650602409639	101.7933734939759	0	42	42
3	43	3	341.9035460992908	103.69645390070922	0	43	43
3	44	3	423.66126126126125	102.81801801801802	0	44	44
3	45	0	451.7937062937063	103.64918414918415	0	45	45
3	46	11	198.74568195354377	113.0232281119714	0	46	46
3	47	4	239.7890855457227	110.09070796460178	0	47	47
3	48	10	394.01307189542484	108.11111111111111	0	48	48
3	49	10	304.03821656050957	113.87388535031847	0	49	49
3	50	8	17.440209267563528	112.38863976083707	0	50	50
3	51	18	161.14577259475217	111.23406913785922	0	51	51
3	52	2	433.1556503198294	121.31130063965885	0	52	52
3	53	11	277.0822102425876	119.02695417789758	0	53	53
3	54	1	500.6256983240223	123.7731843575419	0	54	54
3	55	7	362.4051565377532	125.35267034990792	0	55	55
3	56	7	330.08788159111936	132.27474560592046	0	56	56
3	57	1	463.9703832752613	125.1637630662021	0	57	57
3	58	0	481.54942233632863	137.59435173299102	0	58	58
3	59	1	124.44409282700423	129.13924050632912	0	59	59
3	60	6	49.883156297420335	132.96358118361152	0	60	60
3	61	6	100.87145557655954	139.83742911153118	0	61	61
3	62	7	142.81228956228955	152.0185185185185	0	62	62
3	63	22	289.83913502109704	147.61445147679325	0	63	63
3	64	7	438.90609278926775	146.0217998882057	0	64	64
3	65	7	75.35037098103875	152.2580379225062	0	65	65
3	66	11	238.36302681992336	140.617816091954	0	66	66
3	67	5	219.88089330024815	155.87593052109182	0	67	67
3	68	8	384.25369649805447	150.97898832684825	0	68	68
3	69	11	342.1874258600237	166.86773428232502	0	69	69
3	70	2	387.43523316062175	171.4594127806563	0	70	70
3	71	8	429.2904967602592	169.5291576673866	0	71	71
3	72	1	504.5402298850575	158.10919540229884	0	72	72
3	73	4	254.2771822358346	164.1761102603369	0	73	73
3	74	1	494.92148760330576	174.85330578512398	0	74	74
3	75	8	29.832583708145926	169.9430284857571	0	75	75
3	76	8	276.29490291262135	175.4490291262136	0	76	76
3	77	10	466.6419413919414	190.8731684981685	0	77	77
3	78	13	211.15891238670696	183.8380664652568	0	78	78
3	79	16	85.368492224476	184.0054090601758	0	79	79
3	80	16	136.64449676280165	185.02295467922306	0	80	80
3	81	4	394.40607210626183	187.3472485768501	0	81	81
3	82	3	246.06343906510853	189.13188647746244	0	82	82
3	83	6	414.9747817652764	195.69738118331716	0	83	83
3	84	7	373.01767151767154	198.62474012474013	0	84	84
3	85	13	320.0174188440222	196.88044338875693	0	85	85
3	86	6	37.65075376884422	201.8819095477387	0	86	86
3	87	12	180.82923299565846	200.37698986975397	0	87	87
3	88	10	236.0334486735871	213.58823529411765	0	88	88
3	89	21	275.1925434116445	211.0658835546476	0	89	89
3	90	12	80.99044819985305	213.02718589272592	0	90	90
3	91	9	345.6988636363636	211.15795454545454	0	91	91
3	92	4	409.92	217.255	0	92	92
3	93	5	7.92042755344418	212.06413301662707	0	93	93
3	94	2	144.06493506493507	209.66975881261595	0	94	94
3	95	1	161.0204678362573	219.30701754385964	0	95	95
3	96	18	441.5345143555284	223.564447159438	0	96	96
3	97	6	310.77496991576413	223.54753309265945	0	97	97
3	98	6	373.25033829499324	224.9512855209743	0	98	98
3	99	8	494.71283997469953	225.97280202403542	0	99	99
3	100	12	131.15551974214344	228.8928283642224	0	100	100
3	101	17	181.30480167014613	237.28601252609604	0	101	101
3	102	14	36.13765182186235	233.4906882591093	0	102	102
3	103	6	67.37278657968314	239.25163094128612	0	103	103
3	104	12	302.1914191419142	243.5071507150715	0	104	104
3	105	6	352.56543837357054	240.61499364675984	0	105	105
3	106	5	407.09090909090907	244.10573122529644	0	106	106
3	107	4	443.63896276595744	257.938164893617	0	107	107
3	108	33	225.56025449101796	255.45396706586826	0	108	108
3	109	5	366.83069977426635	257.3747178329571	0	109	109
3	110	4	391.17025862068965	260.3405172413793	0	110	110
3	111	5	8.44047619047619	256.10565476190476	0	111	111
3	112	9	138.48019017432645	259.92947702060223	0	112	112
3	113	12	330.28713968957874	259.61640798226165	0	113	113
3	114	8	34.2382762991128	263.7997465145754	0	114	114
3	115	1	117.61824953445065	266.13780260707637	0	115	115
3	116	6	58.48896247240618	276.0011037527594	0	116	116
3	117	1	493.3533638145003	268.36969301110383	0	117	117
3	118	13	82.17810026385224	268.7704485488127	0	118	118
3	119	12	276.5108564535585	273.7834740651387	0	119	119
3	120	22	348.5994277539342	277.55507868383404	0	120	120
3	121	4	107.71111111111111	278.1281045751634	0	121	121
3	122	9	311.7684943429069	278.1697127937337	0	122	122
3	123	10	369.94059405940595	283.7722772277228	0	123	123
3	124	4	26.626326963906582	282.20594479830146	0	124	124
3	125	4	467.3773279352227	286.8906882591093	0	125	125
3	126	7	212.82639714625446	293.09155766944116	0	126	126
3	127	4	409.90625	292.4123641304348	0	127	127
3	128	1	36.98489425981873	297.87311178247734	0	128	128
3	129	9	96.75294117647059	297.8748663101604	0	129	129
3	130	3	19.72590361445783	301.26807228915663	0	130	130
3	131	11	247.39796659404502	298.1096586782861	0	131	131
3	132	6	8.884466019417475	308.8009708737864	0	132	132
3	133	1	480.0299727520436	307.008174386921	0	133	133
3	134	5	381.48624862486247	307.8283828382838	0	134	134
3	135	4	84.08443908323281	313.63932448733414	0	135	135
3	136	10	351.4594257178527	309.53807740324595	0	136	136
3	137	7	435.50174216027875	311.3353658536585	0	137	137
3	138	8	311.21883173496076	310.73583260680033	0	138	138
3	139	8	287.2693661971831	313.45598591549293	0	139	139
3	140	3	486.4992343032159	323.23889739663093	0	140	140
3	141	15	46.65732659623335	326.11667432246213	0	141	141
3	142	14	260.38733705772813	327.7374301675978	0	142	142
3	143	18	217.73832923832924	326.5884520884521	0	143	143
3	144	3	342.4239543726236	326.5152091254753	0	144	144
3	145	2	298.8933717579251	337.04322766570607	0	145	145
3	146	11	148.59684893419833	323.02780352177945	0	146	146
3	147	4	83.85260115606937	332.35260115606934	0	147	147
3	148	0	449.97821782178215	329.8514851485148	0	148	148
3	149	3	123.30127659574468	332.0791489361702	0	149	149
3	150	8	282.5813186813187	346.4428571428571	0	150	150
3	151	4	359.30035335689047	344.54416961130744	0	151	151
3	152	3	378.16117216117215	341.1916971916972	0	152	152
3	153	3	405.31931931931933	339.5605605605606	0	153	153
3	154	1	106.5857740585774	343.80962343096235	0	154	154
3	155	3	429.38675213675214	342.38461538461536	0	155	155
3	156	1	490.9397417503587	346.6284074605452	0	156	156
3	157	10	329.64481268011525	349.0677233429395	0	157	157
3	158	15	161.09097859327218	351.22553516819573	0	158	158
3	159	12	91.23869171885873	358.5775922059847	0	159	159
3	160	5	461.80343347639484	350.6145922746781	0	160	160
3	161	9	233.4157894736842	361.1982456140351	0	161	161
3	162	1	436.15838926174496	367.2187919463087	0	162	162
3	163	3	503.12262521588946	363.66148531951643	0	163	163
3	164	6	390.0055632823366	365.01112656467313	0	164	164
3	165	8	258.72800808897875	370.01112234580387	0	165	165
3	166	3	44.366997294860234	367.5094679891794	0	166	166
3	167	8	310.560770156438	369.58483754512633	0	167	167
3	168	2	417.5088282504013	376.56661316211876	0	168	168
3	169	5	474.7865296803653	377.86415525114154	0	169	169
3	170	3	89.13343328335831	383.7031484257871	0	170	170
3	171	8	68.44244604316546	382.64028776978415	0	171	171
3	172	1	189.90070921985816	376.4343971631206	0	172	172
3	173	10	161.99454828660436	382.34890965732086	0	173	173
3	174	5	281.2274725274725	383.4758241758242	0	174	174
3	175	4	381.2427272727273	385.84	0	175	175
3	176	2	13.00900900900901	386.1045045045045	0	176	176
3	177	29	212.08650793650793	387.8142857142857	0	177	177
3	178	0	500.8792517006803	392.8792517006803	0	178	178
3	179	3	295.09297052154193	398.26984126984127	0	179	179
3	180	3	318.23168654173764	392.03066439522996	0	180	180
3	181	4	349.49701492537315	393.77537313432833	0	181	181
3	182	2	418.963696369637	395.3877887788779	0	182	182
3	183	2	448.4339622641509	399.79716981132077	0	183	183
3	184	6	42.821739130434786	404.49347826086955	0	184	184
3	185	5	254.61243386243387	400.9973544973545	0	185	185
3	186	4	136.2939217318901	401.37052456286426	0	186	186
3	187	0	478.53203661327234	405.9016018306636	0	187	187
3	188	3	114.80911062906725	405.85574837310196	0	188	188
3	189	0	372.8891013384321	412.34034416826006	0	189	189
3	190	1	413.66568483063327	411.5684830633284	0	190	190
3	191	7	85.65095986038395	417.0785340314136	0	191	191
3	192	4	328.35497835497836	418.04329004329	0	192	192
3	193	5	177.8187066974596	415.47921478060044	0	193	193
3	194	31	205.9424836601307	417.6823529411765	0	194	194
3	195	3	301.02242744063324	422.74802110817944	0	195	195
3	196	3	154.0492264416315	423.34317862165966	0	196	196
3	197	0	472.60042735042737	424.37606837606836	0	197	197
3	198	0	420.52263374485597	426.65432098765433	0	198	198
3	199	0	10.673410404624278	423.1878612716763	0	199	199
3	200	1	107.73794549266248	432.15932914046124	0	200	200
3	201	3	218.34170854271358	433.30150753768845	0	201	201
3	202	10	237.8196958725561	424.3837798696597	0	202	202
3	203	2	504.53267326732674	427.42970297029706	0	203	203
3	204	0	388.8897959183673	432.0938775510204	0	204	204
3	205	2	490.20425531914896	435.87659574468086	0	205	205
3	206	5	271.18923198733177	431.7743467933492	0	206	206
3	207	1	454.06451612903226	434.80779569892474	0	207	207
3	208	0	404.6672268907563	445.62016806722687	0	208	208
3	209	4	210.6996699669967	443.82508250825083	0	209	209
3	210	2	27.987270155586987	444.43352192362096	0	210	210
3	211	6	167.23282442748092	448.5664122137405	0	211	211
3	212	6	306.1116427432217	448.96810207336523	0	212	212
3	213	1	477.56091954022986	451.2850574712644	0	213	213
3	214	7	349.785431959345	444.30942970073403	0	214	214
3	215	4	120.91986531986532	451.76228956228954	0	215	215
3	216	1	435.23640960809104	450.76106194690266	0	216	216
3	217	2	413.56712672521957	465.41781681304894	0	217	217
3	218	4	63.399657924743444	447.57981755986316	0	218	218
3	219	6	185.34392523364485	462.4280373831776	0	219	219
3	220	15	248.12962962962962	458.41402116402116	0	220	220
3	221	1	370.9944382647386	461.7630700778643	0	221	221
3	222	4	494.0638586956522	463.4741847826087	0	222	222
3	223	1	214.54726368159203	464.78731343283584	0	223	223
3	224	0	456.1985203452528	468.3415536374846	0	224	224
3	225	0	31.05436013590034	474.76670441676106	0	225	225
3	226	8	287.52734082397006	473.6988764044944	0	226	226
3	227	1	507.489539748954	475.64853556485355	0	227	227
3	228	0	252.28695652173914	476.6	0	228	228
3	229	2	92.55932203389831	470.7401129943503	0	229	229
3	230	0	434.5487465181059	480.2701949860724	0	230	230
3	231	0	70.96676300578035	477.8699421965318	0	231	231
3	232	0	133.82758620689654	480.4183908045977	0	232	232
3	233	3	230.05080545229245	484.4262701363073	0	233	233
3	234	0	105.6617050067659	487.08119079837616	0	234	234
3	235	0	6.988636363636363	485.51461038961037	0	235	235
3	236	1	348.80376538740046	487.6285300506879	0	236	236
3	237	0	302.544	493.43466666666666	0	237	237
3	238	3	377.06033182503774	490.16440422322773	0	238	238
3	239	2	488.7814465408805	492.4937106918239	0	239	239
3	240	1	79.76648351648352	498.67857142857144	0	240	240
3	241	0	464.5126050420168	496.52941176470586	0	241	241
3	242	1	265.80528846153845	498.7151442307692	0	242	242
3	243	0	396.2839912280702	495.0230263157895	0	243	243
3	244	5	193.42598870056497	492.61129943502823	0	244	244
3	245	0	426.09918699186994	495.9560975609756	0	245	245
3	246	0	152.56960556844547	497.5371229698376	0	246	246
3	247	0	449.4259681093394	501.26651480637815	0	247	247
3	248	0	23.71517027863777	501.08049535603715	0	248	248
3	249	0	325.34424083769636	501.10602094240835	0	249	249
3	250	1	50.33848797250859	499.8780068728522	0	250	250
3	251	0	116.80170575692964	505.0618336886994	0	251	251
3	252	0	175.46470588235294	503.2264705882353	0	252	252
3	253	0	215.34426229508196	503.7049180327869	0	253	253
3	254	7	239.01902173913044	503.75815217391306	0	254	254
4	1	1	125.92579505300354	11.583038869257951	0	1	1
4	2	0	151.4407114624506	13.553359683794467	0	2	2
4	3	0	224.15023474178403	11.14319248826291	0	3	3
4	4	2	332.7148499210111	11.791469194312796	0	4	4
4	5	1	82.50175438596492	13.159649122807018	0	5	5
4	6	0	13.270032930845225	22.085620197585072	0	6	6
4	7	2	58.134798534798534	28.631501831501833	0	7	7
4	8	1	474.4370460048426	28.51271186440678	0	8	8
4	9	1	31.871299871299872	40.270270270270274	0	9	9
4	10	5	197.76522842639594	34.93527918781726	0	10	10
4	11	2	286.87549933422105	35.5745672436751	0	11	11
4	12	3	500.69502948609943	43.890480202190396	0	12	12
4	13	1	398.2717536813922	36.33244087460955	0	13	13
4	14	8	116.79669811320754	48.30754716981132	0	14	14
4	15	4	166.19220208676552	48.94179022515102	0	15	15
4	16	2	225.96596669080375	53.600289645184645	0	16	16
4	17	1	251.3290780141844	46.05957446808511	0	17	17
4	18	0	25.13128038897893	61.296596434359806	0	18	18
4	19	0	269.9225663716814	57.84513274336283	0	19	19
4	20	1	403.25	68.49884792626727	0	20	20
4	21	2	6.362637362637362	60.67912087912088	0	21	21
4	22	4	430.8887399463807	71.53127792672029	0	22	22
4	23	3	300.0103686635945	64.3721198156682	0	23	23
4	24	7	51.54304635761589	76.12969094922737	0	24	24
4	25	3	84.40058910162003	75.740058910162	0	25	25
4	26	3	154.88501742160278	78.06155632984901	0	26	26
4	27	5	258.18118811881186	79.43861386138614	0	27	27
4	28	3	317.43330821401656	85.97965335342879	0	28	28
4	29	4	127.81485714285714	84.92	0	29	29
4	30	6	285.39551357733177	93.80637544273908	0	30	30
4	31	7	200.09662122110254	90.53408417308832	0	31	31
4	32	4	496.962829736211	100.60971223021583	0	32	32
4	33	2	164.7922636103152	101.69627507163324	0	33	33
4	34	3	234.22351694915255	96.02224576271186	0	34	34
4	35	4	260.67170626349895	114.99784017278618	0	35	35
4	36	7	31.644035532994923	109.46763959390863	0	36	36
4	37	8	338.75735294117646	106.51336898395722	0	37	37
4	38	9	96.2225827384815	109.6606099935107	0	38	38
4	39	6	130.94940476190476	109.67857142857143	0	39	39
4	40	14	182.84925093632958	121.10393258426966	0	40	40
4	41	0	146.9009900990099	124.10495049504951	0	41	41
4	42	2	7.932021466905188	124.47406082289804	0	42	42
4	43	1	120.55739795918367	135.3329081632653	0	43	43
4	44	5	233.0512367491166	128.49381625441697	0	44	44
4	45	8	302.3836793128132	131.16750178954902	0	45	45
4	46	8	345.0789915966387	133.11764705882354	0	46	46
4	47	2	470.4300283286119	132.44645892351275	0	47	47
4	48	8	202.2036156041865	144.64795432921028	0	48	48
4	49	5	275.9067722075638	144.82058047493405	0	49	49
4	50	7	35.83381294964029	148.20431654676258	0	50	50
4	51	1	167.1759776536313	146.4259776536313	0	51	51
4	52	4	142.90697674418604	153.36655592469546	0	52	52
4	53	4	93.26936257710761	150.70185058259082	0	53	53
4	54	1	9.428571428571429	158.4	0	54	54
4	55	7	346.70949263502456	158.4443535188216	0	55	55
4	56	5	234.96900695762176	162.3023402909551	0	56	56
4	57	7	396.70925110132157	161.1424375917768	0	57	57
4	58	8	181.6444212721585	171.10427528675703	0	58	58
4	59	6	65.02488425925925	169.74189814814815	0	59	59
4	60	8	370.6424021838035	170.4786169244768	0	60	60
4	61	3	439.3713286713287	163.6020979020979	0	61	61
4	62	3	487.92628205128204	165.37884615384615	0	62	62
4	63	3	307.64976525821595	171.31737089201877	0	63	63
4	64	8	270.5428134556575	180.2691131498471	0	64	64
4	65	3	439.1752136752137	190.38888888888889	0	65	65
4	66	8	158.17206132879045	188.95826235093696	0	66	66
4	67	2	287.6317512274959	198.83469721767594	0	67	67
4	68	6	413.65084985835693	196.61756373937678	0	68	68
4	69	2	466.36459330143543	196.52153110047846	0	69	69
4	70	14	208.04597701149424	196.316091954023	0	70	70
4	71	1	499.16104868913857	195.79900124843945	0	71	71
4	72	7	130.48325358851676	197.26384142173615	0	72	72
4	73	8	25.416666666666668	195.64988009592327	0	73	73
4	74	7	358.89859154929576	200.2112676056338	0	74	74
4	75	8	311.35139712108383	211.43607112616428	0	75	75
4	76	5	90.22325581395349	204.32015503875968	0	76	76
4	77	4	336.7250996015936	213.86454183266932	0	77	77
4	78	0	7.365107913669065	217.00359712230215	0	78	78
4	79	1	492.3158388003749	223.27085285848173	0	79	79
4	80	10	249.55283414975509	216.34709587123862	0	80	80
4	81	7	52.0697827518104	216.4213298222515	0	81	81
4	82	9	224.98579040852576	225.24333925399645	0	82	82
4	83	12	136.16413793103447	231.43172413793104	0	83	83
4	84	15	179.44396551724137	231.5899014778325	0	84	84
4	85	14	422.1048999309869	229.48792270531402	0	85	85
4	86	6	284.53501400560225	232.8515406162465	0	86	86
4	87	9	90.00761772853186	237.2562326869806	0	87	87
4	88	27	220.83049040511727	252.39605543710022	0	88	88
4	89	1	482.95213675213677	249.54017094017095	0	89	89
4	90	9	320.76236749116606	250.78886925795052	0	90	90
4	91	7	46.643070362473345	258.52068230277183	0	91	91
4	92	11	391.5432645034415	255.63962635201574	0	92	92
4	93	4	9.621911922663802	255.69495166487647	0	93	93
4	94	13	266.4181264280274	261.8720487433359	0	94	94
4	95	55	431.8241042345277	257.5602605863192	0	95	95
4	96	1	450.3172588832487	260.24111675126903	0	96	96
4	97	5	91.74256584536958	272.47748513169074	0	97	97
4	98	10	119.78405315614619	265.97120708748616	0	98	98
4	99	18	350.4935064935065	261.37012987012986	0	99	99
4	100	1	469.3577106518283	269.46263910969793	0	100	100
4	101	15	149.55228365384616	269.5829326923077	0	101	101
4	102	8	288.14091218515995	283.22668481960517	0	102	102
4	103	3	468.9782608695652	290.8731884057971	0	103	103
4	104	10	435.28061581525543	293.80265920223934	0	104	104
4	105	7	327.09075487701443	292.8295165394402	0	105	105
4	106	3	217.32467532467533	292.10007639419405	0	106	106
4	107	6	184.16791744840526	279.92120075046904	0	107	107
4	108	3	16.242562929061783	291.18535469107553	0	108	108
4	109	9	390.55882352941177	296.4693094629156	0	109	109
4	110	4	149.01693320790216	304.8316086547507	0	110	110
4	111	7	179.6760961810467	308.5233380480905	0	111	111
4	112	5	112.0	302.63920208152643	0	112	112
4	113	1	46.288054607508535	301.5255972696246	0	113	113
4	114	4	260.4610655737705	306.2981557377049	0	114	114
4	115	1	8.702746365105009	318.7722132471729	0	115	115
4	116	15	352.64758620689656	313.4648275862069	0	116	116
4	117	3	293.92727272727274	315.6333333333333	0	117	117
4	118	0	272.1977401129943	321.638418079096	0	118	118
4	119	8	201.00262697022768	323.01926444833623	0	119	119
4	120	2	76.009375	323.28359375	0	120	120
4	121	3	108.47839506172839	329.8641975308642	0	121	121
4	122	3	153.29003267973857	333.5580065359477	0	122	122
4	123	6	36.22350674373796	333.242774566474	0	123	123
4	124	10	274.4225181598063	334.4685230024213	0	124	124
4	125	4	391.3308214016579	332.4800301431801	0	125	125
4	126	6	469.94971428571426	332.044	0	126	126
4	127	3	201.01382488479263	351.56605222734254	0	127	127
4	128	8	233.87842846553002	351.12305411415866	0	128	128
4	129	2	256.742816091954	354.9568965517241	0	129	129
4	130	5	357.027139874739	344.90501043841334	0	130	130
4	131	4	50.87096774193548	351.08555399719495	0	131	131
4	132	9	306.0389129092032	354.9431747992588	0	132	132
4	133	2	93.38167938931298	358.9381679389313	0	133	133
4	134	5	428.54750244857985	345.5572967678746	0	134	134
4	135	1	132.6085657370518	360.24701195219126	0	135	135
4	136	5	409.26186830015314	354.1730474732006	0	136	136
4	137	8	271.9991015274034	370.9407008086253	0	137	137
4	138	0	7.043927648578811	359.20542635658916	0	138	138
4	139	4	161.58445945945945	361.0912162162162	0	139	139
4	140	2	444.2005899705015	366.8387413962635	0	140	140
4	141	2	484.48837209302326	366.77906976744185	0	141	141
4	142	2	341.4141843971631	360.9602836879433	0	142	142
4	143	3	23.403476669716376	375.224153705398	0	143	143
4	144	4	56.989805375347544	374.57367933271547	0	144	144
4	145	4	370.01672240802674	375.7090301003345	0	145	145
4	146	6	399.345498783455	382.3582725060827	0	146	146
4	147	5	334.69649515287097	384.7636092468307	0	147	147
4	148	0	157.70967741935485	384.97081413210446	0	148	148
4	149	0	214.37056737588654	380.63829787234044	0	149	149
4	150	2	106.32058287795992	388.49119611414693	0	150	150
4	151	5	185.15	388.0622807017544	0	151	151
4	152	3	457.13721413721413	398.48995148995147	0	152	152
4	153	2	309.0700636942675	402.6687898089172	0	153	153
4	154	7	213.01330798479088	410.69835234474016	0	154	154
4	155	5	250.94652735095266	410.19114935464046	0	155	155
4	156	0	46.083621285418104	406.0138217000691	0	156	156
4	157	2	276.00206398348814	412.46026831785343	0	157	157
4	158	7	421.2464018422568	421.5210132412205	0	158	158
4	159	1	164.75281473899693	424.0168884339816	0	159	159
4	160	4	387.45425048669694	425.66320571057753	0	160	160
4	161	0	484.9249649368864	423.5273492286115	0	161	161
4	162	0	121.51118568232663	429.7248322147651	0	162	162
4	163	4	292.0535601764335	438.8071833648393	0	163	163
4	164	0	68.93562231759657	437.32403433476395	0	164	164
4	165	2	35.818	443.7146666666667	0	165	165
4	166	0	11.809078771695594	437.890520694259	0	166	166
4	167	0	464.37281700835234	445.626423690205	0	167	167
4	168	6	344.75094150138085	455.75922671353254	0	168	168
4	169	1	433.6264626462646	466.26732673267327	0	169	169
4	170	0	10.548022598870057	468.4237288135593	0	170	170
4	171	0	125.99460188933872	487.72514619883043	0	171	171
4	172	0	75.25932300631096	490.44176706827307	0	172	172
4	173	1	385.93780193236717	497.22342995169083	0	173	173
4	174	0	106.15929203539822	507.4026548672566	0	174	174
5	1	1	8.277611940298508	8.182089552238805	0	1	1
5	2	10	143.11938486442736	18.11736139214893	0	2	2
5	3	3	255.83395291201984	9.744733581164809	0	3	3
5	4	1	435.6706827309237	7.817938420348059	0	4	4
5	5	1	25.714285714285715	19.21186440677966	0	5	5
5	6	3	384.84739884393065	15.631791907514451	0	6	6
5	7	0	54.92941176470588	18.146218487394957	0	7	7
5	8	7	220.5732586068855	14.628502802241794	0	8	8
5	9	1	316.2575039494471	14.631121642969985	0	9	9
5	10	1	473.6754130223518	13.338192419825074	0	10	10
5	11	3	186.2937293729373	16.927392739273927	0	11	11
5	12	5	213.8558091286307	36.143153526970956	0	12	12
5	13	13	269.4508894044857	32.87625676720804	0	13	13
5	14	0	497.5979381443299	32.375	0	14	14
5	15	3	432.6975505857295	39.8035143769968	0	15	15
5	16	9	305.69953051643193	46.70690811535882	0	16	16
5	17	13	352.07489514679446	40.579388855602154	0	17	17
5	18	1	9.95067264573991	49.88789237668161	0	18	18
5	19	1	471.86138613861385	50.68250825082508	0	19	19
5	20	9	165.78552971576227	49.81395348837209	0	20	20
5	21	0	504.4188034188034	59.17094017094017	0	21	21
5	22	32	216.6790254237288	63.88453389830509	0	22	22
5	23	21	268.0576694411415	66.29250891795482	0	23	23
5	24	4	332.58864426419467	67.42294322132098	0	24	24
5	25	7	344.59215328467155	84.32299270072993	0	25	25
5	26	11	165.20630914826498	81.39684542586751	0	26	26
5	27	10	437.4193786982249	84.5673076923077	0	27	27
5	28	10	408.2173100871731	90.15691158156912	0	28	28
5	29	12	375.41825534373197	92.66435586366262	0	29	29
5	30	23	259.74628450106155	98.90552016985139	0	30	30
5	31	23	211.2635423006695	99.55569080949482	0	31	31
5	32	3	472.13589743589745	90.12243589743589	0	32	32
5	33	14	136.71256038647343	102.20772946859903	0	33	33
5	34	21	108.45718232044199	100.33885819521178	0	34	34
5	35	7	327.9384236453202	112.74014778325123	0	35	35
5	36	9	156.9445652173913	114.67934782608695	0	36	36
5	37	3	436.03483309143684	118.7532656023222	0	37	37
5	38	2	492.43809523809523	121.50420168067227	0	38	38
5	39	6	246.28849721706865	129.07513914656772	0	39	39
5	40	1	457.48802395209583	126.11976047904191	0	40	40
5	41	7	128.8783783783784	135.96525096525096	0	41	41
5	42	11	275.64772727272725	134.84469696969697	0	42	42
5	43	6	95.93194925028835	135.95847750865053	0	43	43
5	44	16	302.2370753323486	142.55539143279174	0	44	44
5	45	42	181.42808912896692	141.87035786630656	0	45	45
5	46	11	364.52672672672674	141.4834834834835	0	46	46
5	47	8	441.8992606284658	148.03327171903882	0	47	47
5	48	8	333.8695219123506	153.86653386454182	0	48	48
5	49	14	402.2397357243983	162.8933459178858	0	49	49
5	50	2	497.1163692785105	166.7432117920869	0	50	50
5	51	25	144.04037610619469	167.42477876106196	0	51	51
5	52	21	62.087337776218874	166.13749561557347	0	52	52
5	53	8	465.6629107981221	167.65539906103285	0	53	53
5	54	6	13.218250235183444	175.04139228598308	0	54	54
5	55	22	325.1128259712613	180.54284193720065	0	55	55
5	56	8	118.87390029325513	187.04692082111438	0	56	56
5	57	13	439.0818350898946	192.85740855548667	0	57	57
5	58	6	478.72387096774196	194.84516129032258	0	58	58
5	59	30	88.55964248882778	208.41423169474047	0	59	59
5	60	18	382.9451127819549	202.34962406015038	0	60	60
5	61	34	340.4733637747336	213.6088280060883	0	61	61
5	62	4	502.8659043659044	217.6195426195426	0	62	62
5	63	15	410.13217391304346	213.15565217391304	0	63	63
5	64	9	475.1990585070612	227.19771351714863	0	64	64
5	65	37	19.866760168302946	227.17438055165965	0	65	65
5	66	8	444.3688630490956	238.6156330749354	0	66	66
5	67	5	158.57647058823528	234.33823529411765	0	67	67
5	68	36	383.3477011494253	238.3132183908046	0	68	68
5	69	21	126.7720848056537	241.25382803297998	0	69	69
5	70	4	173.7082191780822	246.9958904109589	0	70	70
5	71	8	408.73933649289097	254.77535545023696	0	71	71
5	72	28	364.5783333333333	257.4891666666667	0	72	72
5	73	27	198.9054520358868	258.34506556245685	0	73	73
5	74	28	333.6725721784777	260.6496062992126	0	74	74
5	75	12	281.0599739243807	258.3780964797914	0	75	75
5	76	14	260.8086347724621	250.70128354725787	0	76	76
5	77	16	234.0120329322356	263.00823305889804	0	77	77
5	78	31	304.9832020997375	266.53963254593174	0	78	78
5	79	7	155.72716894977168	272.62899543378995	0	79	79
5	80	14	121.82174688057042	276.8119429590018	0	80	80
5	81	10	430.6051236749117	272.50971731448766	0	81	81
5	82	24	81.06946604458268	280.15396578538105	0	82	82
5	83	25	269.3246041412911	292.89159561510354	0	83	83
5	84	2	469.32738626226586	276.50044603033007	0	84	84
5	85	12	11.035633055344958	293.3229719484458	0	85	85
5	86	14	384.6068281938326	292.8579295154185	0	86	86
5	87	3	433.1078066914498	295.52912019826516	0	87	87
5	88	6	489.1823529411765	295.281512605042	0	88	88
5	89	9	95.09479553903346	308.37546468401484	0	89	89
5	90	9	146.82657926102502	310.2264600715137	0	90	90
5	91	2	507.6565217391304	308.9173913043478	0	91	91
5	92	14	422.9674721189591	318.19330855018586	0	92	92
5	93	16	463.2987012987013	319.85633116883116	0	93	93
5	94	14	178.73160402329276	319.3710958178931	0	94	94
5	95	39	493.4678510998308	334.50423011844333	0	95	95
5	96	28	35.32342657342657	329.24685314685314	0	96	96
5	97	16	68.44090056285178	331.9859287054409	0	97	97
5	98	14	391.1478715459298	331.176997759522	0	98	98
5	99	12	128.57070135746605	339.3580316742081	0	99	99
5	100	13	436.0	342.24833491912466	0	100	100
5	101	11	89.56845637583892	350.9308724832215	0	101	101
5	102	29	279.59503722084366	341.89478908188585	0	102	102
5	103	31	322.6961953435548	345.595684270301	0	103	103
5	104	22	358.42289719626166	350.66530373831773	0	104	104
5	105	7	389.0435684647303	361.8869294605809	0	105	105
5	106	14	449.6169154228856	362.12139303482587	0	106	106
5	107	2	158.75	364.30827067669173	0	107	107
5	108	12	499.17269736842104	362.5904605263158	0	108	108
5	109	12	176.12059369202225	372.61038961038963	0	109	109
5	110	33	207.6278926257328	380.1845109534094	0	110	110
5	111	8	120.47013188518231	375.5065942591156	0	111	111
5	112	7	431.35138705416114	376.95244385733156	0	112	112
5	113	5	483.97021764032075	377.3631156930126	0	113	113
5	114	40	278.6210919272049	382.740550629958	0	114	114
5	115	24	325.3741134751773	386.97872340425533	0	115	115
5	116	1	426.3497267759563	393.3879781420765	0	116	116
5	117	1	504.27226890756305	395.3781512605042	0	117	117
5	118	4	157.52911813643928	386.7970049916805	0	118	118
5	119	6	468.0074626865672	391.3134328358209	0	119	119
5	120	4	32.93333333333333	380.9937106918239	0	120	120
5	121	14	83.79106145251397	392.00167597765363	0	121	121
5	122	10	400.1351203501094	394.42724288840265	0	122	122
5	123	2	159.12238325281803	404.9436392914654	0	123	123
5	124	8	26.778343949044586	404.7783439490446	0	124	124
5	125	8	129.88692232055064	406.7020648967552	0	125	125
5	126	19	355.58745165449074	412.2621400945423	0	126	126
5	127	14	448.1934557979334	417.54707233065443	0	127	127
5	128	16	71.74243201641868	427.8696767573114	0	128	128
5	129	2	383.3526570048309	431.68840579710144	0	129	129
5	130	8	408.64655904842823	435.5293118096856	0	130	130
5	131	17	220.93574635241302	440.06481481481484	0	131	131
5	132	0	370.53478260869565	440.0782608695652	0	132	132
5	133	20	300.407949790795	438.4808228730823	0	133	133
5	134	2	267.5328671328671	445.0027972027972	0	134	134
5	135	2	468.0424028268551	444.0945229681979	0	135	135
5	136	3	424.2107969151671	454.60668380462727	0	136	136
5	137	0	438.53246753246754	450.7056277056277	0	137	137
5	138	5	361.04800817160367	458.77834525025537	0	138	138
5	139	3	502.5456730769231	462.41346153846155	0	139	139
5	140	2	391.3496062992126	466.67165354330706	0	140	140
5	141	5	334.2826199071686	470.5146982980918	0	141	141
5	142	5	461.7137330754352	470.45454545454544	0	142	142
5	143	2	436.1095779220779	485.3538961038961	0	143	143
5	144	12	87.91786782703291	485.1773184661409	0	144	144
5	145	3	481.55744125326373	494.70626631853787	0	145	145
5	146	4	407.8872549019608	495.78839869281046	0	146	146
5	147	11	156.82771535580525	499.06117353308366	0	147	147
5	148	6	316.2404317958783	501.50932286555445	0	148	148
6	1	0	320.35087719298247	3.863157894736842	0	1	1
6	2	0	164.23741935483872	8.68774193548387	0	2	2
6	3	1	61.510828976848394	14.219566840926063	0	3	3
6	4	1	208.8572735590119	13.621225983531565	0	4	4
6	5	1	20.52882882882883	17.895495495495496	0	5	5
6	6	0	467.3481781376518	18.810526315789474	0	6	6
6	7	0	400.0105580693816	13.238310708898943	0	7	7
6	8	0	427.8720136518771	18.87713310580205	0	8	8
6	9	0	336.5909732016925	20.562764456981665	0	9	9
6	10	0	168.57766990291262	31.37864077669903	0	10	10
6	11	0	141.88700084961766	24.341546304163128	0	11	11
6	12	0	183.8504347826087	32.86782608695652	0	12	12
6	13	0	382.3305084745763	32.11743341404358	0	13	13
6	14	1	297.620943049602	28.401714635639927	0	14	14
6	15	1	98.15766550522648	26.84494773519164	0	15	15
6	16	0	412.80350877192984	34.94210526315789	0	16	16
6	17	0	363.9556074766355	30.598130841121495	0	17	17
6	18	0	499.87452107279694	33.44731800766284	0	18	18
6	19	0	123.76717112922002	42.37718277066356	0	19	19
6	20	2	218.83383534136547	45.65512048192771	0	20	20
6	21	2	340.0387596899225	49.32751937984496	0	21	21
6	22	0	47.581204379562045	44.31295620437956	0	22	22
6	23	2	77.5022583559169	53.45347786811202	0	23	23
6	24	0	487.20883534136544	49.81124497991968	0	24	24
6	25	0	13.365178571428572	52.08482142857143	0	25	25
6	26	0	460.3451824134705	50.7511693171188	0	26	26
6	27	1	391.3068181818182	56.72727272727273	0	27	27
6	28	1	364.29815745393637	61.60134003350084	0	28	28
6	29	0	415.4183673469388	56.01360544217687	0	29	29
6	30	0	428.63829787234044	63.699290780141844	0	30	30
6	31	0	151.48871331828443	63.77539503386004	0	31	31
6	32	0	482.2140608604407	72.37985309548793	0	32	32
6	33	0	299.0937888198758	71.80496894409939	0	33	33
6	34	3	182.2062350119904	66.87689848121502	0	34	34
6	35	5	100.82608695652173	76.62360248447204	0	35	35
6	36	1	330.9366028708134	75.53827751196172	0	36	36
6	37	0	435.3942093541203	80.0400890868597	0	37	37
6	38	0	39.084897229669345	75.4816800714924	0	38	38
6	39	1	257.76584734799485	74.88357050452781	0	39	39
6	40	3	130.2964824120603	83.07839195979899	0	40	40
6	41	1	395.023166023166	83.001287001287	0	41	41
6	42	0	458.992376111817	86.54764930114358	0	42	42
6	43	1	369.3906510851419	83.8848080133556	0	43	43
6	44	3	18.82067077344285	101.0403832991102	0	44	44
6	45	11	215.94767441860466	93.16395348837209	0	45	45
6	46	7	147.4744408945687	100.20607028753993	0	46	46
6	47	3	270.08774193548385	98.14838709677419	0	47	47
6	48	0	420.82877697841724	100.16258992805756	0	48	48
6	49	27	174.42019543973942	94.0456026058632	0	49	49
6	50	2	53.23022432113341	104.84533648170012	0	50	50
6	51	0	73.42608695652174	93.27826086956522	0	51	51
6	52	0	378.0404255319149	106.34042553191489	0	52	52
6	53	0	448.13509933774833	108.52715231788079	0	53	53
6	54	0	485.5937777777778	106.24088888888889	0	54	54
6	55	0	355.0822320117474	100.96035242290749	0	55	55
6	56	2	81.26620370370371	111.97453703703704	0	56	56
6	57	2	293.05928853754943	114.18577075098814	0	57	57
6	58	0	399.83216783216784	114.32587412587412	0	58	58
6	59	3	331.73548387096776	115.21759530791789	0	59	59
6	60	4	167.89263157894737	118.83473684210526	0	60	60
6	61	0	95.45822784810126	118.54683544303798	0	61	61
6	62	12	195.3221393034826	121.25248756218906	0	62	62
6	63	7	252.02627118644068	124.10508474576271	0	63	63
6	64	1	358.81296758104736	129.74563591022445	0	64	64
6	65	0	505.5668789808917	123.70276008492569	0	65	65
6	66	1	474.75958702064895	129.70501474926255	0	66	66
6	67	2	72.14680232558139	133.41860465116278	0	67	67
6	68	0	430.2874465049929	134.54992867332382	0	68	68
6	69	7	149.87025316455697	133.3850210970464	0	69	69
6	70	3	315.2921225382932	139.61487964989058	0	70	70
6	71	8	112.30948275862069	133.2801724137931	0	71	71
6	72	2	263.6551282051282	143.95128205128205	0	72	72
6	73	8	211.05273566249176	139.27949901120633	0	73	73
6	74	1	384.50738552437224	139.64327917282128	0	74	74
6	75	6	39.4157236450268	140.82072662298987	0	75	75
6	76	1	485.70893371757927	147.75120076849183	0	76	76
6	77	4	133.60935350756534	153.2077028885832	0	77	77
6	78	4	91.53083109919571	159.33333333333334	0	78	78
6	79	7	286.7797947908445	156.2123125493291	0	79	79
6	80	4	155.05361305361305	159.55011655011654	0	80	80
6	81	1	443.97127071823206	162.71049723756906	0	81	81
6	82	6	225.13751263902932	163.14256825075833	0	82	82
6	83	6	356.611217641419	167.98657718120805	0	83	83
6	84	0	478.4280701754386	163.09824561403508	0	84	84
6	85	8	175.81895424836603	173.0921568627451	0	85	85
6	86	3	13.047177107501934	167.6829079659706	0	86	86
6	87	2	401.4071566731141	169.55996131528047	0	87	87
6	88	8	49.03046875	173.56171875	0	88	88
6	89	4	299.04055496264675	174.56776947705444	0	89	89
6	90	0	465.16192170818505	173.37900355871886	0	90	90
6	91	1	423.1605584642234	174.46422338568937	0	91	91
6	92	12	125.10150753768845	177.1537688442211	0	92	92
6	93	0	499.592778335005	179.61885656970912	0	93	93
6	94	8	246.79977628635348	181.79530201342283	0	94	94
6	95	7	203.84656652360516	186.25107296137338	0	95	95
6	96	8	73.1751563896336	188.44950848972297	0	96	96
6	97	0	485.1615853658537	198.71036585365854	0	97	97
6	98	3	316.9610636277303	192.5403608736942	0	98	98
6	99	6	263.00232288037165	198.05807200929152	0	99	99
6	100	0	458.25765765765766	201.54324324324324	0	100	100
6	101	12	125.41202346041055	201.30131964809385	0	101	101
6	102	0	420.15365853658534	197.13658536585365	0	102	102
6	103	10	213.72365339578454	203.76580796252927	0	103	103
6	104	7	287.3772609819122	207.1705426356589	0	104	104
6	105	5	12.124748490945674	210.08953722334005	0	105	105
6	106	13	75.41007194244604	215.17745803357315	0	106	106
6	107	22	162.28953771289537	209.92295214922953	0	107	107
6	108	2	379.12348668280873	211.3680387409201	0	108	108
6	109	1	429.5620789220404	219.24735322425408	0	109	109
6	110	9	312.8723747980614	216.38287560581583	0	110	110
6	111	7	228.49313815187557	221.31838975297347	0	111	111
6	112	10	268.6952789699571	225.22603719599428	0	112	112
6	113	9	315.2338269680437	237.6547155105222	0	113	113
6	114	5	187.4756380510441	232.6832946635731	0	114	114
6	115	11	122.49944751381216	239.37292817679557	0	115	115
6	116	3	395.4435962680237	242.66751484308736	0	116	116
6	117	2	435.8500881834215	244.08201058201058	0	117	117
6	118	3	7.392233009708738	244.11067961165048	0	118	118
6	119	11	41.406381697772424	239.37266706803132	0	119	119
6	120	5	226.44907975460123	246.8993865030675	0	120	120
6	121	15	160.81411600279526	250.23480083857442	0	121	121
6	122	11	263.90078125	248.096875	0	122	122
6	123	12	364.775	251.67651515151516	0	123	123
6	124	5	199.93837209302325	256.18023255813955	0	124	124
6	125	6	336.57699619771864	263.6454372623574	0	125	125
6	126	2	287.25291828793775	264.60700389105057	0	126	126
6	127	2	309.2577777777778	265.8977777777778	0	127	127
6	128	4	21.408930669800235	265.7626321974148	0	128	128
6	129	0	425.397153024911	272.80569395017795	0	129	129
6	130	3	34.54938271604938	282.2654320987654	0	130	130
6	131	23	258.54515706806285	283.60994764397907	0	131	131
6	132	13	216.4262295081967	283.7551912568306	0	132	132
6	133	14	127.87185354691076	283.43096872616326	0	133	133
6	134	19	98.78752316244595	288.6491661519456	0	134	134
6	135	7	398.864960909737	288.95167022032695	0	135	135
6	136	10	65.56820809248555	291.20867052023124	0	136	136
6	137	6	297.6785396260018	294.09439002671417	0	137	137
6	138	11	162.3416393442623	288.97245901639343	0	138	138
6	139	9	357.9283771532185	293.1459655485041	0	139	139
6	140	8	328.62509742790337	303.5440374123149	0	140	140
6	141	4	379.59354838709675	311.1410138248848	0	141	141
6	142	5	20.389080856945405	311.2577747062889	0	142	142
6	143	3	126.85029069767442	317.0	0	143	143
6	144	9	181.31672816728167	320.55289052890527	0	144	144
6	145	19	253.83471563981044	318.73104265402844	0	145	145
6	146	7	212.21985157699444	323.94990723562154	0	146	146
6	147	2	147.97699386503066	324.75766871165644	0	147	147
6	148	1	6.122641509433962	335.6823899371069	0	148	148
6	149	4	353.80956678700363	337.36462093862815	0	149	149
6	150	1	54.52969121140143	339.67577197149643	0	150	150
6	151	7	326.36647955092224	342.3512429831596	0	151	151
6	152	7	132.63045496750232	346.355617455896	0	152	152
6	153	5	227.03760789149197	354.2996300863132	0	153	153
6	154	3	294.49659284497443	341.3577512776831	0	154	154
6	155	2	23.311023622047244	351.86811023622045	0	155	155
6	156	13	92.7326178254783	361.05599626691554	0	156	156
6	157	52	257.45373376623377	361.1331168831169	0	157	157
6	158	7	189.05981703026038	365.57213230119635	0	158	158
6	159	4	382.6800219538968	363.7491767288694	0	159	159
6	160	5	283.37568455640746	371.2420591456736	0	160	160
6	161	4	313.95658263305324	370.5952380952381	0	161	161
6	162	7	156.41635338345864	366.15507518796994	0	162	162
6	163	2	21.378303198887345	378.93115438108487	0	163	163
6	164	2	336.15587044534414	378.60526315789474	0	164	164
6	165	4	169.2005277044855	393.63984168865437	0	165	165
6	166	9	129.77475247524754	391.1293316831683	0	166	166
6	167	2	317.75063613231555	391.6590330788804	0	167	167
6	168	5	360.1546134663342	384.1109725685786	0	168	168
6	169	8	265.78818443804033	400.03818443804033	0	169	169
6	170	3	346.3135656041512	411.3135656041512	0	170	170
6	171	8	73.24218181818182	400.856	0	171	171
6	172	8	29.406604238541153	412.13060620995566	0	172	172
6	173	3	304.97774480712167	402.6513353115727	0	173	173
6	174	5	378.6168521462639	406.11764705882354	0	174	174
6	175	5	100.88378143972247	411.45099739809194	0	175	175
6	176	6	231.86620530565168	408.7329873125721	0	176	176
6	177	7	200.3166089965398	416.1510957324106	0	177	177
6	178	3	307.2948113207547	426.5955188679245	0	178	178
6	179	2	391.8501827040195	420.0243605359318	0	179	179
6	180	5	165.43711760707	425.60774983004757	0	180	180
6	181	1	285.47486033519556	424.29050279329607	0	181	181
6	182	5	134.83354673495518	437.3021766965429	0	182	182
6	183	0	469.9144222415291	433.1485664639444	0	183	183
6	184	8	73.44485981308411	436.8934579439252	0	184	184
6	185	4	270.50676818950933	442.12267343485615	0	185	185
6	186	5	419.29077253218884	439.82403433476395	0	186	186
6	187	3	339.74884335756775	446.96232650363515	0	187	187
6	188	1	373.364471669219	453.75114854517614	0	188	188
6	189	5	53.974501992031875	456.45019920318725	0	189	189
6	190	0	98.86321626617375	453.6025878003697	0	190	190
6	191	7	213.34291187739464	455.4616858237548	0	191	191
6	192	1	248.21167883211677	453.13868613138686	0	192	192
6	193	2	21.54465958775765	459.57214241099314	0	193	193
6	194	0	494.2746721877157	464.98826777087646	0	194	194
6	195	0	5.722814498933902	476.95522388059703	0	195	195
6	196	3	291.69890664423883	471.4600504625736	0	196	196
6	197	1	120.43094405594405	471.5874125874126	0	197	197
6	198	1	414.9181614349776	472.59417040358744	0	198	198
6	199	5	311.7010391686651	478.60111910471625	0	199	199
6	200	2	264.817880794702	480.92384105960264	0	200	200
6	201	5	243.81182795698925	488.847311827957	0	201	201
6	202	0	387.0930064888248	486.8204758471521	0	202	202
6	203	1	159.5977212971078	475.69588080631024	0	203	203
6	204	3	442.39911894273126	480.49515418502205	0	204	204
6	205	1	220.3270189431705	490.88933200398805	0	205	205
6	206	0	74.38786565547129	492.1121343445287	0	206	206
6	207	1	123.26484560570071	495.01543942992873	0	207	207
6	208	1	178.7072515666965	494.4127126230976	0	208	208
6	209	6	342.30105263157895	492.91315789473686	0	209	209
6	210	0	460.6987242394504	499.52109911678116	0	210	210
6	211	0	500.88380281690144	499.05457746478874	0	211	211
6	212	0	205.79113924050634	503.5970464135021	0	212	212
6	213	0	412.30236220472443	503.5385826771654	0	213	213
