ImageNumber	ObjectNumber	Children_PLA_Count	Location_Center_X	Location_Center_Y	Location_Center_Z	Number_Object_Number	Parent_Nuclei
1	1	0	44.169398907103826	5.927140255009108	0	1	1
1	2	2	210.12146892655366	10.029661016949152	0	2	2
1	3	0	321.21155094094746	11.049318624269954	0	3	3
1	4	1	380.06690561529274	10.389486260454003	0	4	4
1	5	1	486.75311355311356	13.017582417582418	0	5	5
1	6	0	3.4571428571428573	5.771428571428571	0	6	6
1	7	3	130.30044510385756	12.939169139465875	0	7	7
1	8	0	246.59417475728156	16.72491909385113	0	8	8
1	9	0	23.8078250863061	19.41542002301496	0	9	9
1	10	1	413.39338950097215	21.464679196370707	0	10	10
1	11	0	180.2225680933852	22.417898832684823	0	11	11
1	12	2	74.99832308552264	25.4169927333706	0	12	12
1	13	1	8.941772151898734	33.78481012658228	0	13	13
1	14	0	497.12312312312315	33.92192192192192	0	14	14
1	15	0	442.39618320610685	36.81145038167939	0	15	15
1	16	0	464.30731707317074	41.00487804878049	0	16	16
1	17	2	299.3337041156841	40.442714126807566	0	17	17
1	18	0	202.5909090909091	41.40438871473354	0	18	18
1	19	4	361.8787878787879	36.706131078224104	0	19	19
1	20	0	505.5	44.125	0	20	20
1	21	2	122.67321613236815	38.794208893485006	0	21	21
1	22	0	245.3691026827012	48.369102682701204	0	22	22
1	23	2	188.11484593837534	54.22549019607843	0	23	23
1	24	0	269.3313253012048	48.075301204819276	0	24	24
1	25	6	48.939730372720064	51.84139571768438	0	25	25
1	26	1	6.049242424242424	53.20454545454545	0	26	26
1	27	0	109.88157894736842	57.386842105263156	0	27	27
1	28	14	23.044600938967136	57.65727699530517	0	28	28
1	29	0	485.9468503937008	60.7253937007874	0	29	29
1	30	0	402.4436407474382	56.65581675708258	0	30	30
1	31	1	142.63883495145632	57.699029126213595	0	31	31
1	32	2	344.8897386870618	61.454429572976416	0	32	32
1	33	0	505.9801136363636	67.35227272727273	0	33	33
1	34	0	128.2128514056225	70.25903614457832	0	34	34
1	35	2	277.7391952309985	66.5037257824143	0	35	35
1	36	0	167.93950177935943	68.43772241992883	0	36	36
1	37	12	90.2452543659833	68.35231586940016	0	37	37
1	38	1	263.08385093167703	77.9580745341615	0	38	38
1	39	3	9.401709401709402	77.31339031339031	0	39	39
1	40	4	222.8434093161546	74.75123885034688	0	40	40
1	41	1	169.4218106995885	88.51234567901234	0	41	41
1	42	2	355.22294372294374	88.69805194805195	0	42	42
1	43	0	195.47156862745098	92.41372549019607	0	43	43
1	44	1	311.6973350253807	89.22335025380711	0	44	44
1	45	0	41.200165425971875	91.35235732009926	0	45	45
1	46	1	122.44265734265734	95.02447552447552	0	46	46
1	47	1	478.74427198817443	91.23207686622321	0	47	47
1	48	5	257.8775773195876	93.31958762886597	0	48	48
1	49	3	440.26554856743536	85.40810621942697	0	49	49
1	50	2	69.13219178082191	96.98561643835616	0	50	50
1	51	1	410.8433734939759	92.81927710843374	0	51	51
1	52	28	227.8178368121442	100.76470588235294	0	52	52
1	53	3	11.383928571428571	103.41964285714286	0	53	53
1	54	1	367.38367346938776	101.77142857142857	0	54	54
1	55	0	389.74890350877195	94.85745614035088	0	55	55
1	56	0	497.3922114047288	109.27816411682893	0	56	56
1	57	0	152.2054794520548	114.27495107632095	0	57	57
1	58	3	266.60144181256436	115.66941297631308	0	58	58
1	59	1	373.01476014760146	119.70971709717097	0	59	59
1	60	2	183.4579831932773	117.34873949579831	0	60	60
1	61	4	426.6822633297062	122.38520130576714	0	61	61
1	62	4	233.37354085603113	118.35992217898833	0	62	62
1	63	5	343.16599597585514	121.45674044265594	0	63	63
1	64	4	310.44814534443606	122.88266464799395	0	64	64
1	65	4	101.6811224489796	120.01445578231292	0	65	65
1	66	0	211.23620689655172	121.59655172413792	0	66	66
1	67	2	457.93307593307594	118.80823680823681	0	67	67
1	68	4	26.782190132370637	132.1684717208183	0	68	68
1	69	0	243.5701598579041	135.68383658969805	0	69	69
1	70	4	399.16588124410936	135.92836946277097	0	70	70
1	71	1	494.6456628477905	137.5024549918167	0	71	71
1	72	0	174.0056179775281	140.26685393258427	0	72	72
1	73	2	279.0975935828877	135.91844919786095	0	73	73
1	74	6	450.15803452855243	141.33067729083666	0	74	74
1	75	1	118.69137931034483	139.31379310344826	0	75	75
1	76	1	208.5969387755102	141.4608843537415	0	76	76
1	77	2	152.25621621621622	149.70054054054054	0	77	77
1	78	1	88.929718875502	148.0050200803213	0	78	78
1	79	7	333.10474631751225	150.58265139116202	0	79	79
1	80	2	254.60407569141194	156.50363901018923	0	80	80
1	81	3	287.95403726708076	156.927950310559	0	81	81
1	82	1	196.96856581532415	160.74066797642436	0	82	82
1	83	26	365.48818088386435	150.7153134635149	0	83	83
1	84	3	437.6191369606004	162.4202626641651	0	84	84
1	85	2	229.56106870229007	163.235368956743	0	85	85
1	86	1	461.16062801932367	163.02053140096618	0	86	86
1	87	1	50.61128526645768	156.3424764890282	0	87	87
1	88	3	133.45358090185675	161.395225464191	0	88	88
1	89	1	311.3953229398664	164.8184855233853	0	89	89
1	90	5	382.1228287841191	170.3982630272953	0	90	90
1	91	67	417.65628042843235	165.9902629016553	0	91	91
1	92	2	488.43892165122156	168.60320134793596	0	92	92
1	93	4	97.88320610687023	176.95190839694658	0	93	93
1	94	4	17.789610389610388	173.98095238095237	0	94	94
1	95	55	348.05291576673864	174.22894168466522	0	95	95
1	96	4	255.98813760379596	183.69039145907473	0	96	96
1	97	2	56.07616221562809	183.23639960435213	0	97	97
1	98	4	124.1090047393365	188.13862559241707	0	98	98
1	99	5	391.7175660160735	191.74167623421354	0	99	99
1	100	3	282.292	188.403	0	100	100
1	101	7	188.56678445229682	190.84664310954062	0	101	101
1	102	16	349.91790193842644	198.49828962371723	0	102	102
1	103	1	7.111827956989248	197.7247311827957	0	103	103
1	104	2	235.5084745762712	197.31525423728814	0	104	104
1	105	1	473.8542713567839	199.04334170854273	0	105	105
1	106	2	321.0775370581528	195.46750285062714	0	106	106
1	107	1	412.5506692160612	194.08030592734227	0	107	107
1	108	2	62.56613756613756	200.8862433862434	0	108	108
1	109	1	214.570281124498	205.38152610441767	0	109	109
1	110	1	418.18798283261805	209.02489270386266	0	110	110
1	111	3	31.93970315398887	211.6604823747681	0	111	111
1	112	11	139.6215644820296	208.63918252290344	0	112	112
1	113	3	303.9243188698285	214.53178607467206	0	113	113
1	114	3	76.27747035573123	214.18102766798418	0	114	114
1	115	2	269.3927203065134	219.25	0	115	115
1	116	2	438.6057180851064	225.43351063829786	0	116	116
1	117	0	120.8440366972477	226.99694189602445	0	117	117
1	118	4	370.19060773480663	225.81008287292818	0	118	118
1	119	1	234.6090534979424	231.05349794238683	0	119	119
1	120	1	50.62478485370052	234.69535283993116	0	120	120
1	121	3	323.87626262626264	240.3114478114478	0	121	121
1	122	1	343.555900621118	231.63975155279502	0	122	122
1	123	3	147.6089068825911	243.1919028340081	0	123	123
1	124	4	202.6614447345518	238.57180156657964	0	124	124
1	125	0	93.97444444444444	237.2411111111111	0	125	125
1	126	0	283.162037037037	238.5787037037037	0	126	126
1	127	1	266.7144230769231	252.325	0	127	127
1	128	1	50.6890756302521	252.0483193277311	0	128	128
1	129	0	76.97154471544715	252.5528455284553	0	129	129
1	130	1	297.2112171837709	252.93198090692124	0	130	130
1	131	1	23.66269841269841	246.64285714285714	0	131	131
1	132	1	354.0506329113924	252.9253164556962	0	132	132
1	133	0	4.912844036697248	252.92660550458714	0	133	133
1	134	2	479.5590236094438	252.86034413765506	0	134	134
1	135	1	396.65415549597856	252.3744414655943	0	135	135
1	136	0	114.3519882179676	262.5508100147275	0	136	136
1	137	1	221.28327338129498	261.96942446043164	0	137	137
1	138	3	425.653647752395	261.84966838614594	0	138	138
1	139	0	63.08755760368663	266.53225806451616	0	139	139
1	140	2	172.56518723994452	266.85506241331484	0	140	140
1	141	0	34.71550497866287	273.6330014224751	0	141	141
1	142	1	10.210855949895615	272.9331941544885	0	142	142
1	143	4	353.8652777777778	274.31111111111113	0	143	143
1	144	1	501.13564668769715	279.51419558359623	0	144	144
1	145	18	316.9805243445693	279.68838951310863	0	145	145
1	146	0	390.27539503386004	281.2528216704289	0	146	146
1	147	9	256.53506493506495	275.6727272727273	0	147	147
1	148	0	78.2508038585209	285.37406216505894	0	148	148
1	149	2	199.1787330316742	283.76018099547514	0	149	149
1	150	1	373.4261658031088	292.9443005181347	0	150	150
1	151	5	273.9282250242483	293.91076624636275	0	151	151
1	152	0	55.26426426426426	289.38438438438436	0	152	152
1	153	1	12.77983193277311	294.6588235294118	0	153	153
1	154	1	426.74893617021274	300.8820668693009	0	154	154
1	155	2	231.51537335285505	300.088579795022	0	155	155
1	156	5	47.17724068479355	306.6666666666667	0	156	156
1	157	4	127.44073536526366	303.9680696661829	0	157	157
1	158	2	193.6123693379791	308.56620209059236	0	158	158
1	159	1	82.52523774689101	319.1287490855889	0	159	159
1	160	1	337.1240118577075	313.5869565217391	0	160	160
1	161	17	375.6984126984127	321.43809523809523	0	161	161
1	162	3	167.71757925072046	324.93011527377524	0	162	162
1	163	25	24.144613583138174	330.2049180327869	0	163	163
1	164	8	289.0448979591837	324.03163265306125	0	164	164
1	165	0	497.0668036998972	322.9640287769784	0	165	165
1	166	0	242.90422721268163	334.774108322325	0	166	166
1	167	0	416.52767527675275	330.1783517835178	0	167	167
1	168	38	269.7854938271605	335.24074074074076	0	168	168
1	169	1	395.1884735202492	339.3738317757009	0	169	169
1	170	1	459.74817813765185	331.2769230769231	0	170	170
1	171	0	351.655	339.925	0	171	171
1	172	6	124.16842961757527	340.63791700569567	0	172	172
1	173	0	368.3382624768946	348.06654343807764	0	173	173
1	174	0	490.59154929577466	346.5457746478873	0	174	174
1	175	2	209.68467410452143	349.76570757486786	0	175	175
1	176	2	441.1403973509934	351.43046357615896	0	176	176
1	177	0	148.72473867595818	353.5574912891986	0	177	177
1	178	12	288.330376940133	354.64966740576494	0	178	178
1	179	2	73.80633373934226	355.584652862363	0	179	179
1	180	1	331.83058268777364	361.2586729538565	0	180	180
1	181	2	180.51001821493625	362.75774134790527	0	181	181
1	182	1	268.57678697806085	370.3602264685067	0	182	182
1	183	1	408.18130539887187	365.9661563255439	0	183	183
1	184	1	452.1578947368421	370.1066856330014	0	184	184
1	185	0	477.02208201892745	367.8738170347003	0	185	185
1	186	2	500.3780260707635	365.4003724394786	0	186	186
1	187	14	103.97564102564102	373.1826923076923	0	187	187
1	188	0	153.86925795053003	379.12720848056534	0	188	188
1	189	0	508.58474576271186	379.7457627118644	0	189	189
1	190	1	491.9072512647555	390.61720067453626	0	190	190
1	191	0	420.60198456449837	390.57993384785004	0	191	191
1	192	2	41.79338842975206	387.5386927122464	0	192	192
1	193	2	456.75653923541245	393.9637826961771	0	193	193
1	194	1	236.78997050147493	395.7209439528024	0	194	194
1	195	0	115.89030803906837	400.15401953418484	0	195	195
1	196	0	201.1360544217687	394.6054421768707	0	196	196
1	197	2	380.04416761041904	396.321630804077	0	197	197
1	198	0	354.2930283224401	401.63289760348584	0	198	198
1	199	0	8.545226130653266	398.3492462311558	0	199	199
1	200	0	147.43148357870894	406.3080407701019	0	200	200
1	201	1	310.55266666666665	404.936	0	201	201
1	202	22	447.0283911671924	419.54258675078864	0	202	202
1	203	2	493.13084112149534	412.5659397715472	0	203	203
1	204	0	395.62137404580153	410.7725190839695	0	204	204
1	205	2	63.57785087719298	408.85526315789474	0	205	205
1	206	0	260.3408163265306	414.434693877551	0	206	206
1	207	2	281.1272727272727	417.9187878787879	0	207	207
1	208	4	27.267573696145124	416.8185941043084	0	208	208
1	209	2	147.62295081967213	426.23067915690865	0	209	209
1	210	1	189.0875145857643	420.6009334889148	0	210	210
1	211	4	407.33979829325057	431.5477114041893	0	211	211
1	212	0	82.79503105590062	425.5807453416149	0	212	212
1	213	1	168.10190369540874	435.13213885778276	0	213	213
1	214	0	62.98143236074271	438.0185676392573	0	214	214
1	215	2	303.25863596102744	438.43578387953943	0	215	215
1	216	0	499.7642526964561	437.5346687211094	0	216	216
1	217	0	214.58917835671343	437.91115564462257	0	217	217
1	218	1	345.63157894736844	435.26612305411413	0	218	218
1	219	13	17.11925042589438	439.72402044293017	0	219	219
1	220	4	99.75422138836772	440.3330206378987	0	220	220
1	221	0	376.4147081122062	446.98180439727065	0	221	221
1	222	0	471.0018501387604	442.154486586494	0	222	222
1	223	0	4.665584415584416	448.3474025974026	0	223	223
1	224	0	44.58203125	447.3828125	0	224	224
1	225	1	259.7488584474886	452.99543378995435	0	225	225
1	226	1	136.5932055749129	456.71515679442507	0	226	226
1	227	2	105.06644144144144	463.9572072072072	0	227	227
1	228	53	431.3089488636364	457.4651988636364	0	228	228
1	229	0	330.7590027700831	464.89473684210526	0	229	229
1	230	0	479.2712146422629	470.6638935108153	0	230	230
1	231	0	501.1051752921536	466.1051752921536	0	231	231
1	232	0	221.8440366972477	467.0450375312761	0	232	232
1	233	6	456.5144429160935	471.29160935350757	0	233	233
1	234	0	177.35864197530864	469.9382716049383	0	234	234
1	235	0	21.579960185799603	475.2760451227605	0	235	235
1	236	0	127.81211656441718	491.4286809815951	0	236	236
1	237	0	85.37244897959184	490.57361516034985	0	237	237
1	238	1	263.9443396226415	485.6698113207547	0	238	238
1	239	0	226.9638439581351	494.44529019980973	0	239	239
1	240	0	400.8643724696356	488.86032388663966	0	240	240
1	241	1	421.39026548672564	492.1955752212389	0	241	241
1	242	1	341.53952205882354	490.84191176470586	0	242	242
1	243	0	489.0186721991701	492.5124481327801	0	243	243
1	244	1	166.38002436053594	497.77588306942755	0	244	244
1	245	0	49.37489251934652	496.42218400687875	0	245	245
1	246	0	301.5652173913044	493.5789049919485	0	246	246
1	247	1	373.2461964038728	495.6984785615491	0	247	247
1	248	1	390.3191489361702	497.7473404255319	0	248	248
1	249	0	195.6395173453997	500.3001508295626	0	249	249
1	250	0	277.12138728323697	502.4335260115607	0	250	250
1	251	0	14.271653543307087	502.8937007874016	0	251	251
1	252	0	340.93046357615896	507.5960264900662	0	252	252
1	253	0	450.7424	500.7456	0	253	253
1	254	0	473.89956331877727	500.41266375545854	0	254	254
1	255	1	502.4533333333333	505.40444444444444	0	255	255
2	1	4	66.46935724962631	8.14050822122571	0	1	1
2	2	6	22.386658795749703	19.357733175914994	0	2	2
2	3	7	136.80586080586082	25.107796964939823	0	3	3
2	4	15	49.044504995458674	36.253405994550405	0	4	4
2	5	4	216.77105427323767	36.076731129132874	0	5	5
2	6	12	81.55444126074498	41.527936962750715	0	6	6
2	7	5	181.26638176638176	44.58119658119658	0	7	7
2	8	0	360.8954008954009	47.25356125356125	0	8	8
2	9	4	87.8281642917016	73.08801341156747	0	9	9
2	10	9	178.95668409260642	78.24645257654966	0	10	10
2	11	9	54.804422944022114	86.38977194194887	0	11	11
2	12	7	147.5649895178197	87.59538784067085	0	12	12
2	13	5	124.56184486373165	90.72746331236897	0	13	13
2	14	9	20.552204176334108	92.70069605568446	0	14	14
2	15	4	105.23646723646723	98.36609686609687	0	15	15
2	16	8	164.79775280898878	111.15262172284645	0	16	16
2	17	7	79.05604719764011	111.58308751229106	0	17	17
2	18	11	217.0966469428008	110.15581854043393	0	18	18
2	19	11	191.18375241779498	126.56189555125725	0	19	19
2	20	3	92.62975778546713	135.34602076124568	0	20	20
2	21	5	8.889051094890512	125.84087591240876	0	21	21
2	22	5	115.16206030150754	130.94597989949747	0	22	22
2	23	2	41.94665718349929	133.24537695590328	0	23	23
2	24	4	301.4930924548353	130.87991498405952	0	24	24
2	25	4	278.45604395604397	139.75641025641025	0	25	25
2	26	0	154.43109869646182	146.13594040968343	0	26	26
2	27	5	130.4551365409623	149.81924577373212	0	27	27
2	28	6	64.37194127243067	153.9779771615008	0	28	28
2	29	3	295.70151770657674	161.40050590219224	0	29	29
2	30	5	17.2492795389049	161.7327089337176	0	30	30
2	31	4	177.99402092675635	161.98131539611362	0	31	31
2	32	0	339.20432043204323	159.04590459045906	0	32	32
2	33	16	120.52122241086587	177.3322014714205	0	33	33
2	34	26	491.4170584284755	169.2102081934184	0	34	34
2	35	0	368.17808219178085	175.17945205479452	0	35	35
2	36	24	48.70141065830721	187.05329153605015	0	36	36
2	37	13	95.83997050147492	195.60398230088495	0	37	37
2	38	1	479.3651115618661	195.03346855983773	0	38	38
2	39	0	453.9068554396423	203.66244411326377	0	39	39
2	40	1	385.7344345616264	199.89199491740789	0	40	40
2	41	16	7.542440318302387	202.65384615384616	0	41	41
2	42	80	29.264325323475045	213.98059149722735	0	42	42
2	43	25	57.015957446808514	213.08510638297872	0	43	43
2	44	7	369.657824933687	217.61980548187444	0	44	44
2	45	12	185.37958303378863	211.33069734004314	0	45	45
2	46	11	329.09915356711	221.10399032648127	0	46	46
2	47	7	74.22695035460993	223.20567375886526	0	47	47
2	48	5	145.25525040387723	224.68255250403877	0	48	48
2	49	5	176.20403321470937	234.564650059312	0	49	49
2	50	4	41.40329218106996	235.7283950617284	0	50	50
2	51	16	13.78005115089514	242.59462915601023	0	51	51
2	52	8	55.80977312390925	252.19633507853402	0	52	52
2	53	5	354.0443213296399	248.47276084949215	0	53	53
2	54	4	452.21230502599656	242.39688041594454	0	54	54
2	55	0	376.0573152337858	255.80090497737555	0	55	55
2	56	3	398.2957746478873	250.56338028169014	0	56	56
2	57	5	89.94137542277339	248.16685456595266	0	57	57
2	58	15	230.50313479623824	244.92633228840126	0	58	58
2	59	9	166.90748189863234	258.2228479485117	0	59	59
2	60	1	422.9081761006289	253.21383647798743	0	60	60
2	61	2	494.37927663734115	251.1798631476051	0	61	61
2	62	5	21.41511500547645	264.49397590361446	0	62	62
2	63	8	213.24174372523117	270.9108322324967	0	63	63
2	64	10	106.09338842975207	262.93636363636364	0	64	64
2	65	10	320.17009345794395	262.1482866043614	0	65	65
2	66	2	440.04232804232805	270.12698412698415	0	66	66
2	67	0	469.7716894977169	269.4246575342466	0	67	67
2	68	1	494.38090349075975	281.95277207392195	0	68	68
2	69	0	404.0734536082474	281.93427835051546	0	69	69
2	70	15	174.53559764859568	286.93272370999347	0	70	70
2	71	4	98.29093799682035	285.4880763116057	0	71	71
2	72	8	299.05193992490615	285.8811013767209	0	72	72
2	73	0	456.9294117647059	286.4137254901961	0	73	73
2	74	3	41.19021310181531	291.14680347277033	0	74	74
2	75	9	134.70712909441232	293.218368657675	0	75	75
2	76	3	455.5679012345679	304.28924162257493	0	76	76
2	77	9	69.26837324525185	298.7274979355904	0	77	77
2	78	3	11.814689265536723	296.6870056497175	0	78	78
2	79	5	97.9895104895105	304.0472027972028	0	79	79
2	80	1	430.3697478991597	308.1536614645858	0	80	80
2	81	2	401.0506329113924	315.7417721518987	0	81	81
2	82	13	336.4272401433692	311.3290322580645	0	82	82
2	83	3	489.9550295857988	315.5810650887574	0	83	83
2	84	6	103.61310133060388	323.63971340839305	0	84	84
2	85	8	180.55243243243243	317.61405405405407	0	85	85
2	86	6	377.5892700087951	321.36587510993843	0	86	86
2	87	10	299.3450479233227	320.90814696485626	0	87	87
2	88	2	6.855835240274599	330.7597254004577	0	88	88
2	89	7	217.49178743961352	318.1913043478261	0	89	89
2	90	4	29.80068728522337	330.3204467353952	0	90	90
2	91	6	162.34069400630915	332.5	0	91	91
2	92	1	358.5212418300654	334.49183006535947	0	92	92
2	93	5	60.75089392133492	332.76400476758045	0	93	93
2	94	5	234.51055900621117	338.4472049689441	0	94	94
2	95	2	425.3922697368421	343.11513157894734	0	95	95
2	96	4	117.55555555555556	341.34317862165966	0	96	96
2	97	3	142.3966189856957	336.30559167750323	0	97	97
2	98	9	195.44550669216062	345.33652007648186	0	98	98
2	99	3	292.78772112382933	349.31321540062436	0	99	99
2	100	8	84.20092165898618	350.96405529953915	0	100	100
2	101	0	267.9013157894737	349.36936090225566	0	101	101
2	102	6	325.73859432799014	347.6189889025894	0	102	102
2	103	4	358.9265350877193	356.80263157894734	0	103	103
2	104	5	50.20036264732548	361.83590208522213	0	104	104
2	105	1	128.40991902834008	365.2085020242915	0	105	105
2	106	1	162.5936768149883	362.73887587822014	0	106	106
2	107	8	216.90148911798397	364.2176403207331	0	107	107
2	108	2	7.424936386768448	357.735368956743	0	108	108
2	109	4	492.52628163530176	363.46268656716416	0	109	109
2	110	2	184.5494880546075	377.6541524459613	0	110	110
2	111	4	325.77493138151874	377.2461116193962	0	111	111
2	112	2	448.7350427350427	369.5282051282051	0	112	112
2	113	4	419.7426614481409	373.5919765166341	0	113	113
2	114	2	21.50132625994695	375.42440318302386	0	114	114
2	115	8	235.46903460837888	380.4690346083789	0	115	115
2	116	3	373.59193245778613	381.5844277673546	0	116	116
2	117	7	296.87150837988827	386.9154030327215	0	117	117
2	118	2	81.96114369501467	386.75	0	118	118
2	119	4	458.247311827957	390.1209677419355	0	119	119
2	120	1	430.885393258427	395.238202247191	0	120	120
2	121	7	167.47624076029567	397.98521647307285	0	121	121
2	122	6	390.0693391115926	402.5048754062839	0	122	122
2	123	2	260.0093085106383	400.1715425531915	0	123	123
2	124	2	25.475108225108226	400.57575757575756	0	124	124
2	125	3	488.8933423913044	402.07608695652175	0	125	125
2	126	3	356.9633558341369	402.07328833172613	0	126	126
2	127	3	412.36883116883115	409.1	0	127	127
2	128	0	79.86727989487517	410.0275952693824	0	128	128
2	129	7	340.0090909090909	413.7111111111111	0	129	129
2	130	2	7.307550644567219	417.5359116022099	0	130	130
2	131	5	128.77895392278953	410.0641344956413	0	131	131
2	132	0	283.0421875	414.88125	0	132	132
2	133	0	187.9436274509804	411.30392156862746	0	133	133
2	134	3	213.5599095704597	412.1416729464959	0	134	134
2	135	1	450.5982222222222	417.3644444444444	0	135	135
2	136	4	154.9223194748359	429.92560175054706	0	136	136
2	137	3	95.90798786653185	428.2325581395349	0	137	137
2	138	3	178.31046931407943	429.1985559566787	0	138	138
2	139	3	235.47946513849092	433.40783190066855	0	139	139
2	140	2	56.26543209876543	430.1759259259259	0	140	140
2	141	4	397.01905717151453	435.16248746238716	0	141	141
2	142	7	33.92896174863388	436.05932864949256	0	142	142
2	143	0	439.88865979381444	441.0278350515464	0	143	143
2	144	3	196.13888888888889	443.78333333333336	0	144	144
2	145	8	304.1100196463654	431.2917485265226	0	145	145
2	146	5	486.437542662116	445.7897610921502	0	146	146
2	147	1	331.88729281767957	441.85303867403314	0	147	147
2	148	4	262.22173531989483	444.4057843996494	0	148	148
2	149	2	71.90575079872204	449.56869009584665	0	149	149
2	150	1	293.0928462709285	456.51902587519027	0	150	150
2	151	0	316.61341853035145	454.0990415335463	0	151	151
2	152	1	412.1479481641469	455.7526997840173	0	152	152
2	153	4	357.8422688422688	455.44133644133643	0	153	153
2	154	2	160.90551181102362	457.6456692913386	0	154	154
2	155	0	15.178225205070843	460.689783743475	0	155	155
2	156	0	464.7737843551797	458.30655391120507	0	156	156
2	157	1	210.08688387635755	464.563074352548	0	157	157
2	158	1	104.47562296858071	458.6988082340195	0	158	158
2	159	2	275.0823970037453	470.4394506866417	0	159	159
2	160	0	78.28709055876686	472.9161849710983	0	160	160
2	161	4	127.69748653500898	470.6283662477558	0	161	161
2	162	1	441.8119815668203	474.50967741935483	0	162	162
2	163	2	321.05432937181666	479.61544991511033	0	163	163
2	164	2	488.69385699899294	481.08660624370594	0	164	164
2	165	2	243.33633633633633	480.34234234234236	0	165	165
2	166	2	411.03127874885007	487.9503219871205	0	166	166
2	167	3	158.61295681063123	484.24584717607974	0	167	167
2	168	0	185.58216970998924	486.22556390977445	0	168	168
2	169	3	377.96930693069305	488.4613861386139	0	169	169
2	170	1	42.7566265060241	491.0222891566265	0	170	170
2	171	2	80.62983425414365	495.53729281767954	0	171	171
2	172	0	142.25641025641025	493.2074592074592	0	172	172
2	173	1	281.6925373134328	495.3044776119403	0	173	173
2	174	0	476.30434782608694	497.84299516908214	0	174	174
2	175	0	215.46649810366625	496.86599241466496	0	175	175
2	176	2	451.1188340807175	499.19955156950675	0	176	176
2	177	0	244.12	503.542	0	177	177
2	178	0	150.62605042016807	506.79831932773106	0	178	178
2	179	1	329.5746003552398	501.4946714031972	0	179	179
2	180	0	100.99649737302977	502.338003502627	0	180	180
2	181	0	124.71948051948051	501.95584415584415	0	181	181
2	182	1	180.58009708737865	505.88349514563106	0	182	182
2	183	0	501.1058394160584	504.16058394160586	0	183	183
3	1	1	165.05540417801998	15.563124432334241	0	1	1
3	2	0	191.84126984126985	4.484126984126984	0	2	2
3	3	0	239.12740384615384	11.875	0	3	3
3	4	0	441.00592885375494	7.926877470355731	0	4	4
3	5	0	475.44772727272726	8.056818181818182	0	5	5
3	6	1	328.8760162601626	18.179539295392953	0	6	6
3	7	1	270.9702380952381	9.026785714285714	0	7	7
3	8	0	353.27091633466136	6.697211155378486	0	8	8
3	9	0	204.57864632983794	17.508102955195426	0	9	9
3	10	3	77.46118115461181	17.14333112143331	0	10	10
3	11	2	39.10924981791697	17.509832483612527	0	11	11
3	12	0	501.2771260997067	19.65982404692082	0	12	12
3	13	0	363.9159456118665	25.903584672435105	0	13	13
3	14	0	388.0276738967838	24.80553477935677	0	14	14
3	15	1	138.4610829103215	23.25211505922166	0	15	15
3	16	1	14.552952202436739	25.40393626991565	0	16	16
3	17	2	284.7271016311167	27.92534504391468	0	17	17
3	18	0	457.5564681724846	29.370636550308006	0	18	18
3	19	25	412.0451781059948	33.482189400521285	0	19	19
3	20	0	133.96626984126985	43.257936507936506	0	20	20
3	21	34	436.9168110918544	35.05372616984402	0	21	21
3	22	0	473.92995689655174	43.515086206896555	0	22	22
3	23	1	101.99693955623566	39.90742157612854	0	23	23
3	24	0	8.727941176470589	48.78186274509804	0	24	24
3	25	2	307.1267015706806	46.717277486910994	0	25	25
3	26	2	228.0559311616472	46.36816226183159	0	26	26
3	27	22	433.6603260869565	58.77717391304348	0	27	27
3	28	1	494.7481243301179	52.766345123258304	0	28	28
3	29	1	127.9551656920078	67.4307992202729	0	29	29
3	30	1	350.4496021220159	63.62267904509284	0	30	30
3	31	3	192.3144927536232	63.53405797101449	0	31	31
3	32	5	254.2323151125402	64.0192926045016	0	32	32
3	33	13	74.35575679172057	65.85769728331178	0	33	33
3	34	5	289.58024691358025	70.63888888888889	0	34	34
3	35	0	9.490018148820326	72.33393829401089	0	35	35
3	36	0	505.25155279503105	73.1863354037267	0	36	36
3	37	135	42.85094435936703	71.9637570188872	0	37	37
3	38	0	91.74030354131534	73.97301854974705	0	38	38
3	39	2	158.31032125768968	75.10252904989747	0	39	39
3	40	1	314.8313782991202	75.77565982404693	0	40	40
3	41	2	110.31150442477876	85.0938053097345	0	41	41
3	42	0	417.68797653958944	84.09032258064516	0	42	42
3	43	0	458.38734353268427	89.57997218358831	0	43	43
3	44	1	326.4164265129683	92.26368876080691	0	44	44
3	45	0	482.4271948608137	92.60599571734475	0	45	45
3	46	2	254.9007299270073	91.21897810218978	0	46	46
3	47	2	382.6954887218045	88.93045112781955	0	47	47
3	48	3	188.71556642216788	99.88671556642217	0	48	48
3	49	8	229.95827232796486	103.12664714494876	0	49	49
3	50	0	498.37118644067795	100.84576271186441	0	50	50
3	51	2	351.3090234857849	101.09888751545117	0	51	51
3	52	2	294.96065989847716	101.05203045685279	0	52	52
3	53	5	264.08849557522126	111.15154867256638	0	53	53
3	54	2	15.347163420829805	104.0973751058425	0	54	54
3	55	1	88.31108389467238	111.26760563380282	0	55	55
3	56	6	121.89039548022599	107.81016949152543	0	56	56
3	57	23	150.32703213610586	108.28733459357278	0	57	57
3	58	0	367.5211267605634	113.71361502347418	0	58	58
3	59	0	384.32794457274827	119.59353348729792	0	59	59
3	60	0	501.14725274725276	120.16043956043956	0	60	60
3	61	1	411.89115044247785	119.54424778761062	0	61	61
3	62	0	322.3193588162762	121.6707768187423	0	62	62
3	63	6	125.97709923664122	129.27480916030535	0	63	63
3	64	1	293.643115942029	121.82065217391305	0	64	64
3	65	9	165.51663201663203	124.8035343035343	0	65	65
3	66	23	37.99658469945355	125.17213114754098	0	66	66
3	67	2	375.07936507936506	137.3015873015873	0	67	67
3	68	1	346.2781155015198	131.14893617021278	0	68	68
3	69	7	291.6257562662057	146.30423509075194	0	69	69
3	70	1	493.4974226804124	139.60438144329896	0	70	70
3	71	1	5.175257731958763	142.77835051546393	0	71	71
3	72	12	265.22743055555554	139.52430555555554	0	72	72
3	73	1	22.16058394160584	151.21532846715328	0	73	73
3	74	10	237.0096618357488	140.51529790660226	0	74	74
3	75	11	148.0820995962315	151.04306864064603	0	75	75
3	76	4	67.6875	149.3053861788618	0	76	76
3	77	2	326.5605633802817	149.20140845070424	0	77	77
3	78	0	409.113886847906	150.51359294636296	0	78	78
3	79	13	175.4375605033882	161.7236205227493	0	79	79
3	80	3	122.9442538593482	160.99313893653516	0	80	80
3	81	53	266.39834710743804	163.99504132231405	0	81	81
3	82	0	358.7741935483871	157.0153609831029	0	82	82
3	83	9	243.54434250764527	161.8119266055046	0	83	83
3	84	2	493.3817991631799	163.45292887029288	0	84	84
3	85	1	340.16776315789474	164.45065789473685	0	85	85
3	86	1	376.51625487646294	174.3992197659298	0	86	86
3	87	1	393.8636363636364	177.59970674486803	0	87	87
3	88	1	333.3403805496829	181.48837209302326	0	88	88
3	89	3	319.59297052154193	185.0283446712018	0	89	89
3	90	1	356.3763440860215	192.93548387096774	0	90	90
3	91	4	441.3643153526971	181.2514522821577	0	91	91
3	92	4	30.16436327739388	180.4141164856861	0	92	92
3	93	11	235.33835039133052	189.05960264900662	0	93	93
3	94	7	291.110599078341	181.20622119815667	0	94	94
3	95	1	411.1716666666667	193.16333333333333	0	95	95
3	96	1	308.4227642276423	199.33875338753387	0	96	96
3	97	1	463.733268671193	194.2337536372454	0	97	97
3	98	0	494.1290322580645	194.61215303825958	0	98	98
3	99	5	194.66973125884016	192.82248939179632	0	99	99
3	100	2	273.51228733459357	201.08223062381853	0	100	100
3	101	5	101.52763819095478	200.606923506421	0	101	101
3	102	2	64.38241758241759	211.85604395604395	0	102	102
3	103	7	185.74061718098415	219.46121768140117	0	103	103
3	104	1	5.378516624040921	205.14833759590792	0	104	104
3	105	5	23.41836141778036	223.71644392794886	0	105	105
3	106	7	425.5337954939341	222.24523396880417	0	106	106
3	107	2	317.35374697824335	227.1321514907333	0	107	107
3	108	3	484.32608695652175	229.03786816269286	0	108	108
3	109	6	285.1283987915408	233.46978851963746	0	109	109
3	110	1	164.38389513108615	224.2546816479401	0	110	110
3	111	1	254.2793867120954	229.38330494037479	0	111	111
3	112	2	389.35082715345123	231.34626354820307	0	112	112
3	113	13	125.93011917659805	234.69230769230768	0	113	113
3	114	5	164.53171390013495	244.94197031039135	0	114	114
3	115	3	447.3369565217391	243.46437198067633	0	115	115
3	116	4	357.6153017241379	244.4811422413793	0	116	116
3	117	0	35.16942148760331	246.3181818181818	0	117	117
3	118	2	257.92755004766445	254.0705433746425	0	118	118
3	119	0	148.02409638554218	254.21686746987953	0	119	119
3	120	2	223.9078771695594	242.34846461949266	0	120	120
3	121	3	49.38244853737812	260.6933911159263	0	121	121
3	122	1	238.85744680851064	264.79787234042556	0	122	122
3	123	1	212.74857142857144	264.85371428571426	0	123	123
3	124	1	484.78031212484996	261.5978391356543	0	124	124
3	125	2	22.968384879725086	273.67628865979384	0	125	125
3	126	5	139.78828510938604	275.9075511644319	0	126	126
3	127	1	371.73879641485274	277.04353393085785	0	127	127
3	128	6	320.7704304429195	266.72863381160323	0	128	128
3	129	85	409.88407643312104	273.9955414012739	0	129	129
3	130	1	3.659340659340659	281.11538461538464	0	130	130
3	131	0	501.33990895295904	277.05007587253414	0	131	131
3	132	1	463.7133204633205	278.38706563706563	0	132	132
3	133	3	269.68650306748464	289.23865030674847	0	133	133
3	134	9	223.99939795304033	295.36243226971703	0	134	134
3	135	11	309.36494440810986	293.32374100719426	0	135	135
3	136	9	167.20225422667502	297.68879148403255	0	136	136
3	137	1	478.0861244019139	300.3468899521531	0	137	137
3	138	5	378.8984802431611	306.23282674772037	0	138	138
3	139	1	500.4942767950052	314.417273673257	0	139	139
3	140	32	14.33692142088267	306.70398277717976	0	140	140
3	141	4	76.3254688445251	301.43738656987296	0	141	141
3	142	0	447.2062706270627	307.72854785478546	0	142	142
3	143	0	470.61569826707444	325.49235474006116	0	143	143
3	144	1	417.1221789883268	319.25914396887157	0	144	144
3	145	6	123.72526957337084	319.85091420534457	0	145	145
3	146	7	315.0438645197113	327.25152692948365	0	146	146
3	147	3	77.11156741957564	332.37234770705	0	147	147
3	148	2	393.53258145363407	337.20676691729324	0	148	148
3	149	18	202.86425339366517	333.82611506140915	0	149	149
3	150	1	12.77242044358727	341.6316297010608	0	150	150
3	151	7	168.43082706766918	337.10225563909773	0	151	151
3	152	16	246.18478768082127	337.2449836677555	0	152	152
3	153	0	431.2742290748899	347.1751101321586	0	153	153
3	154	3	357.92508143322476	342.3557003257329	0	154	154
3	155	3	472.7308294209703	356.2378716744914	0	155	155
3	156	8	134.28819762122598	362.17429094236047	0	156	156
3	157	56	63.26190476190476	363.2056277056277	0	157	157
3	158	24	335.5362608117099	367.4896872920825	0	158	158
3	159	27	285.80689245395126	363.9726678550208	0	159	159
3	160	1	228.65318957771788	371.1114106019766	0	160	160
3	161	2	390.14904862579283	373.81501057082454	0	161	161
3	162	5	190.0089068825911	373.9263157894737	0	162	162
3	163	61	497.2357723577236	382.3053297199639	0	163	163
3	164	1	11.770104068117313	380.6140018921476	0	164	164
3	165	3	33.37162162162162	396.1965601965602	0	165	165
3	166	9	432.6573146292585	387.84101536406143	0	166	166
3	167	6	310.18706536856746	392.76425591098746	0	167	167
3	168	2	205.0891089108911	397.9467821782178	0	168	168
3	169	7	168.55828779599273	397.6775956284153	0	169	169
3	170	127	254.20366379310346	397.9304956896552	0	170	170
3	171	82	456.9804421768707	409.28826530612247	0	171	171
3	172	2	117.69189602446484	405.63761467889907	0	172	172
3	173	3	373.82370820668694	408.4133738601824	0	173	173
3	174	3	485.0565770862801	407.2461103253182	0	174	174
3	175	27	76.89463662329419	416.75499841320215	0	175	175
3	176	12	226.5815668202765	422.5336405529954	0	176	176
3	177	2	157.19850187265916	423.3955056179775	0	177	177
3	178	5	271.4661921708185	423.699881376038	0	178	178
3	179	43	201.8432122370937	429.6300191204589	0	179	179
3	180	3	494.1638349514563	425.74150485436894	0	180	180
3	181	23	304.6911254338126	431.31581556767475	0	181	181
3	182	19	439.200796812749	431.35617529880477	0	182	182
3	183	2	348.98211091234344	427.4964221824687	0	183	183
3	184	2	132.81344032096288	434.8134403209629	0	184	184
3	185	1	387.05909510618653	442.6445060018467	0	185	185
3	186	2	495.4891846921797	454.01913477537437	0	186	186
3	187	13	254.49132947976878	452.9010918432884	0	187	187
3	188	1	346.68042142230024	457.48024582967514	0	188	188
3	189	1	421.3515625	456.33664772727275	0	189	189
3	190	0	106.22231909328684	454.9712292938099	0	190	190
3	191	1	296.72089437162685	469.2374710871241	0	191	191
3	192	1	381.33307692307693	472.68	0	192	192
3	193	0	210.14614830813534	466.7804175665947	0	193	193
3	194	13	147.43440736478712	474.8808975834292	0	194	194
3	195	1	177.38860103626942	474.92746113989637	0	195	195
3	196	0	77.32418001525554	482.7154843630816	0	196	196
3	197	2	259.6496062992126	483.8251968503937	0	197	197
3	198	2	332.4112490869248	483.63330898466035	0	198	198
3	199	0	40.2	478.59804560260585	0	199	199
3	200	3	492.81895223420645	488.97457627118644	0	200	200
3	201	0	108.41883408071749	488.33004484304934	0	201	201
3	202	1	402.3110661268556	495.2152496626181	0	202	202
3	203	1	198.6753507014028	497.5277221108884	0	203	203
3	204	1	124.84827586206896	502.79540229885055	0	204	204
3	205	0	253.5344563552833	503.5696784073507	0	205	205
3	206	0	42.575364667747166	503.91734197730955	0	206	206
3	207	12	155.17922606924643	504.60285132382893	0	207	207
3	208	0	309.1220657276995	501.13262910798124	0	208	208
3	209	0	458.90617848970254	501.3135011441648	0	209	209
