ImageNumber	ObjectNumber	Children_Cells_Count	Children_PLA_Count	Location_Center_X	Location_Center_Y	Location_Center_Z	Number_Object_Number
1	1	1	0	39.11734693877551	2.7448979591836733	0	1
1	2	1	1	210.10714285714286	4.214285714285714	0	2
1	3	1	0	318.8913480885312	6.388329979879276	0	3
1	4	1	0	383.68811881188117	5.158415841584159	0	4
1	5	1	0	493.33126550868485	10.833746898263028	0	5
1	6	1	0	2.597560975609756	5.658536585365853	0	6
1	7	1	2	129.79710144927537	7.904347826086957	0	7
1	8	1	0	244.34639175257732	11.144329896907216	0	8
1	9	1	0	17.436482084690553	15.384364820846905	0	9
1	10	1	0	412.22877358490564	21.92924528301887	0	10
1	11	1	0	183.13725490196077	24.51260504201681	0	11
1	12	1	1	71.23035230352303	25.441734417344172	0	12
1	13	1	0	3.9383561643835616	32.773972602739725	0	13
1	14	1	0	500.52127659574467	32.40425531914894	0	14
1	15	1	0	446.22727272727275	37.3125	0	15
1	16	1	0	461.9016393442623	39.021857923497265	0	16
1	17	1	0	299.23349056603774	39.26650943396226	0	17
1	18	1	0	193.65882352941176	41.96470588235294	0	18
1	19	1	2	360.39044943820227	41.609550561797754	0	19
1	20	1	0	507.99056603773585	42.22641509433962	0	20
1	21	1	1	122.82710280373831	44.39252336448598	0	21
1	22	1	0	250.8181818181818	51.26262626262626	0	22
1	23	1	0	186.3846153846154	53.202429149797574	0	23
1	24	1	0	263.6930693069307	53.23762376237624	0	24
1	25	1	1	46.05172413793103	53.201149425287355	0	25
1	26	1	0	3.702127659574468	53.6063829787234	0	26
1	27	1	0	112.55474452554745	56.89051094890511	0	27
1	28	1	9	22.10909090909091	57.54909090909091	0	28
1	29	1	0	487.34317343173433	60.3690036900369	0	29
1	30	1	0	403.51798561151077	57.13669064748201	0	30
1	31	1	0	135.31313131313132	58.64646464646464	0	31
1	32	1	1	348.2433628318584	60.99778761061947	0	32
1	33	1	0	508.0388349514563	62.84466019417476	0	33
1	34	1	0	126.49333333333334	64.70666666666666	0	34
1	35	1	0	268.27685950413223	65.10330578512396	0	35
1	36	1	0	174.30839002267572	69.18820861678005	0	36
1	37	1	7	92.8529411764706	69.81699346405229	0	37
1	38	1	0	261.5390625	75.55078125	0	38
1	39	1	0	3.8210526315789473	77.2421052631579	0	39
1	40	1	3	224.2059800664452	81.4485049833887	0	40
1	41	1	0	175.27358490566039	84.95283018867924	0	41
1	42	1	0	358.2696629213483	88.98876404494382	0	42
1	43	1	0	192.51944444444445	91.11944444444444	0	43
1	44	1	0	312.35689045936397	92.31802120141343	0	44
1	45	1	0	43.74366197183099	91.54929577464789	0	45
1	46	1	0	121.02033898305085	93.71525423728814	0	46
1	47	1	0	482.10714285714283	93.07619047619048	0	47
1	48	1	3	254.95564516129033	91.98790322580645	0	48
1	49	1	0	438.1140142517815	90.73871733966746	0	49
1	50	1	1	65.76515151515152	93.6489898989899	0	50
1	51	1	0	409.6338797814208	94.8360655737705	0	51
1	52	1	19	229.75527426160338	99.59493670886076	0	52
1	53	1	1	7.9541984732824424	103.06106870229007	0	53
1	54	1	1	367.4268292682927	101.09756097560975	0	54
1	55	1	0	392.05362776025237	98.28391167192429	0	55
1	56	1	0	500.7957317073171	109.375	0	56
1	57	1	0	156.62452107279694	115.69348659003832	0	57
1	58	1	2	261.6025641025641	118.12820512820512	0	58
1	59	1	0	374.5165562913907	117.18543046357615	0	59
1	60	1	1	178.1004366812227	118.0	0	60
1	61	1	1	429.51977401129943	121.2909604519774	0	61
1	62	1	0	231.17525773195877	120.06872852233677	0	62
1	63	1	0	341.6043165467626	123.25539568345324	0	63
1	64	1	2	312.3103448275862	122.4704433497537	0	64
1	65	1	1	103.44630872483222	124.97651006711409	0	65
1	66	1	0	215.79891304347825	124.75	0	66
1	67	1	1	452.6150627615063	121.84518828451883	0	67
1	68	1	1	26.967413441955195	130.122199592668	0	68
1	69	1	0	243.40522875816993	134.13398692810458	0	69
1	70	1	0	397.3618784530387	135.84254143646407	0	70
1	71	1	0	501.4925053533191	135.34689507494647	0	71
1	72	1	0	171.04232804232805	136.68253968253967	0	72
1	73	1	0	278.3617886178862	138.3780487804878	0	73
1	74	1	4	446.734375	141.74107142857142	0	74
1	75	1	0	111.96135265700484	141.1304347826087	0	75
1	76	1	1	210.04469273743015	142.89385474860336	0	76
1	77	1	1	151.95808383233532	148.37125748502993	0	77
1	78	1	0	96.97909407665506	149.14285714285714	0	78
1	79	1	0	331.73762376237624	152.87128712871288	0	79
1	80	1	1	252.06382978723406	155.79787234042553	0	80
1	81	1	2	288.30384615384617	155.2846153846154	0	81
1	82	1	0	199.8566176470588	159.29779411764707	0	82
1	83	1	8	366.59589041095893	156.3173515981735	0	83
1	84	1	1	436.29741379310343	158.81896551724137	0	84
1	85	1	1	231.932	161.772	0	85
1	86	1	0	460.921875	160.8203125	0	86
1	87	1	1	46.380246913580244	160.11604938271606	0	87
1	88	1	0	131.32044198895028	160.48066298342542	0	88
1	89	1	1	312.646875	164.196875	0	89
1	90	1	0	380.5493975903614	169.43132530120482	0	90
1	91	1	41	419.3727272727273	166.08636363636364	0	91
1	92	1	0	484.21410579345087	168.9345088161209	0	92
1	93	1	1	104.082	175.216	0	93
1	94	1	1	19.7409200968523	176.8232445520581	0	94
1	95	1	34	348.73556797020484	174.71322160148975	0	95
1	96	1	1	255.27436823104694	182.19494584837545	0	96
1	97	1	1	51.12971698113208	183.88443396226415	0	97
1	98	1	1	120.33668341708542	184.95979899497488	0	98
1	99	1	0	395.29545454545456	188.0568181818182	0	99
1	100	1	0	280.8630573248408	189.04777070063693	0	100
1	101	1	3	194.20845921450152	189.92447129909365	0	101
1	102	1	5	345.29041916167665	192.4431137724551	0	102
1	103	1	0	3.3405797101449277	193.43478260869566	0	103
1	104	1	0	232.16296296296295	195.36666666666667	0	104
1	105	1	0	473.60289855072466	195.8753623188406	0	105
1	106	1	0	323.5920245398773	194.7116564417178	0	106
1	107	1	0	410.61168384879727	195.84192439862542	0	107
1	108	1	0	59.461988304093566	202.74269005847952	0	108
1	109	1	0	216.34798534798534	201.6849816849817	0	109
1	110	1	1	418.1312649164678	208.5513126491647	0	110
1	111	1	3	37.265060240963855	209.57530120481928	0	111
1	112	1	2	135.80701754385964	212.67763157894737	0	112
1	113	1	2	304.17922077922077	214.15584415584416	0	113
1	114	1	0	68.1594982078853	218.14336917562724	0	114
1	115	1	0	273.0756578947368	221.95394736842104	0	115
1	116	1	1	434.19114688128775	222.61569416498995	0	116
1	117	1	0	128.35384615384615	227.14615384615385	0	117
1	118	1	0	367.1925925925926	229.17037037037036	0	118
1	119	1	1	229.64502164502164	231.35930735930737	0	119
1	120	1	1	54.358662613981764	234.93920972644378	0	120
1	121	1	1	324.63945578231295	239.96145124716554	0	121
1	122	1	0	343.77142857142854	236.54285714285714	0	122
1	123	1	1	141.98773006134968	239.50306748466258	0	123
1	124	1	2	209.72674418604652	240.53197674418604	0	124
1	125	1	0	91.82513661202186	240.51092896174865	0	125
1	126	1	0	282.2212389380531	241.86725663716814	0	126
1	127	1	0	270.9478827361564	248.75895765472313	0	127
1	128	1	0	51.234432234432234	250.66666666666666	0	128
1	129	1	0	74.88461538461539	248.17032967032966	0	129
1	130	1	0	293.74564459930315	249.6829268292683	0	130
1	131	1	1	24.72822299651568	251.93031358885017	0	131
1	132	1	0	350.211970074813	252.09476309226932	0	132
1	133	1	0	3.1485148514851486	253.6138613861386	0	133
1	134	1	0	484.5444305381727	255.97371714643305	0	134
1	135	1	1	397.9221105527638	255.10552763819095	0	135
1	136	1	0	112.27062706270627	257.63696369636966	0	136
1	137	1	0	217.42307692307693	258.6818181818182	0	137
1	138	1	2	420.29675810473816	259.8528678304239	0	138
1	139	1	0	61.23952095808383	266.9341317365269	0	139
1	140	1	0	175.48504983388705	267.4784053156146	0	140
1	141	1	0	34.5030487804878	270.4878048780488	0	141
1	142	1	0	7.750853242320819	273.61092150170646	0	142
1	143	1	2	356.0176056338028	272.8380281690141	0	143
1	144	1	1	502.7671232876712	272.8835616438356	0	144
1	145	1	8	319.6741573033708	278.2958801498127	0	145
1	146	1	0	386.62717770034845	280.2020905923345	0	146
1	147	1	5	261.44375	279.48125	0	147
1	148	1	0	70.60615384615384	286.24615384615385	0	148
1	149	1	0	197.25597269624572	285.6279863481229	0	149
1	150	1	1	373.6749116607774	287.56890459363956	0	150
1	151	1	3	269.713567839196	289.38693467336685	0	151
1	152	1	0	56.407407407407405	290.4708994708995	0	152
1	153	1	1	7.0588235294117645	293.5450980392157	0	153
1	154	1	0	424.35081967213114	298.7770491803279	0	154
1	155	1	1	230.424317617866	301.6004962779156	0	155
1	156	1	0	50.174041297935105	303.00294985250736	0	156
1	157	1	0	128.79881656804733	307.4852071005917	0	157
1	158	1	1	194.25988700564972	306.638418079096	0	158
1	159	1	0	78.93167701863354	316.5496894409938	0	159
1	160	1	0	341.16608996539793	317.7520184544406	0	160
1	161	1	10	371.7029288702929	322.58995815899584	0	161
1	162	1	1	168.32601880877743	323.8557993730407	0	162
1	163	1	9	20.859232175502743	325.34552102376597	0	163
1	164	1	2	284.64606741573033	328.1629213483146	0	164
1	165	1	0	501.77292576419217	328.117903930131	0	165
1	166	1	0	242.73417721518987	332.8818565400844	0	166
1	167	1	0	411.4	332.968	0	167
1	168	1	20	272.36140350877196	338.18947368421055	0	168
1	169	1	0	400.340206185567	337.25773195876286	0	169
1	170	1	0	459.3093220338983	335.6906779661017	0	170
1	171	1	0	351.31654676258995	341.31654676258995	0	171
1	172	1	0	129.23076923076923	342.7320954907162	0	172
1	173	1	0	361.62931034482756	345.1551724137931	0	173
1	174	1	0	492.45283018867923	347.9496855345912	0	174
1	175	1	0	208.33839479392626	349.2581344902386	0	175
1	176	1	0	445.027397260274	351.5570776255708	0	176
1	177	1	0	144.89411764705883	351.81176470588235	0	177
1	178	1	9	280.1313131313131	353.5050505050505	0	178
1	179	1	1	76.29538461538462	355.28923076923076	0	179
1	180	1	0	335.09082813891365	357.8138913624221	0	180
1	181	1	0	181.47727272727272	364.24242424242425	0	181
1	182	1	0	268.78393351800554	364.9556786703601	0	182
1	183	1	0	411.2118959107807	366.92936802973975	0	183
1	184	1	1	453.5450450450451	368.5855855855856	0	184
1	185	1	0	477.3255813953488	369.63255813953486	0	185
1	186	1	1	500.41509433962267	367.24905660377357	0	186
1	187	1	5	105.15130023640661	373.02364066193854	0	187
1	188	1	0	153.15503875968992	381.6589147286822	0	188
1	189	1	0	508.8333333333333	380.6222222222222	0	189
1	190	1	0	495.01880877742946	389.66457680250784	0	190
1	191	1	0	418.78142076502735	387.8688524590164	0	191
1	192	1	1	42.505226480836235	392.588850174216	0	192
1	193	1	2	458.17317073170733	395.4756097560976	0	193
1	194	1	0	236.40397350993376	398.0044150110375	0	194
1	195	1	0	118.6441717791411	397.12576687116564	0	195
1	196	1	0	201.66404199475065	398.16272965879267	0	196
1	197	1	0	378.68589743589746	399.37820512820514	0	197
1	198	1	0	357.89256198347107	401.6694214876033	0	198
1	199	1	0	5.917695473251029	402.238683127572	0	199
1	200	1	0	147.8421052631579	406.2493074792244	0	200
1	201	1	0	306.4186046511628	409.1831395348837	0	201
1	202	1	9	449.05105105105105	414.45645645645646	0	202
1	203	1	2	498.6673228346457	411.17913385826773	0	203
1	204	1	0	397.1666666666667	411.6722222222222	0	204
1	205	1	0	62.80503144654088	414.5880503144654	0	205
1	206	1	0	262.4356846473029	415.3900414937759	0	206
1	207	1	0	281.80212014134275	418.41696113074204	0	207
1	208	1	1	26.036619718309858	418.3887323943662	0	208
1	209	1	2	152.9375	423.2708333333333	0	209
1	210	1	0	191.05737704918033	421.3551912568306	0	210
1	211	1	1	405.0598958333333	428.8567708333333	0	211
1	212	1	0	80.05637982195846	427.45697329376856	0	212
1	213	1	0	166.6797583081571	429.36253776435046	0	213
1	214	1	0	64.79787234042553	432.1489361702128	0	214
1	215	1	1	300.2685512367491	431.85159010600705	0	215
1	216	1	0	503.2352941176471	435.3267973856209	0	216
1	217	1	0	211.46420824295012	436.76138828633407	0	217
1	218	1	0	350.26701570680626	437.7303664921466	0	218
1	219	1	9	17.31111111111111	440.1644444444444	0	219
1	220	1	0	98.54166666666667	443.25	0	220
1	221	1	0	373.66766467065867	443.73952095808386	0	221
1	222	1	0	473.3557692307692	446.40384615384613	0	222
1	223	1	0	4.537313432835821	448.85074626865674	0	223
1	224	1	0	41.54295532646048	444.8109965635739	0	224
1	225	1	0	258.5561224489796	454.8673469387755	0	225
1	226	1	0	133.18548387096774	457.0282258064516	0	226
1	227	1	2	105.85623003194888	460.8913738019169	0	227
1	228	1	19	433.0223880597015	459.07089552238807	0	228
1	229	1	0	332.65644171779144	465.5	0	229
1	230	1	0	477.0432098765432	465.9938271604938	0	230
1	231	1	0	504.36942675159236	465.54777070063693	0	231
1	232	1	0	223.59351620947632	468.1296758104738	0	232
1	233	1	0	457.76	468.416	0	233
1	234	1	0	178.81472684085512	472.71971496437055	0	234
1	235	1	0	17.28151986183074	473.26943005181346	0	235
1	236	1	0	126.31683168316832	488.519801980198	0	236
1	237	1	0	86.67637540453075	491.0064724919094	0	237
1	238	1	0	260.9708994708995	489.25396825396825	0	238
1	239	1	0	230.04312668463612	491.8787061994609	0	239
1	240	1	0	402.9684210526316	495.62105263157895	0	240
1	241	1	1	416.49184782608694	495.6657608695652	0	241
1	242	1	0	340.92287234042556	494.01063829787233	0	242
1	243	1	0	487.76229508196724	497.3688524590164	0	243
1	244	1	0	173.8125	497.3208333333333	0	244
1	245	1	0	47.545138888888886	500.8611111111111	0	245
1	246	1	0	299.880174291939	500.57080610021785	0	246
1	247	1	1	376.1119402985075	502.71268656716416	0	247
1	248	1	0	390.4419642857143	502.64732142857144	0	248
1	249	1	0	190.28996282527882	503.4498141263941	0	249
1	250	1	0	279.52127659574467	503.6914893617021	0	250
1	251	1	0	13.43558282208589	507.04294478527606	0	251
1	252	1	0	342.1034482758621	507.9103448275862	0	252
1	253	1	0	456.3803680981595	506.90184049079755	0	253
1	254	1	0	475.7557603686636	505.5806451612903	0	254
1	255	1	1	503.6666666666667	507.53333333333336	0	255
2	1	1	2	61.651162790697676	2.8217054263565893	0	1
2	2	1	2	27.418141592920353	18.946902654867255	0	2
2	3	1	2	136.85211267605635	24.904929577464788	0	3
2	4	1	5	47.563559322033896	32.41101694915254	0	4
2	5	1	1	212.4742268041237	37.36426116838488	0	5
2	6	1	2	80.47191011235955	44.453183520599254	0	6
2	7	1	0	185.33098591549296	45.859154929577464	0	7
2	8	1	0	360.50597609561754	47.44223107569721	0	8
2	9	1	1	84.25260416666667	75.02864583333333	0	9
2	10	1	4	176.5888888888889	78.54444444444445	0	10
2	11	1	2	57.59271523178808	86.80794701986756	0	11
2	12	1	3	148.58223684210526	92.17763157894737	0	12
2	13	1	3	124.09765625	92.90625	0	13
2	14	1	2	20.40821917808219	95.17260273972603	0	14
2	15	1	3	103.90710382513662	100.60109289617486	0	15
2	16	1	2	164.62181818181818	107.22909090909091	0	16
2	17	1	2	85.44810126582279	109.50886075949367	0	17
2	18	1	5	213.72893772893772	111.86080586080585	0	18
2	19	1	1	192.3248730964467	123.25380710659898	0	19
2	20	1	1	96.46546546546547	127.56756756756756	0	20
2	21	1	1	3.5961538461538463	125.07692307692308	0	21
2	22	1	0	110.01818181818182	131.36363636363637	0	22
2	23	1	0	43.67801047120419	137.44502617801047	0	23
2	24	1	2	296.85955056179773	136.6011235955056	0	24
2	25	1	3	287.35042735042737	142.6239316239316	0	25
2	26	1	0	156.0	148.46058091286307	0	26
2	27	1	0	127.67272727272727	154.00454545454545	0	27
2	28	1	1	59.40425531914894	151.04255319148936	0	28
2	29	1	1	293.98148148148147	155.44907407407408	0	29
2	30	1	0	16.918088737201366	159.39931740614335	0	30
2	31	1	0	174.0859375	158.75	0	31
2	32	1	0	341.9010989010989	161.4065934065934	0	32
2	33	1	6	119.65471698113207	174.00754716981132	0	33
2	34	1	9	489.99056603773585	173.16666666666666	0	34
2	35	1	0	366.7427385892116	175.60165975103735	0	35
2	36	1	5	47.42553191489362	191.3049645390071	0	36
2	37	1	2	99.19421487603306	193.3181818181818	0	37
2	38	1	0	475.86281588447656	192.4476534296029	0	38
2	39	1	0	459.2519083969466	200.9885496183206	0	39
2	40	1	0	380.2413793103448	202.52586206896552	0	40
2	41	1	1	3.3771428571428572	205.31428571428572	0	41
2	42	1	57	32.996	214.884	0	42
2	43	1	11	54.6764705882353	216.55882352941177	0	43
2	44	1	3	370.50204081632654	216.534693877551	0	44
2	45	1	7	182.96153846153845	216.8397435897436	0	45
2	46	1	5	331.8269230769231	223.35576923076923	0	46
2	47	1	0	67.43511450381679	223.32824427480915	0	47
2	48	1	1	150.03333333333333	226.08095238095237	0	48
2	49	1	2	173.95454545454547	233.21875	0	49
2	50	1	0	40.96551724137931	237.29885057471265	0	50
2	51	1	4	15.892744479495269	243.21451104100947	0	51
2	52	1	3	54.16339869281046	246.90849673202615	0	52
2	53	1	0	357.97682119205297	246.76490066225165	0	53
2	54	1	2	449.36507936507934	247.79365079365078	0	54
2	55	1	0	374.64028776978415	252.31654676258992	0	55
2	56	1	2	398.8233082706767	253.1578947368421	0	56
2	57	1	0	91.72272727272727	253.5818181818182	0	57
2	58	1	1	227.7750472589792	249.92060491493385	0	58
2	59	1	3	169.32804232804233	257.8095238095238	0	59
2	60	1	0	423.22962962962964	257.3037037037037	0	60
2	61	1	0	495.64069264069263	256.995670995671	0	61
2	62	1	2	20.59090909090909	258.26446280991735	0	62
2	63	1	4	216.75402298850574	266.3080459770115	0	63
2	64	1	2	101.09375	265.2869318181818	0	64
2	65	1	4	318.6253298153034	265.85224274406335	0	65
2	66	1	1	439.46456692913387	269.38582677165357	0	66
2	67	1	0	469.5282051282051	272.2205128205128	0	67
2	68	1	0	493.8369230769231	278.7507692307692	0	68
2	69	1	0	410.7947598253275	283.0218340611354	0	69
2	70	1	8	173.6726057906459	283.5746102449889	0	70
2	71	1	2	97.14418604651163	284.51162790697674	0	71
2	72	1	1	303.9086956521739	286.1804347826087	0	72
2	73	1	0	453.0234741784038	286.15492957746477	0	73
2	74	1	1	41.89	292.8466666666667	0	74
2	75	1	1	134.53584905660378	293.0641509433962	0	75
2	76	1	1	448.51141552511416	297.9269406392694	0	76
2	77	1	2	70.37430167597765	299.51675977653633	0	77
2	78	1	1	8.216417910447761	299.32462686567163	0	78
2	79	1	5	95.2420634920635	304.68650793650795	0	79
2	80	1	1	426.8778103616813	304.5767350928641	0	80
2	81	1	2	405.4054054054054	313.8918918918919	0	81
2	82	1	4	335.0743243243243	313.77027027027026	0	82
2	83	1	1	490.6827195467422	312.8413597733711	0	83
2	84	1	3	103.11345646437995	323.4327176781003	0	84
2	85	1	4	179.05426356589146	323.5387596899225	0	85
2	86	1	2	376.7129186602871	323.07655502392345	0	86
2	87	1	3	300.5927051671733	324.1246200607903	0	87
2	88	1	1	3.6973684210526314	328.0328947368421	0	88
2	89	1	4	216.75496688741723	326.79470198675494	0	89
2	90	1	0	28.684563758389263	330.3758389261745	0	90
2	91	1	2	165.03465346534654	334.65841584158414	0	91
2	92	1	0	358.3872832369942	334.8901734104046	0	92
2	93	1	3	62.241379310344826	338.10775862068965	0	93
2	94	1	0	226.9712643678161	337.32183908045977	0	94
2	95	1	1	425.3785046728972	340.00467289719626	0	95
2	96	1	1	119.35840707964601	340.9911504424779	0	96
2	97	1	1	140.16355140186917	340.3644859813084	0	97
2	98	1	2	196.67562380038387	343.6717850287908	0	98
2	99	1	2	290.80645161290323	346.01433691756273	0	99
2	100	1	2	80.5578947368421	347.6140350877193	0	100
2	101	1	0	272.63709677419354	348.78225806451616	0	101
2	102	1	2	327.1014492753623	348.68599033816423	0	102
2	103	1	3	356.1306306306306	355.02702702702703	0	103
2	104	1	2	49.476351351351354	358.84797297297297	0	104
2	105	1	0	129.5	358.2043010752688	0	105
2	106	1	1	167.27777777777777	360.8119658119658	0	106
2	107	1	2	217.0650406504065	361.8455284552846	0	107
2	108	1	1	3.5891472868217056	362.7906976744186	0	108
2	109	1	3	494.8321167883212	365.4160583941606	0	109
2	110	1	0	179.88888888888889	374.31800766283527	0	110
2	111	1	2	325.7668918918919	375.27027027027026	0	111
2	112	1	1	445.2695652173913	376.61739130434785	0	112
2	113	1	1	424.8816199376947	378.1557632398754	0	113
2	114	1	0	18.473441108545035	376.0461893764434	0	114
2	115	1	1	233.36514522821577	381.701244813278	0	115
2	116	1	2	370.5118343195266	385.1952662721894	0	116
2	117	1	2	298.41013824884794	386.2488479262673	0	117
2	118	1	1	81.66804979253112	390.402489626556	0	118
2	119	1	1	452.3212851405622	390.9598393574297	0	119
2	120	1	0	431.8828125	394.16796875	0	120
2	121	1	3	171.01612903225808	400.36290322580646	0	121
2	122	1	2	393.12363636363636	402.4290909090909	0	122
2	123	1	1	261.0574948665298	403.0246406570842	0	123
2	124	1	1	19.757475083056477	400.4950166112957	0	124
2	125	1	0	488.78042959427205	403.35322195704055	0	125
2	126	1	0	354.3323863636364	401.72159090909093	0	126
2	127	1	2	409.70347003154575	407.00946372239747	0	127
2	128	1	0	82.16465863453816	410.5421686746988	0	128
2	129	1	2	344.39130434782606	411.5177865612648	0	129
2	130	1	1	5.803030303030303	411.64646464646466	0	130
2	131	1	1	130.7946127946128	411.3636363636364	0	131
2	132	1	0	279.0	414.23333333333335	0	132
2	133	1	0	183.72815533980582	413.5145631067961	0	133
2	134	1	1	214.37908496732027	417.2570806100218	0	134
2	135	1	1	449.79695431472084	415.8984771573604	0	135
2	136	1	2	159.2962962962963	430.57549857549856	0	136
2	137	1	1	91.38214285714285	427.8178571428571	0	137
2	138	1	2	175.18930041152262	427.63786008230454	0	138
2	139	1	0	233.33067729083666	430.2589641434263	0	139
2	140	1	2	54.702127659574465	434.1010638297872	0	140
2	141	1	1	401.7245283018868	435.50943396226415	0	141
2	142	1	3	35.471774193548384	437.0524193548387	0	142
2	143	1	0	440.853125	441.875	0	143
2	144	1	1	199.0660792951542	441.40088105726875	0	144
2	145	1	7	303.1816037735849	439.3160377358491	0	145
2	146	1	3	481.43007915567284	445.0052770448549	0	146
2	147	1	0	331.06774193548387	445.7741935483871	0	147
2	148	1	2	266.6525	445.575	0	148
2	149	1	0	72.59336099585062	448.92116182572613	0	149
2	150	1	0	291.4984520123839	452.8204334365325	0	150
2	151	1	0	315.86486486486484	452.6216216216216	0	151
2	152	1	0	413.2760736196319	453.21165644171776	0	152
2	153	1	2	353.6115702479339	455.42148760330576	0	153
2	154	1	0	160.02952029520296	456.35055350553506	0	154
2	155	1	0	14.769647696476964	457.4661246612466	0	155
2	156	1	0	463.6542056074766	455.5327102803738	0	156
2	157	1	1	208.3795918367347	460.77142857142854	0	157
2	158	1	0	99.84876543209876	462.141975308642	0	158
2	159	1	1	274.20494699646645	467.25441696113074	0	159
2	160	1	0	81.58467741935483	471.24798387096774	0	160
2	161	1	2	127.6993006993007	472.77972027972027	0	161
2	162	1	0	442.7446153846154	473.1446153846154	0	162
2	163	1	1	322.03867403314916	478.6160220994475	0	163
2	164	1	1	490.29855072463766	485.1449275362319	0	164
2	165	1	2	243.236301369863	486.16438356164383	0	165
2	166	1	0	406.70454545454544	485.25	0	166
2	167	1	1	157.9607843137255	486.4313725490196	0	167
2	168	1	0	180.97165991902833	490.2550607287449	0	168
2	169	1	1	381.63793103448273	489.0551724137931	0	169
2	170	1	0	44.213213213213216	492.27927927927925	0	170
2	171	1	1	85.20091324200914	493.86301369863014	0	171
2	172	1	0	144.35907335907336	495.2895752895753	0	172
2	173	1	0	277.8789237668162	495.6726457399103	0	173
2	174	1	0	477.72444444444443	498.28444444444443	0	174
2	175	1	0	221.42543859649123	500.04824561403507	0	175
2	176	1	0	455.96485623003196	501.40575079872207	0	176
2	177	1	0	239.534375	504.384375	0	177
2	178	1	0	147.6013986013986	506.958041958042	0	178
2	179	1	1	328.6479591836735	504.875	0	179
2	180	1	0	101.01993355481727	505.67109634551497	0	180
2	181	1	0	124.62886597938144	505.7886597938144	0	181
2	182	1	0	178.62424242424242	506.56969696969696	0	182
2	183	1	0	501.2763157894737	506.67763157894734	0	183
3	1	1	1	164.3675	8.9225	0	1
3	2	1	0	193.32258064516128	3.032258064516129	0	2
3	3	1	0	239.95808383233532	5.6467065868263475	0	3
3	4	1	0	437.76190476190476	2.7023809523809526	0	4
3	5	1	0	478.9433962264151	3.330188679245283	0	5
3	6	1	0	331.9414893617021	11.854609929078014	0	6
3	7	1	1	272.2193308550186	6.862453531598513	0	7
3	8	1	0	350.57142857142856	4.634920634920635	0	8
3	9	1	0	201.56048387096774	10.69758064516129	0	9
3	10	1	1	77.09456264775413	12.976359338061465	0	10
3	11	1	0	37.20738636363637	15.553977272727273	0	11
3	12	1	0	504.88380281690144	19.947183098591548	0	12
3	13	1	0	368.68913857677904	21.258426966292134	0	13
3	14	1	0	385.6921296296296	23.13425925925926	0	14
3	15	1	1	138.26402640264027	25.06930693069307	0	15
3	16	1	0	11.402912621359222	26.703883495145632	0	16
3	17	1	0	287.2659409020218	28.216174183514774	0	17
3	18	1	0	458.2492581602374	32.37388724035608	0	18
3	19	1	14	414.53314917127074	32.29281767955801	0	19
3	20	1	0	132.81560283687944	39.36879432624114	0	20
3	21	1	18	435.56877323420076	39.089219330855016	0	21
3	22	1	0	474.52698412698413	41.403174603174605	0	22
3	23	1	0	103.54310344827586	42.19252873563219	0	23
3	24	1	0	3.081081081081081	46.21621621621622	0	24
3	25	1	0	302.19023136246784	45.77892030848329	0	25
3	26	1	0	230.83905013192611	49.53562005277045	0	26
3	27	1	8	431.81944444444446	52.451388888888886	0	27
3	28	1	1	496.0255102040816	50.454081632653065	0	28
3	29	1	1	124.24307692307693	67.50769230769231	0	29
3	30	1	0	347.81724137931036	66.77241379310345	0	30
3	31	1	0	190.2373540856031	66.73540856031128	0	31
3	32	1	0	250.64745011086475	67.06873614190687	0	32
3	33	1	0	77.11374407582939	69.36492890995261	0	33
3	34	1	2	294.53801169590645	69.17836257309942	0	34
3	35	1	0	4.0583941605839415	70.53284671532846	0	35
3	36	1	0	508.4895833333333	73.125	0	36
3	37	1	46	44.60548523206751	72.09493670886076	0	37
3	38	1	0	91.14925373134328	73.33830845771145	0	38
3	39	1	0	160.55678670360112	78.52908587257618	0	39
3	40	1	1	313.52988047808765	78.17529880478088	0	40
3	41	1	1	110.30097087378641	82.57766990291262	0	41
3	42	1	0	415.5253863134658	86.86975717439293	0	42
3	43	1	0	463.91641791044776	89.74328358208955	0	43
3	44	1	1	324.7760617760618	90.84169884169884	0	44
3	45	1	0	482.0990990990991	90.77777777777777	0	45
3	46	1	0	250.4516129032258	92.88856304985337	0	46
3	47	1	1	383.50759878419456	95.22796352583586	0	47
3	48	1	0	184.88389513108615	97.72284644194757	0	48
3	49	1	3	235.45847176079735	100.5016611295681	0	49
3	50	1	0	500.14760147601476	100.2730627306273	0	50
3	51	1	0	352.4607508532423	104.35836177474403	0	51
3	52	1	1	295.0642857142857	104.26071428571429	0	52
3	53	1	2	263.4981684981685	109.32600732600733	0	53
3	54	1	0	10.691449814126393	108.7639405204461	0	54
3	55	1	1	92.46444444444444	109.13555555555556	0	55
3	56	1	2	119.84511784511784	111.22558922558923	0	56
3	57	1	14	151.18279569892474	112.69354838709677	0	57
3	58	1	0	369.42543859649123	112.73684210526316	0	58
3	59	1	0	381.7242647058824	118.51838235294117	0	59
3	60	1	0	505.6890756302521	118.09663865546219	0	60
3	61	1	0	406.78328173374615	116.80185758513932	0	61
3	62	1	0	322.6292134831461	120.84269662921348	0	62
3	63	1	1	127.92372881355932	124.49152542372882	0	63
3	64	1	0	293.9551724137931	122.15172413793104	0	64
3	65	1	2	160.65373961218836	123.65373961218836	0	65
3	66	1	9	33.63652482269504	127.20567375886525	0	66
3	67	1	1	376.55479452054794	132.78082191780823	0	67
3	68	1	0	344.77862595419845	131.8969465648855	0	68
3	69	1	6	288.86605080831407	141.22632794457274	0	69
3	70	1	0	498.7314049586777	141.61570247933884	0	70
3	71	1	0	4.127167630057803	141.4508670520231	0	71
3	72	1	7	266.448132780083	143.4896265560166	0	72
3	73	1	1	18.07857142857143	147.86428571428573	0	73
3	74	1	2	242.32978723404256	145.60638297872342	0	74
3	75	1	4	149.43122676579927	149.27881040892194	0	75
3	76	1	1	64.96794871794872	146.07264957264957	0	76
3	77	1	0	331.7824427480916	149.34732824427482	0	77
3	78	1	0	404.0374639769452	152.88184438040346	0	78
3	79	1	1	171.9286956521739	159.2591304347826	0	79
3	80	1	1	127.07655502392345	157.5933014354067	0	80
3	81	1	27	264.0524017467249	157.6986899563319	0	81
3	82	1	0	355.88813559322034	159.8779661016949	0	82
3	83	1	4	246.1259259259259	159.28518518518518	0	83
3	84	1	1	498.04923076923075	162.0676923076923	0	84
3	85	1	1	340.63775510204084	164.19897959183675	0	85
3	86	1	0	376.9580152671756	172.63740458015266	0	86
3	87	1	1	393.3333333333333	174.31391585760517	0	87
3	88	1	1	331.468	178.96	0	88
3	89	1	2	318.0	183.6494252873563	0	89
3	90	1	0	354.6953642384106	185.00331125827816	0	90
3	91	1	0	441.81205673758865	184.25531914893617	0	91
3	92	1	0	32.19331395348837	184.32558139534885	0	92
3	93	1	5	237.27906976744185	186.1328903654485	0	93
3	94	1	2	294.8666666666667	185.42777777777778	0	94
3	95	1	0	411.79289940828403	190.66863905325442	0	95
3	96	1	0	308.6686046511628	193.74418604651163	0	96
3	97	1	0	464.003663003663	193.13186813186815	0	97
3	98	1	0	493.86512524084776	193.59922928709057	0	98
3	99	1	1	191.47354497354496	196.76719576719577	0	99
3	100	1	0	278.5	200.83870967741936	0	100
3	101	1	1	99.70868347338936	201.58543417366946	0	101
3	102	1	1	60.09031198686371	210.1494252873563	0	102
3	103	1	1	184.0675	216.005	0	103
3	104	1	0	5.1157407407407405	211.7037037037037	0	104
3	105	1	2	20.60037002775208	224.70952821461609	0	105
3	106	1	2	427.63396226415097	223.06037735849057	0	106
3	107	1	0	312.2077464788732	226.41901408450704	0	107
3	108	1	1	481.76553672316385	228.14406779661016	0	108
3	109	1	2	286.36430317848414	230.47432762836186	0	109
3	110	1	1	166.9777777777778	228.14074074074074	0	110
3	111	1	0	254.95505617977528	235.9438202247191	0	111
3	112	1	0	387.656330749354	234.96124031007753	0	112
3	113	1	4	128.34754797441366	237.60341151385927	0	113
3	114	1	1	162.15422885572139	241.18407960199005	0	114
3	115	1	1	447.782	241.03	0	115
3	116	1	0	362.6109090909091	246.41454545454545	0	116
3	117	1	0	33.333333333333336	246.62626262626262	0	117
3	118	1	0	253.2487922705314	252.46859903381642	0	118
3	119	1	0	146.18064516129033	254.75483870967741	0	119
3	120	1	0	225.69543147208122	252.1776649746193	0	120
3	121	1	1	39.66009852216749	259.8226600985222	0	121
3	122	1	1	235.6782608695652	260.54782608695655	0	122
3	123	1	1	220.1095406360424	267.2720848056537	0	123
3	124	1	1	483.44827586206895	266.8888888888889	0	124
3	125	1	1	18.529040404040405	270.4823232323232	0	125
3	126	1	1	142.5309973045822	272.0323450134771	0	126
3	127	1	0	373.3169014084507	275.3098591549296	0	127
3	128	1	0	319.4488778054863	270.84788029925187	0	128
3	129	1	44	406.47289156626505	275.56626506024094	0	129
3	130	1	0	3.3015873015873014	279.42063492063494	0	130
3	131	1	0	501.6745098039216	278.81176470588235	0	131
3	132	1	0	468.739898989899	281.37626262626264	0	132
3	133	1	1	270.8781725888325	286.92893401015226	0	133
3	134	1	1	224.57853403141362	291.0811518324607	0	134
3	135	1	1	308.25387596899225	292.1143410852713	0	135
3	136	1	0	165.01090909090908	297.03636363636366	0	136
3	137	1	0	474.74149659863946	299.08843537414964	0	137
3	138	1	0	382.2172211350294	304.7651663405088	0	138
3	139	1	1	504.13544668587895	308.27377521613835	0	139
3	140	1	18	6.858381502890174	305.77456647398844	0	140
3	141	1	1	76.78718535469108	307.1601830663616	0	141
3	142	1	0	451.76658476658474	309.4127764127764	0	142
3	143	1	0	469.492795389049	322.5244956772334	0	143
3	144	1	0	416.4503311258278	324.2119205298013	0	144
3	145	1	2	123.12202380952381	324.2083333333333	0	145
3	146	1	1	315.4192037470726	325.9789227166276	0	146
3	147	1	1	78.77620967741936	328.4818548387097	0	147
3	148	1	1	396.81675392670155	333.8324607329843	0	148
3	149	1	12	203.71045576407508	335.0857908847185	0	149
3	150	1	0	6.0	338.9409836065574	0	150
3	151	1	2	169.23293172690762	337.0843373493976	0	151
3	152	1	1	241.05873261205565	338.57341576506957	0	152
3	153	1	0	428.7867647058824	342.41911764705884	0	153
3	154	1	3	357.41282051282053	344.47435897435895	0	154
3	155	1	0	472.82272727272726	354.41136363636366	0	155
3	156	1	2	134.0907668231612	357.829420970266	0	156
3	157	1	33	61.887133182844245	363.50112866817153	0	157
3	158	1	4	336.43	365.06333333333333	0	158
3	159	1	1	286.22	365.9033333333333	0	159
3	160	1	0	226.81012658227849	371.9651898734177	0	160
3	161	1	0	388.75897435897434	372.54358974358973	0	161
3	162	1	2	192.51884057971014	379.4463768115942	0	162
3	163	1	42	501.14285714285717	383.9667774086379	0	163
3	164	1	0	9.242424242424242	383.6161616161616	0	164
3	165	1	1	32.93563218390805	391.2689655172414	0	165
3	166	1	1	435.59935897435895	391.55128205128204	0	166
3	167	1	2	307.98107255520506	392.38801261829656	0	167
3	168	1	0	205.05555555555554	395.7148148148148	0	168
3	169	1	4	172.22683706070288	397.0063897763578	0	169
3	170	1	50	252.6117824773414	401.095166163142	0	170
3	171	1	43	452.07878787878786	408.93939393939394	0	171
3	172	1	0	117.84740259740259	411.4123376623377	0	172
3	173	1	2	373.2089201877934	412.8262910798122	0	173
3	174	1	1	488.251572327044	410.40880503144655	0	174
3	175	1	12	78.91706387035272	417.46711153479504	0	175
3	176	1	5	223.51908396946564	419.4936386768448	0	176
3	177	1	2	153.14363143631437	421.99728997289975	0	177
3	178	1	2	271.67041198501875	424.2059925093633	0	178
3	179	1	20	207.6796875	425.4375	0	179
3	180	1	0	495.5219298245614	425.4824561403509	0	180
3	181	1	8	300.59646539027983	429.7717231222386	0	181
3	182	1	5	439.48214285714283	428.13214285714287	0	182
3	183	1	1	353.34840425531917	433.0079787234043	0	183
3	184	1	2	134.19426751592357	429.45541401273886	0	184
3	185	1	0	384.7078189300411	444.48559670781896	0	185
3	186	1	0	501.66597510373447	451.36099585062243	0	186
3	187	1	1	256.56934306569343	454.1459854014599	0	187
3	188	1	0	349.69166666666666	454.5388888888889	0	188
3	189	1	0	417.6360655737705	454.35081967213114	0	189
3	190	1	0	106.14642857142857	456.3107142857143	0	190
3	191	1	1	297.4457831325301	468.3092369477912	0	191
3	192	1	0	383.8394308943089	469.9207317073171	0	192
3	193	1	0	205.58520900321543	471.427652733119	0	193
3	194	1	4	146.08714596949892	479.11764705882354	0	194
3	195	1	1	182.45348837209303	478.72093023255815	0	195
3	196	1	0	77.4251968503937	484.34120734908134	0	196
3	197	1	1	259.7433628318584	484.89085545722713	0	197
3	198	1	0	330.5104895104895	483.36013986013984	0	198
3	199	1	0	42.66752577319588	483.5618556701031	0	199
3	200	1	0	494.39884393063585	486.90751445086704	0	200
3	201	1	0	108.47863247863248	487.05413105413106	0	201
3	202	1	1	399.5935828877005	491.7513368983957	0	202
3	203	1	0	196.53899480069325	495.5112651646447	0	203
3	204	1	0	126.07303370786516	505.5730337078652	0	204
3	205	1	0	259.8339768339768	505.6138996138996	0	205
3	206	1	0	40.562248995983936	506.13253012048193	0	206
3	207	1	5	149.32624113475177	508.4609929078014	0	207
3	208	1	0	310.5846774193548	505.64516129032256	0	208
3	209	1	0	459.56363636363636	507.8090909090909	0	209
