ImageNumber	ObjectNumber	Children_PLA_Count	Location_Center_X	Location_Center_Y	Location_Center_Z	Number_Object_Number	Parent_Nuclei
1	1	2	24.679738562091504	14.793300653594772	0	1	1
1	2	0	87.95019920318725	4.701195219123506	0	2	2
1	3	0	185.9561403508772	5.782894736842105	0	3	3
1	4	0	404.6434108527132	9.660206718346254	0	4	4
1	5	0	349.81140350877195	14.17251461988304	0	5	5
1	6	0	470.86134969325155	11.10920245398773	0	6	6
1	7	1	237.75830564784053	16.296511627906977	0	7	7
1	8	2	139.09948032665181	12.503340757238307	0	8	8
1	9	0	206.81322505800463	17.709976798143853	0	9	9
1	10	0	425.4688524590164	28.05655737704918	0	10	10
1	11	0	447.17593790426906	22.566623544631305	0	11	11
1	12	0	89.56928508384819	23.101500441306268	0	12	12
1	13	0	312.2670349907919	17.44659300184162	0	13	13
1	14	1	491.69140625	27.5634765625	0	14	14
1	15	5	134.92079207920793	35.43234323432343	0	15	15
1	16	1	193.25557620817844	35.70724907063197	0	16	16
1	17	1	50.467808930425754	39.07165109034268	0	17	17
1	18	0	331.3486381322957	46.87937743190661	0	18	18
1	19	0	500.7	51.806666666666665	0	19	19
1	20	0	295.7262021589794	42.599607458292446	0	20	20
1	21	0	266.28196147110333	35.12434325744308	0	21	21
1	22	4	106.97346368715084	47.427374301675975	0	22	22
1	23	0	468.86133768352363	42.90538336052202	0	23	23
1	24	0	450.9654528478058	61.337068160597575	0	24	24
1	25	3	253.8389760528489	62.84723369116433	0	25	25
1	26	0	386.61660978384526	55.039817974971555	0	26	26
1	27	2	186.1526132404181	58.84529616724738	0	27	27
1	28	3	129.76396648044692	66.2108938547486	0	28	28
1	29	0	79.10977157360406	66.04568527918782	0	29	29
1	30	1	292.42108262108263	78.73219373219374	0	30	30
1	31	0	207.92013129102844	83.43380743982495	0	31	31
1	32	0	474.8447773616313	90.18518518518519	0	32	32
1	33	0	94.08665008291874	106.70812603648424	0	33	33
1	34	1	374.90010090817356	104.38496468213926	0	34	34
1	35	1	413.6104707012488	111.82708933717579	0	35	35
1	36	2	271.0780711825488	119.31630309988519	0	36	36
1	37	0	241.14909090909092	141.12207792207792	0	37	37
1	38	1	361.1068849301878	145.82667308618198	0	38	38
1	39	1	203.94615021256496	146.8852149267832	0	39	39
1	40	16	307.6696212731668	137.3102336825141	0	40	40
1	41	0	10.629750271444083	154.4158523344191	0	41	41
1	42	0	437.32390631904553	155.39681838267785	0	42	42
1	43	0	491.28138323069635	157.5973472288015	0	43	43
1	44	0	279.68028419182946	166.37833037300177	0	44	44
1	45	1	317.9230769230769	165.82875457875457	0	45	45
1	46	1	167.0054780876494	166.3894422310757	0	46	46
1	47	1	346.0559295701709	186.03521491455206	0	47	47
1	48	0	409.92039355992847	190.3000894454383	0	48	48
1	49	0	62.598930481283425	193.8139037433155	0	49	49
1	50	1	154.98100922409117	204.415626695605	0	50	50
1	51	2	455.5129166666667	213.89125	0	51	51
1	52	2	229.83461538461538	218.60288461538462	0	52	52
1	53	3	266.4933259176863	218.10289210233591	0	53	53
1	54	1	296.53073029645697	220.13232104121474	0	54	54
1	55	2	43.513103448275864	225.73885057471264	0	55	55
1	56	1	9.81081081081081	228.33530405405406	0	56	56
1	57	1	331.6780854059127	228.76161426560301	0	57	57
1	58	3	382.4037392622537	228.0712481051036	0	58	58
1	59	0	190.16481563749446	232.35406486006218	0	59	59
1	60	0	135.35259834871297	242.2792617775619	0	60	60
1	61	0	89.50705697856769	257.18975431259804	0	61	61
1	62	1	417.59756742464305	264.77525118984664	0	62	62
1	63	0	378.1790940766551	269.09547038327526	0	63	63
1	64	1	45.97145822522055	271.20186818889465	0	64	64
1	65	3	308.67870826491514	271.85495347564313	0	65	65
1	66	2	264.0502402795981	274.30755788553955	0	66	66
1	67	0	169.04248861911987	279.2210419828022	0	67	67
1	68	0	112.82465753424657	282.0931506849315	0	68	68
1	69	2	210.17072147651007	294.7361577181208	0	69	69
1	70	1	351.0723465016659	294.29652546406476	0	70	70
1	71	0	135.54778554778554	291.3061383061383	0	71	71
1	72	0	75.26169405815423	300.30910240202275	0	72	72
1	73	0	16.845174973488866	304.2576882290562	0	73	73
1	74	3	404.8826815642458	304.2953910614525	0	74	74
1	75	0	124.73333333333333	318.005	0	75	75
1	76	1	287.800388852884	312.86195722618277	0	76	76
1	77	0	501.0448343079922	313.17836257309943	0	77	77
1	78	0	162.11004784688996	322.4035087719298	0	78	78
1	79	0	434.1371386212009	323.0963676797628	0	79	79
1	80	2	52.554038004750595	331.1751781472684	0	80	80
1	81	1	98.04490690032858	336.3773274917853	0	81	81
1	82	0	389.27272727272725	335.05956112852664	0	82	82
1	83	0	309.56268882175226	336.3987915407855	0	83	83
1	84	1	128.86768676867686	353.4023402340234	0	84	84
1	85	1	154.18558077436583	349.65687583444594	0	85	85
1	86	0	207.31722791605662	356.9663250366032	0	86	86
1	87	0	333.9132266217355	356.9283909014322	0	87	87
1	88	1	421.05595238095236	360.23809523809524	0	88	88
1	89	0	20.120906801007557	360.4036523929471	0	89	89
1	90	1	242.19981238273922	359.8874296435272	0	90	90
1	91	1	273.36847290640395	358.4689655172414	0	91	91
1	92	1	364.2311614730878	363.8645892351275	0	92	92
1	93	2	312.0142671854734	373.4098573281453	0	93	93
1	94	0	291.86717267552183	371.58254269449714	0	94	94
1	95	0	166.36793372319687	378.55847953216374	0	95	95
1	96	1	57.98873873873874	378.03873873873874	0	96	96
1	97	0	259.3448275862069	382.02134646962236	0	97	97
1	98	0	9.98019801980198	391.1798679867987	0	98	98
1	99	1	387.2382271468144	396.216620498615	0	99	99
1	100	0	423.3426061493411	396.7503660322108	0	100	100
1	101	1	107.42001015744033	396.93600812595224	0	101	101
1	102	0	224.21230307576894	397.384096024006	0	102	102
1	103	1	301.63187195546277	403.0473208072373	0	103	103
1	104	0	262.0674955595027	408.050621669627	0	104	104
1	105	1	436.41518386714114	424.58837485172006	0	105	105
1	106	1	141.24189114898294	423.64376030786144	0	106	106
1	107	1	351.3156366652841	425.8822065532974	0	107	107
1	108	0	30.41772823779193	428.6369426751592	0	108	108
1	109	1	178.55421052631579	428.8	0	109	109
1	110	1	297.85918591859183	436.52145214521454	0	110	110
1	111	1	240.3719806763285	437.6903381642512	0	111	111
1	112	1	458.56067832538423	452.5786963434022	0	112	112
1	113	0	200.53702051739518	456.97323818019623	0	113	113
1	114	7	324.422236503856	463.5224935732648	0	114	114
1	115	0	77.4928774928775	459.06267806267806	0	115	115
1	116	0	50.276653171390016	458.8481781376518	0	116	116
1	117	0	164.25382003395586	468.4923599320883	0	117	117
1	118	0	415.5160610847815	469.86729857819904	0	118	118
1	119	0	215.64472190692396	478.1237230419977	0	119	119
1	120	2	278.85310734463275	475.6925612052731	0	120	120
1	121	0	99.51794657762939	483.37979966611016	0	121	121
1	122	0	243.1327160493827	481.1111111111111	0	122	122
1	123	0	350.45839017735335	483.1705320600273	0	123	123
1	124	0	480.8258883248731	489.67157360406094	0	124	124
1	125	0	45.38145161290323	492.23709677419356	0	125	125
1	126	1	398.91702679343126	493.2981849611063	0	126	126
1	127	0	185.22250970245796	494.33247089262613	0	127	127
1	128	0	150.39662447257385	492.76371308016877	0	128	128
1	129	0	225.5102880658436	502.39506172839504	0	129	129
1	130	0	345.17107942973524	505.26476578411405	0	130	130
1	131	1	20.790446841294298	501.7750385208012	0	131	131
1	132	0	130.29326923076923	504.11538461538464	0	132	132
1	133	0	202.59259259259258	504.3703703703704	0	133	133
1	134	0	256.5377574370709	504.7139588100687	0	134	134
1	135	1	296.8998435054773	504.3974960876369	0	135	135
1	136	1	378.7376033057851	503.39462809917353	0	136	136
2	1	0	142.4221902017291	14.36599423631124	0	1	1
2	2	1	315.8772727272727	5.6840909090909095	0	2	2
2	3	1	397.5473766640564	13.70634299138606	0	3	3
2	4	0	89.58257918552036	12.177601809954751	0	4	4
2	5	0	47.474654377880185	5.838709677419355	0	5	5
2	6	1	237.50811485642947	16.744069912609238	0	6	6
2	7	0	343.9764344262295	17.339139344262296	0	7	7
2	8	0	502.02587800369685	20.45101663585952	0	8	8
2	9	1	45.38818565400844	25.500301386377334	0	9	9
2	10	0	190.87437603993345	18.232113144758735	0	10	10
2	11	1	113.41872791519435	29.691696113074205	0	11	11
2	12	2	316.54340155257586	33.426958362738176	0	12	12
2	13	1	372.9024029574861	46.21959334565619	0	13	13
2	14	1	435.8238507055075	42.720527992717344	0	14	14
2	15	0	252.22187104930467	47.710493046776236	0	15	15
2	16	1	191.05030071077093	51.08638600328048	0	16	16
2	17	0	292.4201578627808	50.49483910139648	0	17	17
2	18	0	482.39354132457584	47.770114942528735	0	18	18
2	19	1	147.9775429326288	51.920739762219284	0	19	19
2	20	0	272.83663366336634	61.35891089108911	0	20	20
2	21	0	24.70125578321216	62.1969596827495	0	21	21
2	22	0	105.06548223350254	74.56548223350254	0	22	22
2	23	1	334.04774362328317	76.52321778940484	0	23	23
2	24	0	445.78055122204887	87.81903276131045	0	24	24
2	25	0	490.07314285714284	87.532	0	25	25
2	26	0	46.93482309124767	89.23215394165115	0	26	26
2	27	0	166.46958637469587	84.77615571776155	0	27	27
2	28	1	121.68536585365854	106.52276422764227	0	28	28
2	29	5	371.04	99.17647058823529	0	29	29
2	30	2	142.84057971014494	99.92632850241546	0	30	30
2	31	0	11.740489130434783	97.70108695652173	0	31	31
2	32	10	324.86289752650174	105.94134275618374	0	32	32
2	33	1	189.99519230769232	103.75560897435898	0	33	33
2	34	7	249.22908093278463	117.84910836762688	0	34	34
2	35	1	279.1891472868217	112.46459948320414	0	35	35
2	36	1	207.2381606039808	120.52916952642416	0	36	36
2	37	1	26.24505928853755	124.81976284584981	0	37	37
2	38	1	407.5388923459863	111.55507156191662	0	38	38
2	39	1	153.67238211879976	133.58420085731782	0	39	39
2	40	18	415.9233296823658	139.92935377875136	0	40	40
2	41	1	82.98099581908019	133.37058152793614	0	41	41
2	42	2	342.01165331391115	136.57975236707938	0	42	42
2	43	0	218.0418410041841	144.76066945606695	0	43	43
2	44	5	317.2197593413553	156.2615579480684	0	44	44
2	45	0	493.54213483146066	151.8801498127341	0	45	45
2	46	3	280.96102021174204	161.88306063522617	0	46	46
2	47	0	465.905737704918	160.86612021857923	0	47	47
2	48	1	171.43306417339568	168.625584360391	0	48	48
2	49	3	235.13162878787878	174.93560606060606	0	49	49
2	50	5	390.3056603773585	164.2993710691824	0	50	50
2	51	0	374.63170731707316	180.48861788617887	0	51	51
2	52	1	485.62857142857143	186.85378151260505	0	52	52
2	53	1	72.09490156486623	182.20191822311963	0	53	53
2	54	1	110.97407585213634	189.88238118098897	0	54	54
2	55	0	432.69864864864866	191.1081081081081	0	55	55
2	56	2	316.8484848484849	196.94252873563218	0	56	56
2	57	0	371.04983698183514	220.91476478807638	0	57	57
2	58	10	9.691709844559586	213.55958549222797	0	58	58
2	59	1	58.299190090519296	223.49690328727965	0	59	59
2	60	0	321.2044088176353	229.54843019372078	0	60	60
2	61	1	135.01163310961968	233.1476510067114	0	61	61
2	62	1	191.41719342604299	236.1158870627897	0	62	62
2	63	0	15.840864440078585	242.38015717092338	0	63	63
2	64	2	401.60928270042194	253.34092827004218	0	64	64
2	65	1	308.28105323411563	261.5334859759588	0	65	65
2	66	0	42.90736949846469	263.4866939611054	0	66	66
2	67	1	107.87119856887298	267.96556350626116	0	67	67
2	68	0	349.1001908396947	272.587786259542	0	68	68
2	69	2	153.28980623420387	291.6044650379107	0	69	69
2	70	1	226.6843725943033	291.8033102386451	0	70	70
2	71	0	26.037536904259806	305.5272037115141	0	71	71
2	72	3	80.1023976023976	305.79620379620377	0	72	72
2	73	0	312.09386281588445	325.6770958684316	0	73	73
2	74	2	381.3235059760956	340.6019920318725	0	74	74
2	75	1	115.42273441592457	342.2503928758512	0	75	75
2	76	1	492.0556574923547	344.062996941896	0	76	76
2	77	2	75.62223756906077	346.8370165745856	0	77	77
2	78	0	269.1891551071879	345.5393022278268	0	78	78
2	79	2	11.845166809238666	349.29940119760477	0	79	79
2	80	0	47.907685098406745	372.0431115276476	0	80	80
2	81	1	469.6473463687151	374.08798882681566	0	81	81
2	82	3	102.28381219341276	381.9194113524877	0	82	82
2	83	5	295.1688770999116	386.15473032714414	0	83	83
2	84	2	212.79720558882235	387.47664670658685	0	84	84
2	85	0	370.81479840496235	387.4054054054054	0	85	85
2	86	0	131.55401459854014	400.6883211678832	0	86	86
2	87	1	455.2438070404172	403.21447196870923	0	87	87
2	88	0	497.9160768452983	398.9767441860465	0	88	88
2	89	0	422.74198895027627	407.4745856353591	0	89	89
2	90	0	86.22841864018335	412.86325439266614	0	90	90
2	91	0	11.908413205537807	411.702875399361	0	91	91
2	92	0	327.8490298154283	418.76668244202557	0	92	92
2	93	0	241.50052410901466	421.94654088050316	0	93	93
2	94	0	489.29142441860466	430.0850290697674	0	94	94
2	95	0	386.2591954022989	434.23793103448276	0	95	95
2	96	4	356.93531468531467	437.7613636363636	0	96	96
2	97	0	29.356016597510372	435.65145228215766	0	97	97
2	98	1	117.94238683127573	438.19694297472074	0	98	98
2	99	0	60.47899618112384	442.1483906164757	0	99	99
2	100	1	9.788553259141494	454.1160572337043	0	100	100
2	101	0	225.6615969581749	457.9101711026616	0	101	101
2	102	1	460.6329787234043	454.88510638297873	0	102	102
2	103	5	421.96780185758513	461.8922600619195	0	103	103
2	104	0	303.3494525547445	466.0419708029197	0	104	104
2	105	0	83.23915401301518	474.9463123644252	0	105	105
2	106	0	119.75794797687861	474.9313583815029	0	106	106
2	107	1	9.291873963515755	482.9950248756219	0	107	107
2	108	1	271.35073779795687	483.37968217934167	0	108	108
2	109	0	404.567816091954	483.68390804597703	0	109	109
2	110	2	367.4898851831602	483.6200109349371	0	110	110
2	111	1	500.2630501535312	487.6949846468782	0	111	111
2	112	0	136.09831029185867	497.9715821812596	0	112	112
2	113	0	472.47381546134665	495.52784704904406	0	113	113
2	114	0	336.20285714285717	497.62095238095236	0	114	114
2	115	0	43.6104797979798	496.1111111111111	0	115	115
2	116	2	246.422149122807	500.69956140350877	0	116	116
2	117	1	393.8673469387755	503.7270408163265	0	117	117
2	118	5	427.6170212765957	499.0664893617021	0	118	118
3	1	0	12.052395209580839	12.995508982035927	0	1	1
3	2	0	45.29925452609159	10.231096911608093	0	2	2
3	3	0	183.01624129930394	5.923433874709977	0	3	3
3	4	0	264.13950276243094	7.162983425414365	0	4	4
3	5	0	309.32420591456736	9.234392113910186	0	5	5
3	6	0	456.0697969543147	10.41751269035533	0	6	6
3	7	1	421.8383128295255	14.885764499121265	0	7	7
3	8	0	146.95476575121162	8.949919224555735	0	8	8
3	9	0	368.7382063245205	17.93208916537066	0	9	9
3	10	1	107.95859872611464	12.528662420382165	0	10	10
3	11	0	164.71870604781998	27.0210970464135	0	11	11
3	12	0	501.5719895287958	23.55366492146597	0	12	12
3	13	1	255.8154506437768	28.99570815450644	0	13	13
3	14	0	141.70844939647168	38.692664809656456	0	14	14
3	15	2	192.15168897386872	34.31166347992352	0	15	15
3	16	3	99.94985754985755	41.65811965811966	0	16	16
3	17	2	289.7980665950591	46.975832438238456	0	17	17
3	18	1	455.5836713995943	44.31288032454361	0	18	18
3	19	0	67.7682555780933	59.35953346855984	0	19	19
3	20	1	238.75141955835963	56.54826498422713	0	20	20
3	21	3	19.843984962406015	56.87907268170426	0	21	21
3	22	2	412.2326975476839	60.650136239782015	0	22	22
3	23	0	345.5425898572132	60.85179714426391	0	23	23
3	24	2	182.93710691823898	67.91572327044025	0	24	24
3	25	1	206.06881720430107	76.03118279569892	0	25	25
3	26	3	159.15088013411568	77.7015926236379	0	26	26
3	27	3	333.69942528735635	90.77586206896552	0	27	27
3	28	0	230.78548387096774	89.7483870967742	0	28	28
3	29	2	27.07886676875957	87.87059724349157	0	29	29
3	30	1	464.434988179669	88.74704491725768	0	30	30
3	31	2	414.25326633165827	97.54824120603016	0	31	31
3	32	4	113.67634560906515	94.81303116147309	0	32	32
3	33	4	74.25611111111111	102.32777777777778	0	33	33
3	34	2	186.05572139303482	104.2865671641791	0	34	34
3	35	1	500.5736301369863	97.23972602739725	0	35	35
3	36	1	262.1205630354957	105.57282741738067	0	36	36
3	37	4	143.1423076923077	107.77403846153847	0	37	37
3	38	0	494.56149193548384	121.27318548387096	0	38	38
3	39	1	30.130177514792898	117.74704142011835	0	39	39
3	40	3	6.43859649122807	122.3859649122807	0	40	40
3	41	0	446.2306101344364	119.28541882109617	0	41	41
3	42	1	153.6412289395441	129.398414271556	0	42	42
3	43	4	103.61959496442255	133.77339901477833	0	43	43
3	44	6	287.5619266055046	125.89525993883792	0	44	44
3	45	2	195.89226319595082	134.24873463485176	0	45	45
3	46	3	343.82881355932204	129.05197740112993	0	46	46
3	47	1	466.3880597014925	133.7598371777476	0	47	47
3	48	1	225.83242059145672	126.21139101861993	0	48	48
3	49	4	405.8123393316195	134.1165381319623	0	49	49
3	50	3	310.4868131868132	140.55824175824176	0	50	50
3	51	2	241.04795204795204	145.2237762237762	0	51	51
3	52	2	51.172431865828095	148.76781970649895	0	52	52
3	53	1	430.2108150470219	154.81269592476488	0	53	53
3	54	1	8.425981873111782	159.19335347432025	0	54	54
3	55	1	382.44939759036146	158.17168674698794	0	55	55
3	56	5	167.98383696416022	160.2536893886156	0	56	56
3	57	3	269.899855907781	162.26801152737752	0	57	57
3	58	2	466.1207843137255	162.3905882352941	0	58	58
3	59	1	302.9931880108992	166.69754768392372	0	59	59
3	60	7	336.0636846095527	168.79681576952237	0	60	60
3	61	9	136.46852122986823	166.66983894582722	0	61	61
3	62	3	497.82936507936506	164.88888888888889	0	62	62
3	63	7	96.34062727935813	168.2946754194019	0	63	63
3	64	6	228.4643188137164	171.69508804448563	0	64	64
3	65	4	205.15760537568724	184.2645082467929	0	65	65
3	66	2	35.608450704225355	186.356338028169	0	66	66
3	67	4	74.30698889614631	190.30045721750488	0	67	67
3	68	5	492.5390127388535	196.1656050955414	0	68	68
3	69	2	431.048869883934	193.56261453879048	0	69	69
3	70	2	391.16712328767125	193.92260273972602	0	70	70
3	71	1	15.093599449415004	207.05230557467308	0	71	71
3	72	1	122.48883756735951	199.0908391070054	0	72	72
3	73	7	309.041525832931	203.55963302752295	0	73	73
3	74	16	263.9743732590529	200.04735376044567	0	74	74
3	75	5	180.98460508701473	206.8788487282463	0	75	75
3	76	2	465.5323886639676	210.248987854251	0	76	76
3	77	2	135.88288288288288	218.26126126126127	0	77	77
3	78	6	350.812258420762	212.114301490889	0	78	78
3	79	6	154.497643732328	216.35344015080113	0	79	79
3	80	5	60.651058370750484	228.24567030147531	0	80	80
3	81	1	128.45701357466064	226.42533936651583	0	81	81
3	82	2	391.1889699918897	226.14679643146798	0	82	82
3	83	10	240.0198976691302	228.42808413871518	0	83	83
3	84	5	93.74398625429554	228.88831615120276	0	84	84
3	85	3	124.75951417004049	245.6931174089069	0	85	85
3	86	0	504.6630769230769	240.69846153846154	0	86	86
3	87	1	412.92806484295846	241.39108409321176	0	87	87
3	88	1	487.20906801007555	241.56801007556675	0	88	88
3	89	8	166.6643990929705	249.17989417989418	0	89	89
3	90	1	463.28253968253966	243.82857142857142	0	90	90
3	91	3	439.78159126365057	248.902496099844	0	91	91
3	92	25	208.24584103512015	250.30745532963647	0	92	92
3	93	5	334.7062615101289	246.64456721915286	0	93	93
3	94	6	368.83603431839845	256.1963775023832	0	94	94
3	95	18	272.25336454066706	255.65242832065536	0	95	95
3	96	11	23.411718442784114	261.2803775068816	0	96	96
3	97	6	97.90145148968678	267.90603514132926	0	97	97
3	98	7	335.0828125	267.7359375	0	98	98
3	99	2	474.70188133140374	268.2301013024602	0	99	99
3	100	4	403.208	269.97333333333336	0	100	100
3	101	10	66.5389170896785	273.20558375634516	0	101	101
3	102	7	209.34529582929196	285.35305528613	0	102	102
3	103	14	178.67091633466134	283.0103585657371	0	103	103
3	104	3	249.414979757085	280.8252361673414	0	104	104
3	105	2	495.7324894514768	285.43459915611817	0	105	105
3	106	3	353.8245243128964	287.56976744186045	0	106	106
3	107	2	443.60942028985505	285.5927536231884	0	107	107
3	108	6	315.9467524868344	292.33528379169104	0	108	108
3	109	5	29.47350069735007	302.80543933054395	0	109	109
3	110	3	87.91974522292993	298.8891719745223	0	110	110
3	111	3	390.04193254329994	294.3618960802188	0	111	111
3	112	10	54.05608465608466	310.9216931216931	0	112	112
3	113	3	258.4567590260285	305.5726280436608	0	113	113
3	114	4	448.9161585365854	307.5899390243902	0	114	114
3	115	5	120.61925601750546	307.66083150984684	0	115	115
3	116	1	361.7577592732778	318.1302043906132	0	116	116
3	117	4	415.0101910828025	313.07515923566876	0	117	117
3	118	5	484.10439300897497	322.51251771374586	0	118	118
3	119	4	241.03625377643505	330.095166163142	0	119	119
3	120	2	393.24514991181655	334.70899470899474	0	120	120
3	121	0	436.2688796680498	333.1336099585062	0	121	121
3	122	0	286.3198781416603	325.4523990860624	0	122	122
3	123	4	85.09028727770178	323.7072503419973	0	123	123
3	124	4	62.74691358024691	343.04761904761904	0	124	124
3	125	1	102.55577109602328	340.87002909796314	0	125	125
3	126	8	153.63940886699507	338.69310344827585	0	126	126
3	127	6	320.9974315068493	346.51926369863014	0	127	127
3	128	3	194.88284250960308	344.94750320102435	0	128	128
3	129	2	272.27770083102496	359.1724376731302	0	129	129
3	130	0	107.83580858085809	363.54785478547853	0	130	130
3	131	1	236.84471218206158	363.0508701472557	0	131	131
3	132	7	211.68406593406593	369.3534798534798	0	132	132
3	133	8	361.8129285014692	373.61606268364346	0	133	133
3	134	6	162.4330052990159	375.19227857683575	0	134	134
3	135	11	59.495297805642636	379.46350201522614	0	135	135
3	136	5	26.771289537712896	391.7453365774534	0	136	136
3	137	4	111.81543357199682	390.62688941925217	0	137	137
3	138	4	282.77966101694915	392.015593220339	0	138	138
3	139	5	151.70388349514562	396.72208737864077	0	139	139
3	140	8	209.16410537870473	403.940724478595	0	140	140
3	141	3	248.19137168141592	396.3263274336283	0	141	141
3	142	2	177.27530747398296	417.17029328287606	0	142	142
3	143	2	127.16284680337756	422.4354644149578	0	143	143
3	144	3	44.771719038817004	422.3743068391867	0	144	144
3	145	2	148.33924349881798	426.38416075650116	0	145	145
3	146	7	240.97583787996882	428.3624318004677	0	146	146
3	147	0	104.52393272962483	420.08150064683053	0	147	147
3	148	8	278.3192771084337	429.42704149933064	0	148	148
3	149	2	16.845221112696148	428.9607703281027	0	149	149
3	150	2	83.81535947712419	427.30473856209153	0	150	150
3	151	3	62.5332005312085	453.6188579017264	0	151	151
3	152	5	188.14729729729729	446.8472972972973	0	152	152
3	153	3	103.80379746835443	467.3966244725738	0	153	153
3	154	15	145.16608304152075	469.3896948474237	0	154	154
3	155	1	483.3822495606327	469.3264499121265	0	155	155
3	156	36	199.80648191639267	478.07233442930954	0	156	156
3	157	3	268.0910994764398	475.62041884816756	0	157	157
3	158	1	444.21408450704223	493.50422535211266	0	158	158
3	159	1	278.279381443299	501.7505154639175	0	159	159
3	160	3	324.3016627078385	498.1155977830562	0	160	160
3	161	7	397.77487352445195	499.035413153457	0	161	161
4	1	0	77.53862660944206	13.533261802575108	0	1	1
4	2	0	134.86864406779662	8.86864406779661	0	2	2
4	3	0	180.12634671890302	10.861900097943193	0	3	3
4	4	0	383.6733001658375	7.912106135986733	0	4	4
4	5	0	436.4254966887417	7.246688741721854	0	5	5
4	6	0	289.0614754098361	5.954918032786885	0	6	6
4	7	0	13.855280312907432	12.64406779661017	0	7	7
4	8	0	270.5157068062827	10.633507853403142	0	8	8
4	9	3	46.73316391359593	16.541296060991105	0	9	9
4	10	0	314.13641488162347	12.275084554678692	0	10	10
4	11	0	475.38437303087585	18.530560806553247	0	11	11
4	12	0	241.95598591549296	18.0193661971831	0	12	12
4	13	0	413.10176991150445	25.18520859671302	0	13	13
4	14	0	355.24004424778764	23.991150442477878	0	14	14
4	15	0	503.285175879397	24.722361809045225	0	15	15
4	16	0	148.5372733378106	29.688381464069845	0	16	16
4	17	1	219.41509433962264	25.258909853249477	0	17	17
4	18	0	288.3543307086614	34.28346456692913	0	18	18
4	19	0	194.14453961456104	36.394004282655246	0	19	19
4	20	0	56.30395136778115	47.8016717325228	0	20	20
4	21	0	303.7679324894515	51.16033755274262	0	21	21
4	22	1	327.0837438423645	48.110837438423644	0	22	22
4	23	1	224.18671679197996	52.609022556390975	0	23	23
4	24	2	117.12419974391806	51.82842509603073	0	24	24
4	25	0	77.44430051813471	58.031088082901555	0	25	25
4	26	0	174.70924690181124	57.27645376549094	0	26	26
4	27	0	92.48166259168704	58.30195599022005	0	27	27
4	28	0	13.83095615425251	58.79609086106709	0	28	28
4	29	0	288.6840934371524	67.03337041156841	0	29	29
4	30	1	247.7629407351838	66.01875468867217	0	30	30
4	31	1	464.42414995640803	67.74455100261552	0	31	31
4	32	1	196.21849865951742	74.17560321715818	0	32	32
4	33	0	328.53634577603145	70.14145383104126	0	33	33
4	34	0	312.54754098360655	83.59180327868853	0	34	34
4	35	0	47.11078717201166	85.80685131195335	0	35	35
4	36	1	350.7475280158207	85.28806855636124	0	36	36
4	37	0	23.0441400304414	95.4855403348554	0	37	37
4	38	0	226.81833060556465	92.83633387888707	0	38	38
4	39	4	107.89721115537849	92.71553784860558	0	39	39
4	40	1	274.0372381691233	96.50504266873546	0	40	40
4	41	1	143.38884585592564	94.27033307513555	0	41	41
4	42	0	180.27527723418135	98.46771037181996	0	42	42
4	43	0	437.66524216524215	98.93376068376068	0	43	43
4	44	0	74.15342837746097	108.82009504412763	0	44	44
4	45	3	297.25430067314886	115.5908750934929	0	45	45
4	46	0	239.82494684620838	117.02409638554217	0	46	46
4	47	0	400.4933774834437	110.9066225165563	0	47	47
4	48	0	365.9541160593792	113.31241565452092	0	48	48
4	49	0	326.8211678832117	119.17335766423358	0	49	49
4	50	0	110.33858267716535	124.85433070866142	0	50	50
4	51	1	464.98746081504703	120.74686520376176	0	51	51
4	52	1	499.17512437810944	124.37611940298507	0	52	52
4	53	0	137.8438855160451	132.98265394622723	0	53	53
4	54	0	182.18926669397788	135.6640721015977	0	54	54
4	55	0	405.0267857142857	137.51227678571428	0	55	55
4	56	0	33.026343519494205	135.30558482613276	0	56	56
4	57	3	442.1452380952381	145.51269841269843	0	57	57
4	58	1	326.6927374301676	145.59404096834265	0	58	58
4	59	0	303.68414154652686	150.54521625163827	0	59	59
4	60	1	253.76539589442814	147.8966275659824	0	60	60
4	61	1	372.6828897338403	156.14524714828897	0	61	61
4	62	0	101.10508474576271	152.58870056497176	0	62	62
4	63	0	347.8503740648379	159.37531172069825	0	63	63
4	64	2	480.34183673469386	164.0204081632653	0	64	64
4	65	0	407.1317494600432	167.17854571634268	0	65	65
4	66	0	60.12526766595289	158.47430406852249	0	66	66
4	67	5	236.8379674017258	167.16107382550337	0	67	67
4	68	2	81.5504234026174	170.1886066204773	0	68	68
4	69	0	189.21719457013575	166.34162895927602	0	69	69
4	70	1	205.95762711864407	165.82627118644066	0	70	70
4	71	0	128.47738209817132	171.24735322425408	0	71	71
4	72	1	169.73304157549234	170.88183807439825	0	72	72
4	73	2	32.58658256880734	178.6651376146789	0	73	73
4	74	0	276.8011844331641	173.14805414551608	0	74	74
4	75	0	341.4583333333333	180.74747474747474	0	75	75
4	76	0	320.14181818181817	180.56727272727272	0	76	76
4	77	1	149.4791344667697	173.86707882534776	0	77	77
4	78	0	220.38782924613986	188.51861943687555	0	78	78
4	79	0	301.61038961038963	187.41341991341992	0	79	79
4	80	0	494.80841121495325	189.87032710280374	0	80	80
4	81	0	433.69941348973606	185.46407624633432	0	81	81
4	82	1	182.40944017563118	196.39187705817784	0	82	82
4	83	3	151.63285714285715	199.19	0	83	83
4	84	2	110.87028657616892	192.07541478129713	0	84	84
4	85	0	77.0348692403487	200.48443337484434	0	85	85
4	86	0	436.6747868453106	208.6382460414129	0	86	86
4	87	1	274.73413897280966	205.86102719033232	0	87	87
4	88	0	333.7813688212928	208.74334600760457	0	88	88
4	89	1	95.30509641873279	220.2651515151515	0	89	89
4	90	0	502.53028064992617	216.07533234859676	0	90	90
4	91	0	13.014957264957266	214.97649572649573	0	91	91
4	92	0	382.2230769230769	216.5553846153846	0	92	92
4	93	2	197.28047337278107	219.19763313609468	0	93	93
4	94	1	309.39351351351354	229.17405405405407	0	94	94
4	95	0	260.06138613861384	221.64950495049504	0	95	95
4	96	0	339.94357743097237	232.25090036014404	0	96	96
4	97	0	132.68965517241378	226.60866078588612	0	97	97
4	98	0	225.1881785283474	220.23763570566948	0	98	98
4	99	0	163.4469987228608	224.46998722860792	0	99	99
4	100	0	419.2709818979704	235.6204059243006	0	100	100
4	101	0	483.94618055555554	230.27256944444446	0	101	101
4	102	0	54.37650844730491	232.61464199517297	0	102	102
4	103	0	242.46204620462046	233.36963696369637	0	103	103
4	104	0	190.3573407202216	237.42659279778394	0	104	104
4	105	0	261.6801909307876	243.80668257756562	0	105	105
4	106	0	4.865384615384615	239.92307692307693	0	106	106
4	107	0	382.39087947882734	241.81270358306188	0	107	107
4	108	0	451.5347269049225	246.8954821308159	0	108	108
4	109	2	285.59980988593156	241.74049429657794	0	109	109
4	110	0	21.332638164754954	246.8175182481752	0	110	110
4	111	0	91.98053278688525	248.75512295081967	0	111	111
4	112	0	178.1073512252042	255.9124854142357	0	112	112
4	113	1	150.22799295774647	258.61619718309856	0	113	113
4	114	0	211.0940975192472	255.1830624465355	0	114	114
4	115	1	354.07607776838546	253.65934065934067	0	115	115
4	116	0	116.80530973451327	254.75884955752213	0	116	116
4	117	0	503.5896739130435	254.79347826086956	0	117	117
4	118	0	61.69090909090909	260.27878787878785	0	118	118
4	119	0	396.9912917271408	262.50653120464443	0	119	119
4	120	0	242.23958333333334	261.9127604166667	0	120	120
4	121	1	275.8048780487805	264.8689024390244	0	121	121
4	122	1	477.2995991983968	265.4128256513026	0	122	122
4	123	0	307.82613768961494	262.4247374562427	0	123	123
4	124	0	40.30594405594405	265.6206293706294	0	124	124
4	125	0	112.32890855457227	277.2492625368732	0	125	125
4	126	0	501.020366598778	277.4012219959267	0	126	126
4	127	0	387.60291734197733	276.80226904376013	0	127	127
4	128	0	8.88	276.78333333333336	0	128	128
4	129	0	267.2598870056497	277.32485875706215	0	129	129
4	130	0	298.3728489483748	283.07265774378584	0	130	130
4	131	0	246.13950276243094	285.9240331491713	0	131	131
4	132	0	26.348399246704332	283.9491525423729	0	132	132
4	133	0	69.07894736842105	278.8070175438597	0	133	133
4	134	0	362.95680345572356	279.0107991360691	0	134	134
4	135	0	331.17693836978134	281.5596421471173	0	135	135
4	136	0	84.37899543378995	285.513698630137	0	136	136
4	137	0	49.535714285714285	286.22899159663865	0	137	137
4	138	0	200.53771551724137	284.60452586206895	0	138	138
4	139	0	368.72275862068966	297.3034482758621	0	139	139
4	140	1	454.67678193366265	292.1016231474947	0	140	140
4	141	0	277.43220338983053	295.9194915254237	0	141	141
4	142	2	159.92015968063873	287.9630738522954	0	142	142
4	143	0	227.16837315130832	298.4584755403868	0	143	143
4	144	2	62.24199288256228	300.9537366548043	0	144	144
4	145	2	77.28933092224231	309.25678119349004	0	145	145
4	146	0	393.29447852760734	304.53374233128835	0	146	146
4	147	2	499.43647798742137	304.03522012578617	0	147	147
4	148	0	16.604938271604937	306.5308641975309	0	148	148
4	149	0	97.37273823884198	310.04704463208685	0	149	149
4	150	1	169.37260677466864	308.3019145802651	0	150	150
4	151	0	308.27976766698936	310.3049370764763	0	151	151
4	152	0	337.251497005988	307.1736526946108	0	152	152
4	153	0	36.147572815533984	310.80582524271847	0	153	153
4	154	0	419.93966712898754	309.98127600554784	0	154	154
4	155	0	468.828125	309.3578125	0	155	155
4	156	0	195.0051746442432	314.71539456662356	0	156	156
4	157	0	356.69150326797387	319.1843137254902	0	157	157
4	158	0	46.08673469387755	321.6938775510204	0	158	158
4	159	1	117.80434782608695	321.8695652173913	0	159	159
4	160	0	272.8493273542601	319.16950672645737	0	160	160
4	161	0	143.56338028169014	320.17876489707476	0	161	161
4	162	0	478.54846335697397	326.0791962174941	0	162	162
4	163	0	173.0998902305159	334.410537870472	0	163	163
4	164	0	225.70020533880904	324.6078028747433	0	164	164
4	165	1	73.32249322493224	331.14363143631437	0	165	165
4	166	0	58.366300366300365	333.8168498168498	0	166	166
4	167	0	330.9206963249516	338.06769825918764	0	167	167
4	168	0	8.872282608695652	330.7826086956522	0	168	168
4	169	1	256.8209635416667	346.28125	0	169	169
4	170	0	393.51424600416954	336.69909659485756	0	170	170
4	171	0	443.8843226788432	341.93150684931504	0	171	171
4	172	0	504.7548387096774	340.66021505376347	0	172	172
4	173	1	302.43301642178045	347.14261019878995	0	173	173
4	174	0	215.88858939802336	348.6783468104223	0	174	174
4	175	0	19.426865671641792	345.4268656716418	0	175	175
4	176	0	45.15497553017944	347.7732463295269	0	176	176
4	177	0	116.8031212484994	351.00480192076833	0	177	177
4	178	0	360.34068136272543	351.5931863727455	0	178	178
4	179	1	480.49901574803147	352.126968503937	0	179	179
4	180	0	77.97002724795641	354.84650317892823	0	180	180
4	181	0	379.95986038394415	367.2024432809773	0	181	181
4	182	0	183.89862327909887	358.34668335419275	0	182	182
4	183	0	4.733333333333333	361.37142857142857	0	183	183
4	184	0	30.634615384615383	362.39102564102564	0	184	184
4	185	0	408.442119944212	361.83124128312414	0	185	185
4	186	0	141.0578431372549	364.5950980392157	0	186	186
4	187	0	48.83916990920882	374.91958495460443	0	187	187
4	188	0	105.36111111111111	370.4232026143791	0	188	188
4	189	0	283.07757009345795	372.4663551401869	0	189	189
4	190	0	414.4243421052632	376.3075657894737	0	190	190
4	191	1	17.815175097276263	372.80155642023345	0	191	191
4	192	0	161.19500480307397	378.8770413064361	0	192	192
4	193	0	227.60733452593917	377.60644007155634	0	193	193
4	194	0	478.59232613908875	379.1726618705036	0	194	194
4	195	0	345.9727941176471	379.6970588235294	0	195	195
4	196	1	502.7548138639281	381.191270860077	0	196	196
4	197	0	448.148401826484	375.4554794520548	0	197	197
4	198	0	195.93685756240822	380.36270190895743	0	198	198
4	199	0	83.08279800142755	389.8693790149893	0	199	199
4	200	0	21.68958742632613	394.0500982318271	0	200	200
4	201	0	308.3787327021122	389.6817188638019	0	201	201
4	202	0	121.04074074074074	393.99135802469135	0	202	202
4	203	0	399.7330275229358	397.95963302752295	0	203	203
4	204	0	188.9569230769231	400.9630769230769	0	204	204
4	205	0	432.6963657678781	398.6365767878077	0	205	205
4	206	0	232.59595959595958	405.8320707070707	0	206	206
4	207	2	461.5491329479769	410.4961464354528	0	207	207
4	208	0	208.5194805194805	410.6530612244898	0	208	208
4	209	0	164.5987525987526	412.13617463617464	0	209	209
4	210	1	129.53638059701493	415.277052238806	0	210	210
4	211	0	487.19304556354916	413.14268585131896	0	211	211
4	212	1	366.8477157360406	410.70812182741116	0	212	212
4	213	0	12.637514384349828	420.19677790563867	0	213	213
4	214	0	79.44339622641509	416.87971698113205	0	214	214
4	215	0	59.772447724477246	420.99876998769986	0	215	215
4	216	1	253.76602086438152	426.0618479880775	0	216	216
4	217	1	401.0835148874365	431.2251270878722	0	217	217
4	218	0	435.2586206896552	426.03620689655173	0	218	218
4	219	0	212.12526539278133	431.8842887473461	0	219	219
4	220	1	320.1871625674865	424.25674865026997	0	220	220
4	221	0	351.77705977382874	432.48303715670437	0	221	221
4	222	5	29.89803554724041	435.7577174929841	0	222	222
4	223	0	498.5296442687747	437.52437417654806	0	223	223
4	224	0	331.6443618339529	449.5030978934325	0	224	224
4	225	0	116.49330085261876	439.9598051157125	0	225	225
4	226	0	189.06483300589392	439.5756385068762	0	226	226
4	227	0	457.83054892601433	444.7971360381862	0	227	227
4	228	0	92.58536585365853	433.88547189819724	0	228	228
4	229	0	77.03846153846153	447.55494505494505	0	229	229
4	230	0	58.2248427672956	449.4512578616352	0	230	230
4	231	4	372.1962190352021	456.8826597131682	0	231	231
4	232	0	159.44811932555123	446.8274967574578	0	232	232
4	233	0	73.87603305785125	456.702479338843	0	233	233
4	234	0	429.6170854271357	458.4452261306533	0	234	234
4	235	1	228.29735525375267	461.2794853466762	0	235	235
4	236	0	180.56659619450318	467.399577167019	0	236	236
4	237	0	200.1509433962264	464.4974271012007	0	237	237
4	238	0	504.5	469.8851590106007	0	238	238
4	239	0	43.49656526005888	469.27674190382726	0	239	239
4	240	0	130.97897897897897	464.93793793793793	0	240	240
4	241	0	12.999148211243611	469.5596252129472	0	241	241
4	242	0	72.62009419152277	475.97488226059653	0	242	242
4	243	0	476.65550595238096	469.6264880952381	0	243	243
4	244	1	109.04076738609113	477.2673860911271	0	244	244
4	245	1	90.72430668841761	478.61174551386625	0	245	245
4	246	0	159.64499484004128	488.14447884416927	0	246	246
4	247	1	408.13289236319906	480.2345159350571	0	247	247
4	248	0	185.5489443378119	488.61996161228404	0	248	248
4	249	0	340.8706182281708	487.42256214149137	0	249	249
4	250	2	257.7314132618888	491.4085733422639	0	250	250
4	251	0	229.6916802610114	495.5089722675367	0	251	251
4	252	0	370.1619897959184	498.86224489795916	0	252	252
4	253	0	204.72179289026275	497.64142194744977	0	253	253
4	254	0	219.9203539823009	507.14159292035396	0	254	254
4	255	0	25.84644913627639	500.4404990403071	0	255	255
4	256	0	132.66944444444445	501.6138888888889	0	256	256
4	257	1	402.26252158894647	504.06390328151986	0	257	257
4	258	0	466.7225559803386	498.402512288367	0	258	258
5	1	0	148.4112554112554	4.121212121212121	0	1	1
5	2	0	180.07978723404256	6.868794326241135	0	2	2
5	3	0	497.52201257861634	9.222222222222221	0	3	3
5	4	0	441.2924369747899	6.1949579831932775	0	4	4
5	5	0	387.07531380753136	6.754532775453278	0	5	5
5	6	2	242.74548192771084	15.36671686746988	0	6	6
5	7	0	334.90865712338103	14.719836400817996	0	7	7
5	8	1	130.26348709929633	17.756059421422986	0	8	8
5	9	0	470.0786416443253	20.35567470956211	0	9	9
5	10	0	432.59985315712186	27.61820851688693	0	10	10
5	11	0	50.960423063800754	24.653701808256567	0	11	11
5	12	0	279.60445082555634	20.93826274228284	0	12	12
5	13	0	307.41639697950376	24.533980582524272	0	13	13
5	14	0	389.50205423171735	26.85456039441249	0	14	14
5	15	0	496.6901615271659	29.99265785609398	0	15	15
5	16	0	202.5976	23.8232	0	16	16
5	17	0	166.15587044534414	29.560728744939272	0	17	17
5	18	1	223.69655172413792	35.86206896551724	0	18	18
5	19	0	375.18925518925516	47.35531135531136	0	19	19
5	20	0	348.9512922465209	44.140159045725646	0	20	20
5	21	0	144.17440225035162	46.11533052039381	0	21	21
5	22	0	222.18158567774935	55.971867007672635	0	22	22
5	23	0	239.24206815511164	56.694477085781436	0	23	23
5	24	0	499.415313225058	56.51276102088167	0	24	24
5	25	1	261.3288718929254	56.22370936902486	0	25	25
5	26	0	199.6319290465632	65.12564671101256	0	26	26
5	27	0	414.77142857142854	53.849624060150376	0	27	27
5	28	1	302.0888480392157	62.341911764705884	0	28	28
5	29	0	394.6025179856115	64.02877697841727	0	29	29
5	30	0	132.00892857142858	66.98363095238095	0	30	30
5	31	4	170.92044482463643	68.94183062446535	0	31	31
5	32	0	437.42124542124543	66.87912087912088	0	32	32
5	33	0	24.965124077800134	66.95171026156942	0	33	33
5	34	0	365.5041782729805	77.07056638811514	0	34	34
5	35	1	44.3251282051282	82.36615384615385	0	35	35
5	36	0	478.57349785407723	80.91738197424893	0	36	36
5	37	0	271.3166208791209	87.94368131868131	0	37	37
5	38	0	342.04550264550267	83.29417989417989	0	38	38
5	39	0	411.2610565110565	92.02579852579852	0	39	39
5	40	0	65.33333333333333	94.45222929936305	0	40	40
5	41	0	317.0416197975253	93.97975253093364	0	41	41
5	42	0	91.64901664145235	103.05648008068583	0	42	42
5	43	0	180.66167192429023	106.38643533123029	0	43	43
5	44	0	444.9156976744186	106.12403100775194	0	44	44
5	45	0	346.51693851944793	110.43161856963613	0	45	45
5	46	3	240.40572171651496	110.30494148244473	0	46	46
5	47	0	129.58054892601433	105.21778042959427	0	47	47
5	48	0	297.4488262910798	114.99154929577465	0	48	48
5	49	0	201.1445945945946	116.28918918918919	0	49	49
5	50	0	215.8347718865598	116.71023427866831	0	50	50
5	51	1	46.22199730094467	114.98582995951416	0	51	51
5	52	0	411.3058305830583	124.41254125412541	0	52	52
5	53	0	131.6989090909091	135.09672727272726	0	53	53
5	54	0	355.96564195298373	126.41952983725136	0	54	54
5	55	1	380.4267185473411	121.53307392996109	0	55	55
5	56	0	451.6795366795367	127.84942084942085	0	56	56
5	57	1	318.527665317139	131.85290148448044	0	57	57
5	58	0	434.79744816586924	140.64274322169058	0	58	58
5	59	1	58.175223214285715	146.98158482142858	0	59	59
5	60	0	171.60560181680546	144.07342922028766	0	60	60
5	61	0	473.69607843137254	142.69477124183007	0	61	61
5	62	0	147.99684542586752	154.0141955835962	0	62	62
5	63	0	349.8543771043771	150.44444444444446	0	63	63
5	64	1	396.20942812983	154.01236476043277	0	64	64
5	65	4	230.9482333607231	150.77074774034512	0	65	65
5	66	1	265.9640625	152.0875	0	66	66
5	67	0	303.4375	156.09375	0	67	67
5	68	0	499.57142857142856	152.0362473347548	0	68	68
5	69	0	197.7969507969508	167.13513513513513	0	69	69
5	70	1	419.73005219985083	173.12453392990307	0	70	70
5	71	0	361.9219197707736	174.54011461318052	0	71	71
5	72	0	507.0607028753994	173.47603833865816	0	72	72
5	73	0	484.52215799614646	178.9961464354528	0	73	73
5	74	0	449.60327570518655	176.4931756141947	0	74	74
5	75	1	233.20102040816326	182.52755102040817	0	75	75
5	76	0	260.2134632418069	190.4579273693534	0	76	76
5	77	5	97.70215311004785	184.39174641148324	0	77	77
5	78	0	304.3581780538302	193.33913043478262	0	78	78
5	79	0	157.80993992353905	192.9830693610049	0	79	79
5	80	0	10.652131782945736	194.20833333333334	0	80	80
5	81	1	449.3296089385475	203.05214152700185	0	81	81
5	82	0	426.38772845953	207.92689295039165	0	82	82
5	83	2	375.81863799283155	205.3146953405018	0	83	83
5	84	0	496.22050147492627	213.2433628318584	0	84	84
5	85	0	31.422573984858914	214.0578114246387	0	85	85
5	86	4	68.01012658227847	209.1373417721519	0	86	86
5	87	0	223.63555555555556	210.20777777777778	0	87	87
5	88	0	470.9273399014778	216.17733990147784	0	88	88
5	89	4	116.28496196606203	222.17612638970158	0	89	89
5	90	0	184.0433369447454	215.94582881906825	0	90	90
5	91	1	358.8972602739726	224.60763209393346	0	91	91
5	92	2	204.62854825628548	228.39740470397405	0	92	92
5	93	1	321.4102564102564	223.4580017683466	0	93	93
5	94	1	291.8359550561798	228.3932584269663	0	94	94
5	95	0	250.9074975657254	228.69425511197664	0	95	95
5	96	0	399.1490262489416	230.502116850127	0	96	96
5	97	2	156.76160092807424	236.59802784222737	0	97	97
5	98	0	464.0900123304562	237.73736128236746	0	98	98
5	99	0	66.30998509687035	236.85842026825634	0	99	99
5	100	1	271.6807511737089	230.8810641627543	0	100	100
5	101	0	442.9528985507246	238.16123188405797	0	101	101
5	102	0	342.4928057553957	245.74100719424462	0	102	102
5	103	0	99.06320541760722	245.5406320541761	0	103	103
5	104	0	424.1310782241015	244.87209302325581	0	104	104
5	105	1	304.4093886462882	253.7150655021834	0	105	105
5	106	1	70.75346260387812	258.6869806094183	0	106	106
5	107	2	273.9871794871795	256.482905982906	0	107	107
5	108	2	233.5625	249.8407738095238	0	108	108
5	109	0	18.282334384858043	252.52996845425866	0	109	109
5	110	0	200.27086007702184	258.00256739409497	0	110	110
5	111	7	43.33016304347826	256.3790760869565	0	111	111
5	112	0	397.0471887550201	263.22791164658634	0	112	112
5	113	0	456.57914691943125	266.1962085308057	0	113	113
5	114	1	227.09101123595505	275.58876404494384	0	114	114
5	115	0	7.931993817619784	281.6800618238022	0	115	115
5	116	0	133.6332767402377	271.151103565365	0	116	116
5	117	1	319.5610913404508	276.35112692763937	0	117	117
5	118	0	202.26629422718807	281.83985102420854	0	118	118
5	119	0	498.9105691056911	274.534262485482	0	119	119
5	120	0	103.18052256532067	280.0665083135392	0	120	120
5	121	0	432.30506607929516	286.68722466960355	0	121	121
5	122	0	44.18537074148296	285.5090180360721	0	122	122
5	123	0	462.94379391100705	289.6826697892272	0	123	123
5	124	0	83.04581673306772	276.7370517928287	0	124	124
5	125	0	254.9179528838343	283.9455727051178	0	125	125
5	126	0	382.01869158878503	279.26355140186917	0	126	126
5	127	0	347.6737089201878	277.84507042253523	0	127	127
5	128	0	119.36144578313252	288.7590361445783	0	128	128
5	129	0	285.51969504447266	282.1626429479034	0	129	129
5	130	0	177.8687035507845	290.13707679603635	0	130	130
5	131	0	312.712401055409	294.5883905013193	0	131	131
5	132	1	74.71911196911196	300.7857142857143	0	132	132
5	133	0	364.800350262697	291.2942206654991	0	133	133
5	134	0	111.53695955369595	305.905160390516	0	134	134
5	135	0	383.8137254901961	301.5833333333333	0	135	135
5	136	0	500.5082742316785	299.82505910165486	0	136	136
5	137	1	408.1610555050045	298.8808007279345	0	137	137
5	138	0	142.95676172953083	304.66697332106713	0	138	138
5	139	0	222.39242315939958	308.18942101501074	0	139	139
5	140	0	300.1306884480747	313.62543757292883	0	140	140
5	141	1	272.2118270079435	316.01147396293027	0	141	141
5	142	0	333.1002570694087	312.7189374464439	0	142	142
5	143	0	477.301244813278	311.245643153527	0	143	143
5	144	1	35.205103969754255	309.10869565217394	0	144	144
5	145	0	185.06029106029106	317.6590436590437	0	145	145
5	146	0	364.38212435233163	319.25129533678756	0	146	146
5	147	1	398.67673716012087	322.7039274924471	0	147	147
5	148	0	430.3103044496487	320.08196721311475	0	148	148
5	149	0	164.21391304347827	323.5182608695652	0	149	149
5	150	0	504.39407744874717	326.87699316628704	0	150	150
5	151	0	39.44290657439446	333.63062283737025	0	151	151
5	152	0	234.63893016344724	334.63893016344724	0	152	152
5	153	0	7.994490358126722	330.44214876033055	0	153	153
5	154	0	386.89351851851853	331.85185185185185	0	154	154
5	155	0	421.12689393939394	340.6837121212121	0	155	155
5	156	0	130.00506329113924	333.4835443037975	0	156	156
5	157	0	94.77507598784194	331.72644376899694	0	157	157
5	158	0	368.14859437751005	343.39892904953143	0	158	158
5	159	0	486.80121703853956	336.82961460446245	0	159	159
5	160	0	150.44252873563218	341.6034482758621	0	160	160
5	161	0	394.0261437908497	339.45098039215685	0	161	161
5	162	0	454.2312992125984	339.1564960629921	0	162	162
5	163	0	200.8263795423957	340.1251682368775	0	163	163
5	164	0	173.49561403508773	343.8377192982456	0	164	164
5	165	0	322.571736785329	342.20927723840344	0	165	165
5	166	0	492.4192672998643	355.314789687924	0	166	166
5	167	2	68.71927272727272	349.7112727272727	0	167	167
5	168	0	399.93352192362096	353.75671852899575	0	168	168
5	169	0	349.2502831257078	356.0973952434881	0	169	169
5	170	1	107.3776455026455	362.24074074074076	0	170	170
5	171	1	185.2490566037736	358.1547169811321	0	171	171
5	172	1	199.99821109123434	366.4490161001789	0	172	172
5	173	0	140.34871794871796	364.42393162393165	0	173	173
5	174	0	220.08241082410825	367.37761377613776	0	174	174
5	175	2	285.8785545023697	353.6042654028436	0	175	175
5	176	0	460.84427767354595	365.2157598499062	0	176	176
5	177	0	22.65061295971979	361.2583187390543	0	177	177
5	178	0	431.22001888574124	368.01510859301226	0	178	178
5	179	0	480.76202860858257	377.27178153446033	0	179	179
5	180	0	317.2941935483871	372.59096774193546	0	180	180
5	181	0	165.17652495378928	374.20240295748613	0	181	181
5	182	0	237.02602739726026	372.9780821917808	0	182	182
5	183	0	395.7283950617284	377.12610229276896	0	183	183
5	184	2	20.281869688385267	382.5439093484419	0	184	184
5	185	0	265.7876200640342	377.66702241195304	0	185	185
5	186	1	244.30253623188406	388.19746376811594	0	186	186
5	187	0	53.43694267515924	380.6700636942675	0	187	187
5	188	0	295.31481481481484	392.1078431372549	0	188	188
5	189	0	348.24338085539716	382.2932790224033	0	189	189
5	190	0	74.72195121951219	388.1349593495935	0	190	190
5	191	1	190.34231378763866	389.824088748019	0	191	191
5	192	0	503.97703549060543	389.60334029227556	0	192	192
5	193	0	121.73777315296566	390.3704474505723	0	193	193
5	194	0	454.5409990574929	396.20923656927425	0	194	194
5	195	0	379.4935732647815	404.2654241645244	0	195	195
5	196	0	23.71794871794872	401.29059829059827	0	196	196
5	197	1	425.7785291631445	405.3338968723584	0	197	197
5	198	0	338.2769911504425	406.51858407079646	0	198	198
5	199	0	4.615183246073299	409.3874345549738	0	199	199
5	200	0	143.70499243570347	403.16338880484113	0	200	200
5	201	0	168.88255033557047	405.1442953020134	0	201	201
5	202	0	239.3716707021792	408.818401937046	0	202	202
5	203	0	484.4995140913508	409.8250728862974	0	203	203
5	204	0	201.19500924214418	412.2966728280961	0	204	204
5	205	3	31.39798206278027	420.0482062780269	0	205	205
5	206	0	57.04865938430983	418.72393247269116	0	206	206
5	207	0	306.2155388471178	416.2894736842105	0	207	207
5	208	0	85.80287206266318	419.4171018276762	0	208	208
5	209	0	115.36319845857417	422.8208092485549	0	209	209
5	210	0	503.67446043165467	426.17446043165467	0	210	210
5	211	0	154.51162790697674	420.8488372093023	0	211	211
5	212	0	263.4881656804734	422.2534516765286	0	212	212
5	213	0	172.6208718626156	432.26023778071334	0	213	213
5	214	0	227.89256198347107	428.2115702479339	0	214	214
5	215	0	406.29622815087396	430.6007359705612	0	215	215
5	216	1	140.75763358778627	430.98091603053433	0	216	216
5	217	0	283.57442748091603	436.64885496183206	0	217	217
5	218	0	350.41223404255317	435.7739361702128	0	218	218
5	219	0	469.986301369863	438.36481614996393	0	219	219
5	220	0	318.5372492836676	438.25787965616047	0	220	220
5	221	0	12.273865414710485	441.0031298904538	0	221	221
5	222	0	206.14892086330934	447.61726618705035	0	222	222
5	223	1	141.12094155844156	451.5202922077922	0	223	223
5	224	0	431.9191919191919	448.14574314574315	0	224	224
5	225	0	243.6885043263288	451.8553770086527	0	225	225
5	226	0	311.38413685847587	459.0668740279938	0	226	226
5	227	0	20.73602199816682	465.50779101741523	0	227	227
5	228	0	355.7527950310559	464.28074534161493	0	228	228
5	229	4	61.87750556792873	468.2032293986637	0	229	229
5	230	0	331.03339191564146	468.7855887521968	0	230	230
5	231	0	95.52962692026335	465.828090709583	0	231	231
5	232	1	252.43494423791822	473.09944237918216	0	232	232
5	233	0	287.28998968008256	470.28586171310627	0	233	233
5	234	0	135.99148936170212	476.2308510638298	0	234	234
5	235	1	491.10225303292896	470.28769497400344	0	235	235
5	236	0	203.1346153846154	474.81971153846155	0	236	236
5	237	0	183.6299504950495	478.9059405940594	0	237	237
5	238	1	377.1757259865972	484.61429635145197	0	238	238
5	239	0	444.68829593693147	482.5997574287447	0	239	239
5	240	0	336.6693181818182	490.1852272727273	0	240	240
5	241	0	476.5878693623639	491.4650077760498	0	241	241
5	242	1	18.050428163653663	492.78401522359655	0	242	242
5	243	0	107.84115805946792	495.07120500782474	0	243	243
5	244	3	153.13071895424838	493.7936507936508	0	244	244
5	245	0	457.4455852156058	502.4907597535934	0	245	245
5	246	0	239.99751243781094	497.5335820895522	0	246	246
5	247	0	314.00621118012424	498.55124223602485	0	247	247
5	248	1	43.10700132100396	500.9577278731836	0	248	248
5	249	0	180.72488038277513	501.96411483253587	0	249	249
5	250	0	213.14095238095237	493.14190476190475	0	250	250
5	251	0	282.20654205607474	498.23271028037385	0	251	251
5	252	0	352.8186666666667	506.712	0	252	252
5	253	0	497.0	503.5302713987474	0	253	253
6	1	0	137.93519695044472	8.287166454891995	0	1	1
6	2	0	179.04215851602024	7.244519392917369	0	2	2
6	3	0	234.60925925925926	11.648148148148149	0	3	3
6	4	0	306.466765140325	8.413589364844904	0	4	4
6	5	0	450.18390804597703	13.141522988505747	0	5	5
6	6	0	392.54780771262546	22.73745377707343	0	6	6
6	7	0	28.22198505869797	21.63127001067236	0	7	7
6	8	0	201.84163987138263	25.230707395498392	0	8	8
6	9	0	357.77871316897176	24.968129885748645	0	9	9
6	10	0	289.90668431502314	25.900066181336864	0	10	10
6	11	0	163.80440251572327	34.97672955974843	0	11	11
6	12	0	265.24382207578253	35.25617792421746	0	12	12
6	13	0	109.86456605859591	41.325594250967384	0	13	13
6	14	0	425.3934134401424	46.718736092567866	0	14	14
6	15	0	232.26913580246912	45.187654320987654	0	15	15
6	16	0	484.9792051756007	57.09796672828096	0	16	16
6	17	0	295.9676300578035	65.56416184971098	0	17	17
6	18	0	40.933526011560694	64.17485549132948	0	18	18
6	19	0	83.51816530426885	68.33514986376022	0	19	19
6	20	0	261.9679836512262	75.90803814713897	0	20	20
6	21	0	317.6281352235551	69.64776444929117	0	21	21
6	22	0	225.8406835722161	82.21168687982359	0	22	22
6	23	0	380.3463395012068	78.2767497988737	0	23	23
6	24	0	188.37431444241315	84.3235831809872	0	24	24
6	25	0	328.6314814814815	84.18703703703704	0	25	25
6	26	0	487.11160220994475	88.62762430939226	0	26	26
6	27	0	24.387201735357916	84.13774403470715	0	27	27
6	28	0	351.7902702702703	87.39135135135135	0	28	28
6	29	0	135.27541827541828	97.77691977691978	0	29	29
6	30	0	6.859424920127796	98.19488817891374	0	30	30
6	31	0	63.816979819067505	111.84342379958247	0	31	31
6	32	0	326.0296511627907	113.71918604651162	0	32	32
6	33	0	432.1283464566929	112.73937007874015	0	33	33
6	34	0	37.63832077502691	114.52960172228202	0	34	34
6	35	0	96.84607384295371	121.86791471658866	0	35	35
6	36	0	228.4008338296605	129.61226920786183	0	36	36
6	37	0	14.679374389051809	133.0234604105572	0	37	37
6	38	7	166.25952170062	130.17537643932684	0	38	38
6	39	0	136.9777313848295	144.65483646485734	0	39	39
6	40	0	199.8449660284126	138.54416306361952	0	40	40
6	41	0	488.65152643335813	149.90096798212957	0	41	41
6	42	7	42.30813534917207	152.42764578833695	0	42	42
6	43	0	407.96518771331057	151.15767918088738	0	43	43
6	44	0	319.5344129554656	156.76467611336034	0	44	44
6	45	0	278.27833235466824	153.12624779800353	0	45	45
6	46	0	369.16052880075546	165.93578847969783	0	46	46
6	47	0	436.4188829787234	171.45146276595744	0	47	47
6	48	0	155.83520179372198	172.13677130044843	0	48	48
6	49	0	193.82203389830508	169.04083204930663	0	49	49
6	50	0	68.69761606022584	164.01756587202007	0	50	50
6	51	0	123.40611814345992	180.7405063291139	0	51	51
6	52	0	287.68936678614097	184.37992831541217	0	52	52
6	53	0	87.89014883061658	184.46066619418852	0	53	53
6	54	2	28.36371527777778	185.42447916666666	0	54	54
6	55	0	195.9118311981914	196.405425772419	0	55	55
6	56	0	51.425	204.7265625	0	56	56
6	57	0	240.9853626081171	191.09514304723885	0	57	57
6	58	0	480.9482114255206	199.7148958889482	0	58	58
6	59	2	304.2171052631579	202.94956140350877	0	59	59
6	60	52	337.7370390165687	205.00855157669696	0	60	60
6	61	0	370.71140472879	211.71210013908205	0	61	61
6	62	0	444.3197056418643	208.81929681112018	0	62	62
6	63	0	15.406270411495754	223.0411495754409	0	63	63
6	64	0	229.00794797687863	221.48410404624278	0	64	64
6	65	0	399.18567961165047	222.8015776699029	0	65	65
6	66	0	115.97079037800687	219.97938144329896	0	66	66
6	67	0	424.0995575221239	227.62389380530973	0	67	67
6	68	0	74.42467718794835	225.23601147776185	0	68	68
6	69	0	148.4436090225564	220.6437969924812	0	69	69
6	70	32	282.84864300626305	223.8653444676409	0	70	70
6	71	0	165.94249201277955	238.27156549520768	0	71	71
6	72	0	500.59526261585995	238.74665293511845	0	72	72
6	73	0	457.02650176678446	244.95818610129564	0	73	73
6	74	0	91.35076045627376	247.08269961977186	0	74	74
6	75	10	303.74470338983053	238.40254237288136	0	75	75
6	76	3	202.43003229278796	249.4897739504844	0	76	76
6	77	20	335.034255599473	253.96969696969697	0	77	77
6	78	0	153.07354056103108	260.84988627748294	0	78	78
6	79	49	248.38342318059298	250.13679245283018	0	79	79
6	80	15	296.05616338439097	264.16411378555796	0	80	80
6	81	0	112.26586433260394	258.4015317286652	0	81	81
6	82	6	258.21725239616615	269.2523961661342	0	82	82
6	83	0	127.13879408418657	278.96928327645054	0	83	83
6	84	0	11.809141940657579	276.0785886126704	0	84	84
6	85	0	412.9111253196931	278.04219948849106	0	85	85
6	86	0	448.30130668716373	279.21368178324366	0	86	86
6	87	0	382.07956715467856	285.7332908975175	0	87	87
6	88	0	494.685173089484	286.20901371652513	0	88	88
6	89	40	272.72219799389444	293.01875272568685	0	89	89
6	90	0	100.43843594009984	294.65640599001665	0	90	90
6	91	0	176.58472012102874	291.53857791225414	0	91	91
6	92	6	353.3423860329777	289.1193016488846	0	92	92
6	93	2	59.432959531935644	295.57776694295467	0	93	93
6	94	0	33.21649484536083	300.25773195876286	0	94	94
6	95	0	140.23842592592592	301.40625	0	95	95
6	96	0	333.78814814814814	305.71407407407406	0	96	96
6	97	22	461.68232044198896	304.8821362799263	0	97	97
6	98	3	313.90633608815426	311.25619834710744	0	98	98
6	99	1	162.32219827586206	320.5969827586207	0	99	99
6	100	0	499.05721393034827	323.06592039800995	0	100	100
6	101	1	360.57774140752866	323.671031096563	0	101	101
6	102	0	247.6906419180201	322.20649651972155	0	102	102
6	103	1	22.954744525547444	321.16642335766426	0	103	103
6	104	0	411.7832647462277	315.2304526748971	0	104	104
6	105	4	448.27153891859774	330.3321449792038	0	105	105
6	106	28	133.656652360515	332.17703862660943	0	106	106
6	107	0	102.4529115744069	332.7706685837527	0	107	107
6	108	0	220.49825052484255	332.39398180545834	0	108	108
6	109	0	402.0101694915254	338.4176271186441	0	109	109
6	110	0	73.15894568690096	341.87539936102235	0	110	110
6	111	0	190.1595744680851	345.1049645390071	0	111	111
6	112	0	33.97038327526133	345.85714285714283	0	112	112
6	113	0	211.21291866028707	358.3732057416268	0	113	113
6	114	0	12.651851851851852	350.04814814814813	0	114	114
6	115	1	167.14824120603015	354.106783919598	0	115	115
6	116	43	347.82853315472204	358.2176825184193	0	116	116
6	117	0	55.60561184723305	365.47934528448945	0	117	117
6	118	0	138.20471014492753	357.58514492753625	0	118	118
6	119	3	377.9343780607248	362.7120470127326	0	119	119
6	120	0	154.12596899224806	373.22286821705427	0	120	120
6	121	0	114.39635036496351	372.8007299270073	0	121	121
6	122	0	406.04703476482615	371.3036809815951	0	122	122
6	123	0	500.42997728993186	368.8039364118092	0	123	123
6	124	1	238.2361835245047	378.6376433785193	0	124	124
6	125	0	12.760772659732542	381.2303120356612	0	125	125
6	126	33	466.8884924174844	382.12667261373775	0	126	126
6	127	0	30.913415794481445	391.83063748810656	0	127	127
6	128	0	178.50907770515613	392.30864197530866	0	128	128
6	129	0	81.91069924178602	393.01263689974724	0	129	129
6	130	0	404.3703703703704	394.73525377229083	0	130	130
6	131	0	426.5241116751269	400.3032994923858	0	131	131
6	132	0	142.75177865612648	405.3098814229249	0	132	132
6	133	0	117.73279816513761	408.83715596330273	0	133	133
6	134	0	235.25463743676224	411.18549747048905	0	134	134
6	135	0	207.06713164777682	415.5850043591979	0	135	135
6	136	0	107.85155195681511	426.0080971659919	0	136	136
6	137	0	389.21525215252154	427.2816728167282	0	137	137
6	138	0	460.48049281314167	414.22381930184804	0	138	138
6	139	46	290.27291346646183	420.0537634408602	0	139	139
6	140	0	62.02026554856744	423.50314465408803	0	140	140
6	141	0	19.301369863013697	424.1656288916563	0	141	141
6	142	0	479.8486140724947	420.14925373134326	0	142	142
6	143	0	85.19587628865979	436.9736540664376	0	143	143
6	144	0	175.0370786516854	423.95393258426964	0	144	144
6	145	0	40.77353342428376	425.91405184174624	0	145	145
6	146	0	439.205	432.6775	0	146	146
6	147	0	240.71002386634845	432.41885441527444	0	147	147
6	148	0	477.710407239819	440.3755656108597	0	148	148
6	149	0	160.01694915254237	441.1186440677966	0	149	149
6	150	0	275.2865497076023	447.825860948668	0	150	150
6	151	0	195.18800461361016	446.60092272202996	0	151	151
6	152	0	11.014563106796116	452.69174757281553	0	152	152
6	153	0	338.31255901794145	445.3106704438149	0	153	153
6	154	0	108.65391791044776	457.0764925373134	0	154	154
6	155	23	220.08753315649867	455.65119363395223	0	155	155
6	156	0	33.476068376068376	464.6222222222222	0	156	156
6	157	0	138.22852983988355	459.9745269286754	0	157	157
6	158	0	248.36528497409327	465.5246113989637	0	158	158
6	159	0	177.55068078668683	467.94856278366115	0	159	159
6	160	0	338.1242718446602	472.5398058252427	0	160	160
6	161	0	451.07792678506706	473.8031895614353	0	161	161
6	162	1	221.7185628742515	477.67664670658684	0	162	162
6	163	0	285.43724696356276	475.0620782726046	0	163	163
6	164	0	50.95816993464052	477.33071895424837	0	164	164
6	165	0	82.95905923344948	479.25783972125436	0	165	165
6	166	0	68.91965811965812	497.2564102564103	0	166	166
6	167	0	161.62119815668203	488.6995391705069	0	167	167
6	168	0	200.48611111111111	491.12345679012344	0	168	168
6	169	0	106.40495867768595	494.72727272727275	0	169	169
6	170	2	294.58154235145383	495.3109987357775	0	170	170
6	171	0	241.43716433941998	494.5875402792696	0	171	171
6	172	0	331.61410788381744	493.31120331950206	0	172	172
6	173	0	371.65021459227466	489.6423462088698	0	173	173
6	174	0	133.4791431792559	498.3077790304397	0	174	174
6	175	0	266.23546511627904	498.8212209302326	0	175	175
6	176	0	9.273770491803278	495.7934426229508	0	176	176
6	177	0	44.45913043478261	501.0295652173913	0	177	177
6	178	0	309.5759162303665	508.25130890052355	0	178	178
