ImageNumber	ObjectNumber	Children_Cells_Count	Children_PLA_Count	Location_Center_X	Location_Center_Y	Location_Center_Z	Number_Object_Number
1	1	1	2	28.30948121645796	9.878354203935599	0	1
1	2	1	0	87.5126050420168	2.6470588235294117	0	2
1	3	1	0	193.79310344827587	2.646551724137931	0	3
1	4	1	0	410.9526066350711	4.360189573459715	0	4
1	5	1	0	343.8534322820037	10.139146567717995	0	5
1	6	1	0	466.46875	9.082589285714286	0	6
1	7	1	1	233.64402173913044	11.78804347826087	0	7
1	8	1	1	136.71221532091099	14.101449275362318	0	8
1	9	1	0	206.31990521327015	17.691943127962084	0	9
1	10	1	0	429.7710280373832	21.91355140186916	0	10
1	11	1	0	446.7608200455581	20.132118451025057	0	11
1	12	1	0	90.56743002544529	23.137404580152673	0	12
1	13	1	0	317.26450116009283	22.80510440835267	0	13
1	14	1	1	494.40120967741933	28.717741935483872	0	14
1	15	1	3	129.6069868995633	34.68995633187773	0	15
1	16	1	1	196.65142857142857	36.55714285714286	0	16
1	17	1	1	52.38427299703264	37.2566765578635	0	17
1	18	1	0	323.94919168591224	41.88452655889145	0	18
1	19	1	0	505.12048192771084	43.57831325301205	0	19
1	20	1	0	295.6055226824458	45.25443786982248	0	20
1	21	1	0	268.7607223476298	42.449209932279906	0	21
1	22	1	3	110.37239583333333	46.776041666666664	0	22
1	23	1	0	465.8544600938967	43.136150234741784	0	23
1	24	1	0	456.5886524822695	57.308510638297875	0	24
1	25	1	2	259.7857142857143	58.87577639751553	0	25
1	26	1	0	386.52039151712887	55.05057096247961	0	26
1	27	1	0	191.05078125	57.43359375	0	27
1	28	1	0	126.4083129584352	60.15158924205379	0	28
1	29	1	0	80.2841163310962	62.1834451901566	0	29
1	30	1	0	290.2392857142857	72.59107142857142	0	30
1	31	1	0	205.4408163265306	78.62040816326531	0	31
1	32	1	0	473.3497615262321	87.8966613672496	0	32
1	33	1	0	93.96601073345259	105.83899821109124	0	33
1	34	1	1	378.27338129496405	106.12949640287769	0	34
1	35	1	1	409.6718146718147	111.57722007722008	0	35
1	36	1	2	268.8536082474227	123.54845360824743	0	36
1	37	1	0	242.72708333333333	140.19375	0	37
1	38	1	0	360.4066797642436	146.1237721021611	0	38
1	39	1	0	203.4644128113879	147.79893238434164	0	39
1	40	1	7	305.4255319148936	146.12765957446808	0	40
1	41	1	0	3.9344262295081966	154.31147540983608	0	41
1	42	1	0	436.0355805243446	156.86704119850188	0	42
1	43	1	0	494.357421875	157.845703125	0	43
1	44	1	0	283.1196754563895	161.5496957403651	0	44
1	45	1	1	316.0357142857143	162.9047619047619	0	45
1	46	1	1	168.9811320754717	168.4867924528302	0	46
1	47	1	0	344.2192816635161	182.88090737240077	0	47
1	48	1	0	411.54347826086956	189.43297101449275	0	48
1	49	1	0	61.251295336787564	196.60880829015545	0	49
1	50	1	1	156.41716566866268	203.49301397205588	0	50
1	51	1	0	455.1261770244821	213.53295668549904	0	51
1	52	1	1	230.58662092624357	218.93996569468268	0	52
1	53	1	1	267.8320610687023	218.57251908396947	0	53
1	54	1	1	294.6686567164179	220.57611940298509	0	54
1	55	1	1	44.01464128843338	224.4597364568082	0	55
1	56	1	1	4.884488448844884	227.74587458745876	0	56
1	57	1	0	329.1003861003861	227.62548262548262	0	57
1	58	1	0	382.8457943925234	229.2967289719626	0	58
1	59	1	0	191.17032040472176	231.05902192242834	0	59
1	60	1	0	136.11633109619686	241.52125279642058	0	60
1	61	1	0	88.61848341232228	259.6563981042654	0	61
1	62	1	0	413.0267175572519	266.60687022900765	0	62
1	63	1	0	381.4015544041451	269.64248704663214	0	63
1	64	1	1	48.06872852233677	272.34364261168383	0	64
1	65	1	1	305.4845360824742	272.9896907216495	0	65
1	66	1	1	267.663282571912	275.19966159052456	0	66
1	67	1	0	168.27427597955707	281.2947189097104	0	67
1	68	1	0	118.24778761061947	284.5486725663717	0	68
1	69	1	1	208.01470588235293	294.13398692810455	0	69
1	70	1	0	352.5896860986547	293.1838565022422	0	70
1	71	1	0	132.874531835206	293.5	0	71
1	72	1	0	72.89761904761905	299.1952380952381	0	72
1	73	1	0	12.881028938906752	303.5048231511254	0	73
1	74	1	1	406.8186274509804	305.96078431372547	0	74
1	75	1	0	125.376	316.368	0	75
1	76	1	0	289.37106918238993	313.4339622641509	0	76
1	77	1	0	507.3370786516854	313.3258426966292	0	77
1	78	1	0	158.4043321299639	322.942238267148	0	78
1	79	1	0	429.1023890784983	323.23549488054607	0	79
1	80	1	1	52.486486486486484	330.38378378378377	0	80
1	81	1	0	102.13255360623782	335.16959064327483	0	81
1	82	1	0	391.2516339869281	336.17973856209153	0	82
1	83	1	0	309.5879917184265	340.7556935817805	0	83
1	84	1	0	131.5505617977528	349.8792134831461	0	84
1	85	1	0	151.040625	352.46875	0	85
1	86	1	0	209.6283185840708	359.24070796460177	0	86
1	87	1	0	327.54128440366975	357.4357798165138	0	87
1	88	1	1	418.8721174004193	360.41299790356396	0	88
1	89	1	0	19.456057007125892	363.36104513064134	0	89
1	90	1	1	241.99088145896656	364.9179331306991	0	90
1	91	1	0	275.8123393316195	364.3367609254499	0	91
1	92	1	1	367.0256959314775	364.7558886509636	0	92
1	93	1	2	308.5984654731458	368.8951406649616	0	93
1	94	1	0	291.94407894736844	370.1578947368421	0	94
1	95	1	0	164.87993421052633	374.4720394736842	0	95
1	96	1	0	55.838403041825096	376.115969581749	0	96
1	97	1	0	259.4163701067616	380.62633451957294	0	97
1	98	1	0	3.613259668508287	389.18232044198896	0	98
1	99	1	0	388.3930434782609	393.09043478260867	0	99
1	100	1	0	421.42922374429224	397.48173515981733	0	100
1	101	1	0	108.14285714285714	397.7657142857143	0	101
1	102	1	0	229.31791907514452	395.5606936416185	0	102
1	103	1	0	296.99131944444446	404.00694444444446	0	103
1	104	1	0	262.0149892933619	406.1070663811563	0	104
1	105	1	0	436.53	424.012	0	105
1	106	1	0	144.36610878661088	424.10878661087867	0	106
1	107	1	0	350.1768595041322	426.97520661157023	0	107
1	108	1	0	31.77093596059113	430.628078817734	0	108
1	109	1	1	175.29699842022117	431.6303317535545	0	109
1	110	1	1	299.02155887230515	433.9452736318408	0	110
1	111	1	0	241.1706081081081	435.9239864864865	0	111
1	112	1	1	456.58019801980197	451.2910891089109	0	112
1	113	1	0	200.53055555555557	460.34166666666664	0	113
1	114	1	3	325.58472553699283	462.1885441527446	0	114
1	115	1	0	76.21081081081081	463.37567567567567	0	115
1	116	1	0	51.151986183074264	461.5284974093264	0	116
1	117	1	0	165.43341404358353	473.54237288135596	0	117
1	118	1	0	413.0192307692308	474.4213286713287	0	118
1	119	1	0	214.41107871720118	477.9387755102041	0	119
1	120	1	2	275.88653555219366	477.76853252647504	0	120
1	121	1	0	96.29347826086956	480.86005434782606	0	121
1	122	1	0	243.5801526717557	484.72773536895676	0	122
1	123	1	0	349.00224215246635	487.9775784753363	0	123
1	124	1	0	479.9824120603015	489.1934673366834	0	124
1	125	1	0	43.72842639593909	491.52284263959393	0	125
1	126	1	1	399.13852813852816	493.1471861471861	0	126
1	127	1	0	183.66106442577032	497.1204481792717	0	127
1	128	1	0	155.93127147766322	497.21993127147766	0	128
1	129	1	0	225.8508474576271	504.87118644067795	0	129
1	130	1	0	352.529702970297	506.490099009901	0	130
1	131	1	1	26.08	505.57	0	131
1	132	1	0	137.89156626506025	508.48192771084337	0	132
1	133	1	0	201.93835616438355	507.7671232876712	0	133
1	134	1	0	251.73595505617976	507.15168539325845	0	134
1	135	1	1	293.6823529411765	509.4	0	135
1	136	1	1	379.04477611940297	506.6268656716418	0	136
2	1	1	0	138.46296296296296	10.19973544973545	0	1
2	2	1	1	322.2613636363636	3.914772727272727	0	2
2	3	1	0	394.5235602094241	8.641361256544503	0	3
2	4	1	0	95.9814241486068	7.755417956656347	0	4
2	5	1	0	47.24013157894737	6.467105263157895	0	5
2	6	1	0	236.74125874125875	12.047202797202797	0	6
2	7	1	0	342.57924528301885	13.449056603773585	0	7
2	8	1	0	507.83870967741933	13.879032258064516	0	8
2	9	1	1	46.5234375	20.536458333333332	0	9
2	10	1	0	190.45990566037736	17.42924528301887	0	10
2	11	1	0	114.53180661577608	22.610687022900763	0	11
2	12	1	1	316.6529284164859	30.830802603036876	0	12
2	13	1	0	370.7757644394111	43.62287655719139	0	13
2	14	1	0	437.495164410058	45.26885880077369	0	14
2	15	1	0	255.62899262899262	46.18427518427519	0	15
2	16	1	1	188.42329020332718	47.27726432532347	0	16
2	17	1	0	290.07835820895525	49.139925373134325	0	17
2	18	1	0	481.87696335078533	49.54188481675393	0	18
2	19	1	0	149.61904761904762	52.43609022556391	0	19
2	20	1	0	273.75949367088606	54.20253164556962	0	20
2	21	1	0	23.447674418604652	67.40697674418605	0	21
2	22	1	0	108.16734693877551	76.71020408163265	0	22
2	23	1	0	335.65033407572383	81.96881959910912	0	23
2	24	1	0	446.3056680161943	85.41295546558705	0	24
2	25	1	0	491.051867219917	86.40871369294605	0	25
2	26	1	0	38.94169611307421	87.726148409894	0	26
2	27	1	0	161.9002169197397	87.82863340563992	0	27
2	28	1	1	125.74592074592074	100.82983682983684	0	28
2	29	1	2	368.16	98.68	0	29
2	30	1	0	142.65357967667435	99.30715935334872	0	30
2	31	1	0	12.138636363636364	100.48409090909091	0	31
2	32	1	7	330.3287128712871	103.4059405940594	0	32
2	33	1	1	189.74134419551936	108.54175152749491	0	33
2	34	1	2	254.28934010152284	118.87817258883248	0	34
2	35	1	0	274.08498583569406	117.42351274787535	0	35
2	36	1	1	204.3132530120482	120.5140562248996	0	36
2	37	1	1	19.273972602739725	119.63698630136986	0	37
2	38	1	1	409.2098039215686	117.44509803921568	0	38
2	39	1	0	156.95634095634097	130.014553014553	0	39
2	40	1	7	414.7442748091603	134.89885496183206	0	40
2	41	1	0	82.8936170212766	133.26677577741407	0	41
2	42	1	0	337.2280701754386	134.77944862155388	0	42
2	43	1	0	218.16101694915255	144.68926553672316	0	43
2	44	1	4	316.1511423550088	155.0456942003515	0	44
2	45	1	0	498.2435897435897	155.65384615384616	0	45
2	46	1	3	283.2933526011561	158.5057803468208	0	46
2	47	1	0	470.86725663716817	167.1150442477876	0	47
2	48	1	1	170.09735973597358	166.40594059405942	0	48
2	49	1	2	233.04745166959577	171.3268892794376	0	49
2	50	1	0	387.71311475409834	168.59016393442624	0	50
2	51	1	0	378.9282296650718	179.06698564593302	0	51
2	52	1	0	486.60283687943263	180.74468085106383	0	52
2	53	1	1	75.40072202166066	183.87906137184115	0	53
2	54	1	1	107.20309477756287	189.57640232108318	0	54
2	55	1	0	433.04545454545456	191.0340909090909	0	55
2	56	1	0	315.61945031712474	198.98520084566596	0	56
2	57	1	0	372.1252446183953	221.41487279843443	0	57
2	58	1	7	4.272373540856031	222.3774319066148	0	58
2	59	1	0	57.559615384615384	223.73653846153846	0	59
2	60	1	0	318.79175704989154	229.92624728850325	0	60
2	61	1	0	133.76053639846742	234.73563218390805	0	61
2	62	1	1	191.4439918533605	236.0448065173116	0	62
2	63	1	0	12.425595238095237	240.21130952380952	0	63
2	64	1	1	399.8978102189781	251.66970802919707	0	64
2	65	1	1	311.919587628866	257.91134020618557	0	65
2	66	1	0	41.073170731707314	260.3696060037523	0	66
2	67	1	0	109.49180327868852	267.0346083788707	0	67
2	68	1	0	347.5570469798658	271.68680089485457	0	68
2	69	1	0	152.93567251461988	291.2690058479532	0	69
2	70	1	0	226.60333333333332	291.865	0	70
2	71	1	0	25.65714285714286	305.1142857142857	0	71
2	72	1	0	80.55963302752293	307.04128440366975	0	72
2	73	1	0	310.61833333333334	326.2816666666667	0	73
2	74	1	1	381.28546409807353	341.1033274956217	0	74
2	75	1	0	110.89772727272727	344.1666666666667	0	75
2	76	1	0	497.05474452554745	346.96715328467155	0	76
2	77	1	2	78.90862944162437	347.1421319796954	0	77
2	78	1	0	271.8280991735537	347.58181818181816	0	78
2	79	1	0	5.608695652173913	349.2260869565217	0	79
2	80	1	0	49.371428571428574	371.12307692307695	0	80
2	81	1	1	469.3629807692308	377.46634615384613	0	81
2	82	1	1	104.28501228501229	383.74938574938574	0	82
2	83	1	3	294.4398563734291	384.6768402154399	0	83
2	84	1	0	213.4264705882353	388.41830065359477	0	84
2	85	1	0	370.1864406779661	389.32881355932204	0	85
2	86	1	0	126.57859531772576	400.90301003344484	0	86
2	87	1	0	455.4061855670103	401.78144329896907	0	87
2	88	1	0	500.30882352941177	403.74754901960785	0	88
2	89	1	0	426.07035175879395	406.7613065326633	0	89
2	90	1	0	88.27884615384616	414.02884615384613	0	90
2	91	1	0	7.847184986595174	419.06970509383376	0	91
2	92	1	0	330.88628762541805	419.33110367892976	0	92
2	93	1	0	238.99132321041213	423.2147505422993	0	93
2	94	1	0	489.0117096018735	424.6112412177986	0	94
2	95	1	0	380.84644194756555	432.8632958801498	0	95
2	96	1	3	359.5353260869565	433.57608695652175	0	96
2	97	1	0	22.866213151927436	436.04308390022675	0	97
2	98	1	1	115.83195020746888	438.3195020746888	0	98
2	99	1	0	63.251028806584365	443.059670781893	0	99
2	100	1	1	6.3321678321678325	448.40909090909093	0	100
2	101	1	0	226.63545816733068	455.17330677290835	0	101
2	102	1	0	460.04010025062655	455.0576441102757	0	102
2	103	1	3	420.8845315904139	465.48366013071893	0	103
2	104	1	0	300.13598673300163	468.2786069651741	0	104
2	105	1	0	84.45622895622895	471.5976430976431	0	105
2	106	1	0	117.82882882882883	475.6936936936937	0	106
2	107	1	0	2.396039603960396	483.0990099009901	0	107
2	108	1	0	272.86714542190305	484.4129263913824	0	108
2	109	1	0	406.2557603686636	487.08755760368666	0	109
2	110	1	1	368.8588957055215	488.6196319018405	0	110
2	111	1	0	504.15954415954417	492.72079772079775	0	111
2	112	1	0	132.61692650334075	501.1469933184855	0	112
2	113	1	0	474.2266355140187	501.8855140186916	0	113
2	114	1	0	341.2236842105263	503.10526315789474	0	114
2	115	1	0	43.56124721603563	502.5412026726058	0	115
2	116	1	1	251.18352059925093	505.46067415730334	0	116
2	117	1	0	395.916	504.112	0	117
2	118	1	4	423.7039800995025	503.9154228855721	0	118
3	1	1	0	9.955307262569832	4.983240223463687	0	1
3	2	1	0	41.78431372549019	3.5441176470588234	0	2
3	3	1	0	179.94666666666666	3.0733333333333333	0	3
3	4	1	0	263.0632411067194	5.324110671936759	0	4
3	5	1	0	308.0	2.7651006711409396	0	5
3	6	1	0	448.72661870503595	5.661870503597123	0	6
3	7	1	1	427.1577540106952	8.20053475935829	0	7
3	8	1	0	151.02287581699346	9.813725490196079	0	8
3	9	1	0	368.3581560283688	11.803191489361701	0	9
3	10	1	1	108.43223443223444	12.653846153846153	0	10
3	11	1	0	163.6174636174636	24.758835758835758	0	11
3	12	1	0	508.06382978723406	24.4468085106383	0	12
3	13	1	1	258.87931034482756	28.885057471264368	0	13
3	14	1	0	145.03618421052633	32.911184210526315	0	14
3	15	1	1	186.08152173913044	33.19021739130435	0	15
3	16	1	0	99.11975116640747	38.72006220839813	0	16
3	17	1	1	286.7925	44.865	0	17
3	18	1	0	453.5616740088106	44.008810572687224	0	18
3	19	1	0	71.04127579737336	58.812382739212005	0	19
3	20	1	0	238.63747454175152	58.67820773930754	0	20
3	21	1	1	17.471400394477318	62.285996055226825	0	21
3	22	1	0	413.9790874524715	64.79467680608364	0	22
3	23	1	0	343.5110410094637	66.13249211356467	0	23
3	24	1	2	184.00248138957815	72.35235732009926	0	24
3	25	1	1	204.83847980997623	80.56532066508314	0	25
3	26	1	3	166.4021978021978	80.72307692307692	0	26
3	27	1	1	335.8584229390681	86.8225806451613	0	27
3	28	1	0	227.87704918032787	86.28483606557377	0	28
3	29	1	1	24.981042654028435	86.27488151658768	0	29
3	30	1	0	462.60051546391753	92.90979381443299	0	30
3	31	1	0	415.8454680534918	94.3150074294205	0	31
3	32	1	4	111.27056672760511	101.76051188299817	0	32
3	33	1	2	78.51401869158879	102.54953271028037	0	33
3	34	1	2	185.9197247706422	101.49770642201835	0	34
3	35	1	0	505.320197044335	105.45320197044335	0	35
3	36	1	0	261.06102362204723	109.49409448818898	0	36
3	37	1	3	144.24733475479744	111.35394456289978	0	37
3	38	1	0	499.5483870967742	116.49596774193549	0	38
3	39	1	1	24.0761316872428	115.92386831275721	0	39
3	40	1	2	4.285714285714286	120.37619047619047	0	40
3	41	1	0	450.71243523316065	120.40932642487047	0	41
3	42	1	1	151.74045801526717	126.79898218829517	0	42
3	43	1	3	104.45549738219896	129.51439790575915	0	43
3	44	1	3	286.330078125	129.30078125	0	44
3	45	1	0	197.92920353982302	132.07743362831857	0	45
3	46	1	2	340.47211895910783	130.98884758364312	0	46
3	47	1	1	461.678431372549	135.30588235294118	0	47
3	48	1	0	226.1898395721925	130.56951871657753	0	48
3	49	1	1	406.64965197215776	140.6357308584687	0	49
3	50	1	3	309.746	143.318	0	50
3	51	1	1	237.24665391969407	145.07456978967494	0	51
3	52	1	1	51.05118110236221	150.81102362204723	0	52
3	53	1	0	429.10714285714283	153.67261904761904	0	53
3	54	1	0	2.253012048192771	158.50602409638554	0	54
3	55	1	0	387.45043103448273	155.87284482758622	0	55
3	56	1	2	163.447983014862	158.54777070063693	0	56
3	57	1	3	270.3091286307054	160.1058091286307	0	57
3	58	1	0	465.33915211970077	160.0773067331671	0	58
3	59	1	1	306.5469168900804	162.42091152815013	0	59
3	60	1	1	329.5882352941176	165.87782805429865	0	60
3	61	1	3	139.8197424892704	166.3304721030043	0	61
3	62	1	3	497.37931034482756	170.29153605015674	0	62
3	63	1	4	93.9624217118998	170.81837160751564	0	63
3	64	1	3	223.76222222222222	171.00444444444443	0	64
3	65	1	3	206.70756646216768	181.20654396728017	0	65
3	66	1	2	34.50395256916996	187.7490118577075	0	66
3	67	1	3	74.88489208633094	189.31223021582733	0	67
3	68	1	3	489.6561797752809	191.8179775280899	0	68
3	69	1	0	430.20776699029125	191.27378640776698	0	69
3	70	1	1	393.49894736842106	197.2863157894737	0	70
3	71	1	1	15.412393162393162	202.14957264957266	0	71
3	72	1	1	126.47549909255898	201.1923774954628	0	72
3	73	1	3	310.03358778625955	200.6503816793893	0	73
3	74	1	9	263.3456561922366	201.24214417744918	0	74
3	75	1	2	177.08237986270024	207.5537757437071	0	75
3	76	1	1	468.003937007874	209.1771653543307	0	76
3	77	1	2	135.53645833333334	217.1875	0	77
3	78	1	3	350.56066176470586	214.07169117647058	0	78
3	79	1	3	153.7008547008547	216.66495726495725	0	79
3	80	1	4	65.87843137254902	225.81176470588235	0	80
3	81	1	1	129.44347826086957	227.0608695652174	0	81
3	82	1	1	392.1612244897959	226.0081632653061	0	82
3	83	1	5	242.38256227758006	228.83807829181495	0	83
3	84	1	3	92.72846441947566	230.2322097378277	0	84
3	85	1	2	121.58064516129032	239.78801843317973	0	85
3	86	1	0	505.49624060150376	243.2218045112782	0	86
3	87	1	1	410.79540229885055	243.8735632183908	0	87
3	88	1	0	486.29319371727746	245.23560209424085	0	88
3	89	1	5	168.69565217391303	247.7468030690537	0	89
3	90	1	1	463.36559139784947	247.46774193548387	0	90
3	91	1	3	441.3754385964912	251.50701754385966	0	91
3	92	1	17	205.74652777777777	254.80902777777777	0	92
3	93	1	1	340.7004950495049	250.62623762376236	0	93
3	94	1	3	367.05854800936766	257.0	0	94
3	95	1	10	267.7615230460922	257.42284569138275	0	95
3	96	1	4	23.126168224299064	263.66004672897196	0	96
3	97	1	4	93.78439425051334	268.2895277207392	0	97
3	98	1	4	337.8815426997245	267.801652892562	0	98
3	99	1	1	475.21489971346705	266.49570200573066	0	99
3	100	1	2	399.8042226487524	269.5489443378119	0	100
3	101	1	4	69.60098522167488	275.52463054187194	0	101
3	102	1	3	203.43766578249335	278.2758620689655	0	102
3	103	1	11	184.19086021505376	278.73387096774195	0	103
3	104	1	1	252.42756183745584	282.20318021201416	0	104
3	105	1	0	496.5136186770428	284.3054474708171	0	105
3	106	1	1	350.6808510638298	285.6170212765957	0	106
3	107	1	0	443.3086206896552	287.23275862068965	0	107
3	108	1	1	320.52027027027026	289.3018018018018	0	108
3	109	1	4	35.12731006160164	300.0082135523614	0	109
3	110	1	1	88.35693215339234	299.56342182890853	0	110
3	111	1	2	390.93996247654786	296.59287054409003	0	111
3	112	1	5	53.5	308.9776119402985	0	112
3	113	1	3	255.8622641509434	306.5509433962264	0	113
3	114	1	4	445.87988826815644	306.85474860335194	0	114
3	115	1	2	114.72607260726073	308.5907590759076	0	115
3	116	1	1	366.958435207824	314.4254278728606	0	116
3	117	1	3	413.7721238938053	314.9933628318584	0	117
3	118	1	1	482.090625	318.909375	0	118
3	119	1	4	245.89322916666666	326.4583333333333	0	119
3	120	1	2	393.4986666666667	326.67466666666667	0	120
3	121	1	0	434.9842105263158	325.38157894736844	0	121
3	122	1	0	282.73369565217394	328.10869565217394	0	122
3	123	1	2	85.04838709677419	326.05645161290323	0	123
3	124	1	3	68.25977011494253	339.60689655172416	0	124
3	125	1	1	97.06896551724138	342.6116152450091	0	125
3	126	1	5	156.34163701067615	341.87188612099646	0	126
3	127	1	2	319.65036231884056	345.4311594202899	0	127
3	128	1	2	193.89915966386553	349.327731092437	0	128
3	129	1	1	273.4850948509485	357.0271002710027	0	129
3	130	1	0	105.14933333333333	360.4506666666667	0	130
3	131	1	1	231.35802469135803	363.39506172839504	0	131
3	132	1	5	213.13995943204867	369.0953346855984	0	132
3	133	1	4	361.6825842696629	373.4269662921348	0	133
3	134	1	4	162.54156171284635	376.1410579345088	0	134
3	135	1	8	55.66871921182266	381.24384236453204	0	135
3	136	1	1	36.05274725274725	393.9956043956044	0	136
3	137	1	1	112.89	393.855	0	137
3	138	1	2	277.084452975048	395.23608445297504	0	138
3	139	1	1	152.64231738035264	399.0528967254408	0	139
3	140	1	3	209.62571428571428	402.01428571428573	0	140
3	141	1	1	250.58659217877096	402.24022346368713	0	141
3	142	1	2	176.21666666666667	416.4	0	142
3	143	1	2	126.90600522193212	417.6710182767624	0	143
3	144	1	2	41.86666666666667	420.0040404040404	0	144
3	145	1	1	146.4056338028169	419.80281690140845	0	145
3	146	1	3	245.7411067193676	421.69565217391306	0	146
3	147	1	0	105.9971181556196	420.46397694524495	0	147
3	148	1	4	273.1370143149284	423.97750511247443	0	148
3	149	1	1	16.419928825622776	428.3914590747331	0	149
3	150	1	1	86.93736017897092	429.2684563758389	0	150
3	151	1	0	64.51146788990826	448.3463302752294	0	151
3	152	1	4	187.07706422018347	450.65504587155965	0	152
3	153	1	1	104.60377358490567	465.70859538784066	0	153
3	154	1	6	145.18650793650792	467.49801587301585	0	154
3	155	1	0	484.525	470.7267857142857	0	155
3	156	1	14	197.67123287671234	473.23135464231353	0	156
3	157	1	1	269.84893617021277	480.1446808510638	0	157
3	158	1	0	444.4234079173838	499.0740103270224	0	158
3	159	1	1	279.01421800947867	504.0379146919431	0	159
3	160	1	1	321.4985994397759	504.84033613445376	0	160
3	161	1	3	399.97627118644067	505.50847457627117	0	161
4	1	1	0	73.7482269503546	6.2695035460992905	0	1
4	2	1	0	136.0506329113924	5.189873417721519	0	2
4	3	1	0	175.7108108108108	7.197297297297298	0	3
4	4	1	0	381.3888888888889	2.857142857142857	0	4
4	5	1	0	430.867816091954	3.735632183908046	0	5
4	6	1	0	290.6666666666667	4.484848484848484	0	6
4	7	1	0	10.078341013824884	5.824884792626728	0	7
4	8	1	0	273.10769230769233	6.438461538461539	0	8
4	9	1	1	49.8125	9.669642857142858	0	9
4	10	1	0	305.8457142857143	12.471428571428572	0	10
4	11	1	0	477.92505854800936	14.82903981264637	0	11
4	12	1	0	238.66751918158567	16.020460358056265	0	12
4	13	1	0	414.95211267605634	20.76901408450704	0	13
4	14	1	0	356.67590027700834	21.8808864265928	0	14
4	15	1	0	506.84541062801935	22.357487922705314	0	15
4	16	1	0	148.1511879049676	24.82721382289417	0	16
4	17	1	0	221.80963302752295	28.78440366972477	0	17
4	18	1	0	293.12899106002556	33.250319284802046	0	18
4	19	1	0	196.10301507537687	41.266331658291456	0	19
4	20	1	0	62.02493765586035	49.50623441396509	0	20
4	21	1	0	304.1871921182266	50.45812807881774	0	21
4	22	1	0	319.34453781512605	50.596638655462186	0	22
4	23	1	0	222.79558011049724	52.812154696132595	0	23
4	24	1	1	111.3671875	53.73828125	0	24
4	25	1	0	78.36768802228413	56.24512534818942	0	25
4	26	1	0	183.3185595567867	57.49307479224377	0	26
4	27	1	0	92.87403598971723	58.65809768637532	0	27
4	28	1	0	8.711990111248454	63.796044499381956	0	28
4	29	1	0	292.3106267029973	65.3242506811989	0	29
4	30	1	0	243.6258064516129	67.7010752688172	0	30
4	31	1	0	463.742802303263	69.53742802303263	0	31
4	32	1	1	193.5679758308157	73.54682779456193	0	32
4	33	1	0	325.09375	71.99479166666667	0	33
4	34	1	0	313.6617647058824	79.32843137254902	0	34
4	35	1	0	46.01559020044544	85.43875278396436	0	35
4	36	1	0	349.10596026490066	87.80353200883002	0	36
4	37	1	0	23.62043795620438	88.5036496350365	0	37
4	38	1	0	230.19621749408984	91.49645390070921	0	38
4	39	1	4	108.25925925925925	95.30409356725146	0	39
4	40	1	0	276.2167832167832	95.54312354312354	0	40
4	41	1	1	141.23350253807106	98.60406091370558	0	41
4	42	1	0	181.14411247803164	96.97539543057997	0	42
4	43	1	0	440.37631578947367	100.86052631578947	0	43
4	44	1	0	74.72549019607843	105.72829131652661	0	44
4	45	1	1	299.97485493230175	113.33075435203095	0	45
4	46	1	0	239.48467966573816	113.44289693593315	0	46
4	47	1	0	396.67557932263816	114.55614973262033	0	47
4	48	1	0	365.58736842105264	115.52421052631578	0	48
4	49	1	0	323.24465558194777	121.96199524940617	0	49
4	50	1	0	114.5974358974359	122.00256410256411	0	50
4	51	1	1	461.49445676274945	125.30376940133037	0	51
4	52	1	0	502.4240506329114	128.42088607594937	0	52
4	53	1	0	134.8259587020649	129.34513274336283	0	53
4	54	1	0	181.01336073997945	137.88386433710176	0	54
4	55	1	0	403.1878787878788	136.3212121212121	0	55
4	56	1	0	34.24373576309795	138.26879271070615	0	56
4	57	1	2	446.98992443324937	143.23173803526447	0	57
4	58	1	0	323.9557823129252	146.38095238095238	0	58
4	59	1	0	309.7290076335878	151.49236641221373	0	59
4	60	1	1	251.14020618556702	153.16082474226803	0	60
4	61	1	1	369.7995867768595	154.38636363636363	0	61
4	62	1	0	98.20289855072464	155.9746376811594	0	62
4	63	1	0	346.34447300771205	160.21593830334191	0	63
4	64	1	2	482.3646960865945	161.32223147377186	0	64
4	65	1	0	407.4340909090909	164.65227272727273	0	65
4	66	1	0	62.09065934065934	162.44230769230768	0	66
4	67	1	3	237.6340852130326	166.2731829573935	0	67
4	68	1	1	81.51666666666667	170.07692307692307	0	68
4	69	1	0	189.65923566878982	167.35987261146497	0	69
4	70	1	1	202.4709480122324	170.9755351681957	0	70
4	71	1	0	130.07692307692307	173.74074074074073	0	71
4	72	1	1	170.8935185185185	172.6712962962963	0	72
4	73	1	1	33.71900826446281	174.70247933884298	0	73
4	74	1	0	279.5486111111111	175.18287037037038	0	74
4	75	1	0	335.5260273972603	176.33698630136988	0	75
4	76	1	0	320.7673716012085	180.47432024169186	0	76
4	77	1	1	149.32323232323233	178.2929292929293	0	77
4	78	1	0	217.6161369193154	182.4841075794621	0	78
4	79	1	0	300.8486140724947	185.317697228145	0	79
4	80	1	0	498.4488636363636	186.16477272727272	0	80
4	81	1	0	431.9026548672566	188.14823008849558	0	81
4	82	1	0	180.86547085201795	194.03363228699553	0	82
4	83	1	2	153.23282442748092	195.87022900763358	0	83
4	84	1	2	107.58223684210526	194.23684210526315	0	84
4	85	1	0	83.70270270270271	200.31831831831832	0	85
4	86	1	0	431.9124293785311	207.83333333333334	0	86
4	87	1	0	277.4049382716049	210.08395061728396	0	87
4	88	1	0	331.2554744525547	211.09732360097323	0	88
4	89	1	0	95.5986078886311	218.50116009280742	0	89
4	90	1	0	505.5283505154639	217.1520618556701	0	90
4	91	1	0	7.080536912751678	221.11409395973155	0	91
4	92	1	0	385.2342569269521	223.79848866498742	0	92
4	93	1	1	195.71867612293144	222.53191489361703	0	93
4	94	1	0	306.252688172043	228.39247311827958	0	94
4	95	1	0	263.1779359430605	226.02846975088968	0	95
4	96	1	0	337.8272058823529	229.59926470588235	0	96
4	97	1	0	133.32460732984293	226.7068062827225	0	97
4	98	1	0	224.74774774774775	227.80780780780782	0	98
4	99	1	0	165.32647058823528	228.43823529411765	0	99
4	100	1	0	418.3289786223278	231.28028503562945	0	100
4	101	1	0	487.42561983471074	233.4979338842975	0	101
4	102	1	0	58.224924012158056	235.69604863221883	0	102
4	103	1	0	242.367816091954	235.89367816091954	0	103
4	104	1	0	190.68106312292358	237.91029900332225	0	104
4	105	1	0	263.06168831168833	241.16233766233765	0	105
4	106	1	0	4.6217616580310885	240.10362694300517	0	106
4	107	1	0	383.1578947368421	242.65162907268171	0	107
4	108	1	0	454.17670682730926	246.26305220883535	0	108
4	109	1	2	283.98578199052133	241.0829383886256	0	109
4	110	1	0	16.525547445255473	247.79562043795622	0	110
4	111	1	0	93.91015625	248.796875	0	111
4	112	1	0	178.22345132743362	248.9269911504425	0	112
4	113	1	1	153.68820224719101	253.36797752808988	0	113
4	114	1	0	210.5305514157973	251.9344262295082	0	114
4	115	1	0	358.844298245614	252.75438596491227	0	115
4	116	1	0	110.1055900621118	258.3105590062112	0	116
4	117	1	0	505.1363636363636	257.53636363636366	0	117
4	118	1	0	59.99159663865546	260.07563025210084	0	118
4	119	1	0	389.9197324414716	260.74247491638795	0	119
4	120	1	0	242.87855297157623	261.59948320413434	0	120
4	121	1	1	277.646288209607	265.12663755458516	0	121
4	122	1	1	478.7615230460922	263.9619238476954	0	122
4	123	1	0	301.125	266.2040816326531	0	123
4	124	1	0	40.55555555555556	270.5777777777778	0	124
4	125	1	0	106.8605851979346	276.0292598967298	0	125
4	126	1	0	503.05882352941177	274.8269896193772	0	126
4	127	1	0	382.46268656716416	274.6955223880597	0	127
4	128	1	0	8.44311377245509	277.122754491018	0	128
4	129	1	0	269.86829268292684	277.9609756097561	0	129
4	130	1	0	296.76450511945393	280.64505119453923	0	130
4	131	1	0	246.38970588235293	282.3014705882353	0	131
4	132	1	0	26.334246575342465	285.0109589041096	0	132
4	133	1	0	68.69014084507042	282.3380281690141	0	133
4	134	1	0	369.09090909090907	280.7818181818182	0	134
4	135	1	0	328.68652037617557	284.9247648902821	0	135
4	136	1	0	83.06944444444444	286.14930555555554	0	136
4	137	1	0	48.4983922829582	286.40514469453376	0	137
4	138	1	0	203.4712643678161	287.0316091954023	0	138
4	139	1	0	370.4040404040404	295.6439393939394	0	139
4	140	1	1	460.1147859922179	294.36186770428014	0	140
4	141	1	0	277.26634382566584	294.9491525423729	0	141
4	142	1	0	160.67578125	294.93359375	0	142
4	143	1	0	223.78193146417445	298.02803738317755	0	143
4	144	1	2	63.24203821656051	300.1210191082803	0	144
4	145	1	1	76.77581120943952	306.43657817109147	0	145
4	146	1	0	393.9251700680272	305.18367346938777	0	146
4	147	1	2	500.4327485380117	304.6929824561403	0	147
4	148	1	0	18.195121951219512	304.9908536585366	0	148
4	149	1	0	99.12276785714286	306.24107142857144	0	149
4	150	1	1	166.34866828087166	309.14285714285717	0	150
4	151	1	0	307.8557692307692	309.33413461538464	0	151
4	152	1	0	339.05150214592277	307.6609442060086	0	152
4	153	1	0	38.15822784810127	309.2753164556962	0	153
4	154	1	0	415.27292576419217	311.9825327510917	0	154
4	155	1	0	470.27963525835867	309.69908814589667	0	155
4	156	1	0	194.51661631419938	314.35649546827796	0	156
4	157	1	0	353.75748502994014	315.625748502994	0	157
4	158	1	0	46.93037974683544	319.4398734177215	0	158
4	159	1	1	117.50431034482759	322.4454022988506	0	159
4	160	1	0	275.2099792099792	318.32640332640335	0	160
4	161	1	0	143.96783625730995	317.7368421052632	0	161
4	162	1	0	476.55829596412553	324.2645739910314	0	162
4	163	1	0	174.43952802359883	329.59882005899703	0	163
4	164	1	0	222.86529680365297	326.9908675799087	0	164
4	165	1	1	69.8411214953271	330.4299065420561	0	165
4	166	1	0	58.54421768707483	332.74149659863946	0	166
4	167	1	0	331.32236842105266	334.8453947368421	0	167
4	168	1	0	4.801204819277109	333.4578313253012	0	168
4	169	1	0	256.8995433789954	342.148401826484	0	169
4	170	1	0	393.2867647058824	340.02647058823527	0	170
4	171	1	0	447.776	342.01866666666666	0	171
4	172	1	0	508.1639344262295	341.5	0	172
4	173	1	1	301.2916666666667	345.0192307692308	0	173
4	174	1	0	217.6216814159292	347.13274336283183	0	174
4	175	1	0	18.244318181818183	347.5511363636364	0	175
4	176	1	0	43.79365079365079	348.83809523809526	0	176
4	177	1	0	115.80526315789474	352.7	0	177
4	178	1	0	361.824	353.008	0	178
4	179	1	0	479.70258620689657	352.5064655172414	0	179
4	180	1	0	77.29745042492918	355.4362606232295	0	180
4	181	1	0	381.4507772020725	361.26943005181346	0	181
4	182	1	0	184.90251572327045	361.90880503144655	0	182
4	183	1	0	3.8203125	362.734375	0	183
4	184	1	0	30.865671641791046	362.910447761194	0	184
4	185	1	0	403.8839779005525	364.6353591160221	0	185
4	186	1	0	140.15337423312883	368.07055214723925	0	186
4	187	1	0	43.83394833948339	369.9520295202952	0	187
4	188	1	0	104.72445820433437	370.1671826625387	0	188
4	189	1	0	287.4213197969543	371.3604060913706	0	189
4	190	1	0	411.1461794019934	376.54152823920265	0	190
4	191	1	1	18.193154034229828	373.09046454767724	0	191
4	192	1	0	161.68734491315138	377.70223325062034	0	192
4	193	1	0	223.36421725239617	376.9936102236422	0	193
4	194	1	0	479.02201257861634	376.5817610062893	0	194
4	195	1	0	348.40363636363634	377.76363636363635	0	195
4	196	1	1	506.0567164179104	381.5582089552239	0	196
4	197	1	0	448.078125	379.5125	0	197
4	198	1	0	194.45217391304348	380.6376811594203	0	198
4	199	1	0	88.34931506849315	385.958904109589	0	199
4	200	1	0	16.41648590021692	391.21908893709326	0	200
4	201	1	0	306.31799163179915	387.2887029288703	0	201
4	202	1	0	121.68543046357615	394.38079470198676	0	202
4	203	1	0	401.6242603550296	394.79881656804736	0	203
4	204	1	0	192.05714285714285	399.13968253968255	0	204
4	205	1	0	436.85714285714283	395.8253968253968	0	205
4	206	1	0	230.11079545454547	411.77840909090907	0	206
4	207	1	0	461.0990825688073	410.7559633027523	0	207
4	208	1	0	208.7560975609756	412.1184668989547	0	208
4	209	1	0	164.3430420711974	412.2880258899676	0	209
4	210	1	0	129.27323943661972	413.4140845070423	0	210
4	211	1	0	485.984756097561	414.2530487804878	0	211
4	212	1	1	366.2992700729927	415.5985401459854	0	212
4	213	1	0	10.734138972809667	417.8700906344411	0	213
4	214	1	0	77.76851851851852	422.75925925925924	0	214
4	215	1	0	64.77073170731707	426.38048780487804	0	215
4	216	1	1	246.9942693409742	425.2378223495702	0	216
4	217	1	0	396.2369077306733	430.31172069825436	0	217
4	218	1	0	441.18518518518516	427.45061728395063	0	218
4	219	1	0	213.45672191528544	431.47513812154693	0	219
4	220	1	1	325.37526205450735	427.1781970649895	0	220
4	221	1	0	351.8862973760933	431.268221574344	0	221
4	222	1	2	29.36283185840708	438.39823008849555	0	222
4	223	1	0	503.17313432835823	434.9373134328358	0	223
4	224	1	0	332.3027888446215	440.9681274900398	0	224
4	225	1	0	114.87114845938375	443.4873949579832	0	225
4	226	1	0	191.47738693467338	441.7638190954774	0	226
4	227	1	0	453.4167916041979	444.56371814092955	0	227
4	228	1	0	89.58628841607565	439.9078014184397	0	228
4	229	1	0	78.05185185185185	448.5851851851852	0	229
4	230	1	0	59.563131313131315	451.19191919191917	0	230
4	231	1	0	372.45197740112997	452.4180790960452	0	231
4	232	1	0	162.5444162436548	450.71319796954316	0	232
4	233	1	0	73.88135593220339	456.59322033898303	0	233
4	234	1	0	433.30078125	456.08984375	0	234
4	235	1	0	224.10736842105263	458.3557894736842	0	235
4	236	1	0	180.51311953352769	467.7026239067055	0	236
4	237	1	0	198.09059233449477	462.86411149825784	0	237
4	238	1	0	508.0872483221477	464.69127516778525	0	238
4	239	1	0	44.603988603988604	462.55840455840456	0	239
4	240	1	0	126.49795081967213	463.9918032786885	0	240
4	241	1	0	13.10738255033557	467.82214765100673	0	241
4	242	1	0	77.11475409836065	468.84016393442624	0	242
4	243	1	0	475.61200923787527	468.8868360277136	0	243
4	244	1	0	108.61975308641975	471.358024691358	0	244
4	245	1	1	91.65934065934066	472.0842490842491	0	245
4	246	1	0	160.45892351274787	484.8555240793201	0	246
4	247	1	0	405.4745098039216	482.1156862745098	0	247
4	248	1	0	184.3347280334728	486.418410041841	0	248
4	249	1	0	344.53267326732674	492.6574257425743	0	249
4	250	1	0	254.55968169761275	495.83023872679047	0	250
4	251	1	0	228.3695652173913	500.45652173913044	0	251
4	252	1	0	369.1225382932166	502.328227571116	0	252
4	253	1	0	204.6889534883721	502.6831395348837	0	253
4	254	1	0	219.84821428571428	507.10714285714283	0	254
4	255	1	0	25.21917808219178	505.45205479452056	0	255
4	256	1	0	136.29708222811672	505.45623342175065	0	256
4	257	1	0	396.20415224913495	505.46712802768167	0	257
4	258	1	0	467.26657263751764	502.54301833568405	0	258
5	1	1	0	143.144	3.656	0	1
5	2	1	0	178.99065420560748	2.392523364485981	0	2
5	3	1	0	499.1928104575163	8.15032679738562	0	3
5	4	1	0	443.87262872628725	6.6016260162601625	0	4
5	5	1	0	386.1672131147541	7.091803278688524	0	5
5	6	1	1	244.58288770053477	12.64349376114082	0	6
5	7	1	0	330.14871016691956	11.549317147192717	0	7
5	8	1	0	136.74683544303798	15.274261603375528	0	8
5	9	1	0	469.91745283018867	15.304245283018869	0	9
5	10	1	0	436.4863523573201	22.43424317617866	0	10
5	11	1	0	48.784658040665434	20.513863216266174	0	11
5	12	1	0	279.63790446841296	20.311248073959938	0	12
5	13	1	0	306.1559888579387	21.910863509749305	0	13
5	14	1	0	386.2854209445585	25.6694045174538	0	14
5	15	1	0	501.94426229508196	26.770491803278688	0	15
5	16	1	0	205.03519061583577	28.073313782991203	0	16
5	17	1	0	160.53968253968253	29.853968253968254	0	17
5	18	1	1	222.32994923857868	38.974619289340104	0	18
5	19	1	0	373.85313174946003	45.414686825054	0	19
5	20	1	0	355.3068181818182	45.13352272727273	0	20
5	21	1	0	144.9671052631579	47.796052631578945	0	21
5	22	1	0	224.31443298969072	51.34020618556701	0	22
5	23	1	0	239.18507462686568	52.623880597014924	0	23
5	24	1	0	504.2742474916388	54.20401337792642	0	24
5	25	1	1	260.0859375	56.591145833333336	0	25
5	26	1	0	197.6945107398568	61.775656324582336	0	26
5	27	1	0	414.02906976744185	60.81976744186046	0	27
5	28	1	1	298.3168724279835	62.952674897119344	0	28
5	29	1	0	396.23809523809524	64.59863945578232	0	29
5	30	1	0	135.72222222222223	62.37581699346405	0	30
5	31	1	2	173.76254180602007	66.53846153846153	0	31
5	32	1	0	428.7048710601719	70.53008595988538	0	32
5	33	1	0	29.236702127659573	70.68351063829788	0	33
5	34	1	0	361.3204134366925	74.03875968992249	0	34
5	35	1	1	40.19112627986348	81.00682593856655	0	35
5	36	1	0	480.013698630137	79.47945205479452	0	36
5	37	1	0	271.0995575221239	83.04424778761062	0	37
5	38	1	0	344.5034802784223	86.80278422273781	0	38
5	39	1	0	416.0230769230769	91.16923076923077	0	39
5	40	1	0	64.58536585365853	100.32926829268293	0	40
5	41	1	0	318.85175202156336	98.81940700808626	0	41
5	42	1	0	90.52648475120385	104.73194221508828	0	42
5	43	1	0	186.30526315789473	107.90526315789474	0	43
5	44	1	0	435.4657210401891	108.10401891252955	0	44
5	45	1	0	345.1703296703297	110.54395604395604	0	45
5	46	1	2	234.59683794466403	112.0790513833992	0	46
5	47	1	0	126.77858439201452	110.72958257713249	0	47
5	48	1	0	306.04594594594596	115.10810810810811	0	48
5	49	1	0	201.87790697674419	114.43023255813954	0	49
5	50	1	0	216.15089514066497	117.06393861892583	0	50
5	51	1	1	52.89622641509434	116.48899371069183	0	51
5	52	1	0	414.9919137466307	122.78167115902966	0	52
5	53	1	0	134.20255474452554	130.13686131386862	0	53
5	54	1	0	358.7962962962963	125.52592592592593	0	54
5	55	1	0	375.6701030927835	125.0360824742268	0	55
5	56	1	0	448.0846560846561	129.16402116402116	0	56
5	57	1	1	315.9035087719298	131.48830409356725	0	57
5	58	1	0	436.42009132420094	136.76712328767124	0	58
5	59	1	1	58.2	140.57924528301888	0	59
5	60	1	0	170.59259259259258	143.75925925925927	0	60
5	61	1	0	472.09190371991247	145.1706783369803	0	61
5	62	1	0	148.65384615384616	146.92307692307693	0	62
5	63	1	0	352.57783018867923	149.10141509433961	0	63
5	64	1	0	398.4413145539906	152.9718309859155	0	64
5	65	1	3	231.17365269461078	153.34730538922156	0	65
5	66	1	1	263.79639175257734	156.4536082474227	0	66
5	67	1	0	303.7027972027972	154.62412587412587	0	67
5	68	1	0	496.7241379310345	159.5287356321839	0	68
5	69	1	0	198.36389684813753	164.0057306590258	0	69
5	70	1	0	422.5338491295938	170.7330754352031	0	70
5	71	1	0	361.62889518413596	171.0169971671388	0	71
5	72	1	0	508.1734693877551	169.68367346938774	0	72
5	73	1	0	487.0885416666667	175.72395833333334	0	73
5	74	1	0	446.0382775119617	179.23444976076556	0	74
5	75	1	0	237.37866666666667	179.74933333333334	0	75
5	76	1	0	257.1483679525223	186.91394658753708	0	76
5	77	1	2	96.494708994709	188.44444444444446	0	77
5	78	1	0	303.0395833333333	195.58645833333333	0	78
5	79	1	0	158.65339578454333	196.23653395784544	0	79
5	80	1	0	7.5094936708860756	197.53164556962025	0	80
5	81	1	0	446.66211604095565	203.73037542662115	0	81
5	82	1	0	432.17735849056606	208.75849056603772	0	82
5	83	1	2	373.0836653386454	210.60358565737053	0	83
5	84	1	0	493.059670781893	211.6440329218107	0	84
5	85	1	0	30.320987654320987	214.23456790123456	0	85
5	86	1	3	71.55571030640668	214.24930362116993	0	86
5	87	1	0	220.54982817869416	213.8556701030928	0	87
5	88	1	0	469.60103626943004	217.25647668393782	0	88
5	89	1	3	110.29032258064517	222.58797653958945	0	89
5	90	1	0	186.0951086956522	220.22826086956522	0	90
5	91	1	0	359.5815789473684	223.94736842105263	0	91
5	92	1	1	204.62380300957594	228.16963064295484	0	92
5	93	1	1	318.2091917591125	226.6434231378764	0	93
5	94	1	1	292.97641509433964	230.04245283018867	0	94
5	95	1	0	252.44281524926686	231.2375366568915	0	95
5	96	1	0	401.8224299065421	232.59579439252337	0	96
5	97	1	1	157.9077568134172	232.50314465408806	0	97
5	98	1	0	458.368	233.24	0	98
5	99	1	0	69.82528735632184	236.95632183908046	0	99
5	100	1	1	271.4463667820069	235.65051903114187	0	100
5	101	1	0	443.6676737160121	237.90634441087613	0	101
5	102	1	0	339.6520681265207	239.74939172749393	0	102
5	103	1	0	96.38303341902314	240.22365038560412	0	103
5	104	1	0	423.34110169491527	242.7478813559322	0	104
5	105	1	0	302.8378378378378	251.1644144144144	0	105
5	106	1	1	70.26478873239436	254.67323943661972	0	106
5	107	1	1	275.3598484848485	252.99242424242425	0	107
5	108	1	2	230.03257328990227	252.06514657980455	0	108
5	109	1	0	21.16778523489933	255.55480984340045	0	109
5	110	1	0	206.8198757763975	258.0031055900621	0	110
5	111	1	5	42.50534759358289	259.9946524064171	0	111
5	112	1	0	399.72704714640196	267.35483870967744	0	112
5	113	1	0	453.9055690072639	268.4794188861986	0	113
5	114	1	0	224.0051993067591	273.4159445407279	0	114
5	115	1	0	3.4193548387096775	275.98709677419356	0	115
5	116	1	0	129.64066852367688	278.06963788300834	0	116
5	117	1	1	317.99753086419753	279.7901234567901	0	117
5	118	1	0	206.1098901098901	282.2893772893773	0	118
5	119	1	0	505.18702290076334	281.2251908396947	0	119
5	120	1	0	104.22297297297297	283.72072072072075	0	120
5	121	1	0	429.45170454545456	285.79545454545456	0	121
5	122	1	0	46.65346534653465	284.2821782178218	0	122
5	123	1	0	460.85869565217394	286.8840579710145	0	123
5	124	1	0	83.36708860759494	281.55274261603375	0	124
5	125	1	0	255.52393617021278	284.1968085106383	0	125
5	126	1	0	385.52508361204013	283.7826086956522	0	126
5	127	1	0	347.16332378223495	285.4613180515759	0	127
5	128	1	0	119.4060606060606	288.72121212121215	0	128
5	129	1	0	287.4822485207101	286.23668639053255	0	129
5	130	1	0	181.656346749226	293.19195046439626	0	130
5	131	1	0	312.8857142857143	295.1047619047619	0	131
5	132	1	0	75.7909090909091	295.0121212121212	0	132
5	133	1	0	364.7723076923077	293.5723076923077	0	133
5	134	1	0	118.30434782608695	300.3105590062112	0	134
5	135	1	0	385.2457337883959	298.9249146757679	0	135
5	136	1	0	503.4896551724138	301.22758620689655	0	136
5	137	1	1	406.70034052213396	298.1305334846765	0	137
5	138	1	0	138.81059063136456	304.6578411405295	0	138
5	139	1	0	220.36541353383458	308.612030075188	0	139
5	140	1	0	300.25056433408577	306.42212189616254	0	140
5	141	1	1	275.6676217765043	310.865329512894	0	141
5	142	1	0	332.45345345345345	309.53453453453454	0	142
5	143	1	0	482.109409190372	310.32166301969363	0	143
5	144	1	0	37.57605177993528	311.43689320388347	0	144
5	145	1	0	183.4298245614035	317.5263157894737	0	145
5	146	1	0	364.87631578947367	318.9789473684211	0	146
5	147	1	1	400.4069264069264	322.8095238095238	0	147
5	148	1	0	423.87660668380465	323.68637532133675	0	148
5	149	1	0	164.43682310469313	328.69314079422384	0	149
5	150	1	0	505.48595505617976	327.58988764044943	0	150
5	151	1	0	37.01481481481481	331.01975308641977	0	151
5	152	1	0	229.06445993031357	333.411149825784	0	152
5	153	1	0	5.168478260869565	331.7717391304348	0	153
5	154	1	0	390.04901960784315	332.4117647058824	0	154
5	155	1	0	419.4677966101695	338.2067796610169	0	155
5	156	1	0	132.89939024390245	334.5182926829268	0	156
5	157	1	0	93.14545454545454	337.08484848484846	0	157
5	158	1	0	368.59272727272725	339.7236363636364	0	158
5	159	1	0	493.2510460251046	338.5857740585774	0	159
5	160	1	0	150.44101123595505	342.6488764044944	0	160
5	161	1	0	394.5982142857143	338.91964285714283	0	161
5	162	1	0	451.6751592356688	342.57643312101914	0	162
5	163	1	0	201.3397129186603	342.3086124401914	0	163
5	164	1	0	172.4648829431438	344.2307692307692	0	164
5	165	1	0	325.4985590778098	344.7031700288184	0	165
5	166	1	0	494.24120603015075	353.6005025125628	0	166
5	167	1	0	71.76030927835052	349.67525773195877	0	167
5	168	1	0	399.75373134328356	352.7587064676617	0	168
5	169	1	0	345.778125	355.68125	0	169
5	170	1	0	109.72419627749576	358.3096446700508	0	170
5	171	1	1	186.2027027027027	357.2094594594595	0	171
5	172	1	1	199.4840579710145	363.6057971014493	0	172
5	173	1	0	142.47878787878787	362.3878787878788	0	173
5	174	1	0	221.87045454545455	363.7977272727273	0	174
5	175	1	1	286.3127819548872	361.2481203007519	0	175
5	176	1	0	462.8524590163934	365.7254098360656	0	176
5	177	1	0	22.181286549707604	364.4736842105263	0	177
5	178	1	0	430.8313539192399	367.11163895486936	0	178
5	179	1	0	477.6189024390244	373.6829268292683	0	179
5	180	1	0	316.761329305136	372.0604229607251	0	180
5	181	1	0	166.26513911620296	371.8117839607201	0	181
5	182	1	0	235.74931129476585	374.93939393939394	0	182
5	183	1	0	397.9121338912134	376.2531380753138	0	183
5	184	1	1	19.413793103448278	382.0313479623824	0	184
5	185	1	0	266.0977011494253	375.3333333333333	0	185
5	186	1	1	244.6959247648903	386.0971786833856	0	186
5	187	1	0	57.68036529680365	383.2054794520548	0	187
5	188	1	0	296.59882005899703	387.3628318584071	0	188
5	189	1	0	345.27688787185355	384.5675057208238	0	189
5	190	1	0	68.08620689655173	388.37068965517244	0	190
5	191	1	1	186.7751937984496	389.32945736434107	0	191
5	192	1	0	508.60330578512395	392.0082644628099	0	192
5	193	1	0	124.1065830721003	393.54545454545456	0	193
5	194	1	0	454.80258899676375	392.9611650485437	0	194
5	195	1	0	379.5573394495413	400.0183486238532	0	195
5	196	1	0	21.950657894736842	402.67763157894734	0	196
5	197	1	1	424.60759493670884	403.0981012658228	0	197
5	198	1	0	340.0216919739696	404.8351409978308	0	198
5	199	1	0	2.6298701298701297	405.43506493506493	0	199
5	200	1	0	142.4335260115607	405.3034682080925	0	200
5	201	1	0	167.51475409836067	406.41639344262296	0	201
5	202	1	0	238.2627345844504	410.4182305630027	0	202
5	203	1	0	485.9283819628647	411.3740053050398	0	203
5	204	1	0	200.27298850574712	412.98275862068965	0	204
5	205	1	3	31.713310580204777	415.1262798634812	0	205
5	206	1	0	57.647840531561464	415.3421926910299	0	206
5	207	1	0	307.39814814814815	419.90432098765433	0	207
5	208	1	0	85.44124700239809	417.89208633093523	0	208
5	209	1	0	118.47368421052632	419.17763157894734	0	209
5	210	1	0	505.3510638297872	420.18617021276594	0	210
5	211	1	0	154.62745098039215	421.36601307189545	0	211
5	212	1	0	262.5411392405063	425.81962025316454	0	212
5	213	1	0	167.71264367816093	427.39463601532566	0	213
5	214	1	0	227.34796238244513	427.99059561128524	0	214
5	215	1	0	410.38860103626945	429.54404145077723	0	215
5	216	1	1	141.96153846153845	431.15641025641025	0	216
5	217	1	0	283.99007444168734	435.5880893300248	0	217
5	218	1	0	346.12460063897765	435.10223642172525	0	218
5	219	1	0	472.5744680851064	436.43971631205676	0	219
5	220	1	0	317.0326409495549	438.7181008902077	0	220
5	221	1	0	6.064516129032258	443.8279569892473	0	221
5	222	1	0	211.3855140186916	443.7897196261682	0	222
5	223	1	0	140.75604395604395	449.0285714285714	0	223
5	224	1	0	429.8931623931624	445.8034188034188	0	224
5	225	1	0	244.40740740740742	452.2962962962963	0	225
5	226	1	0	314.4935897435897	456.91987179487177	0	226
5	227	1	0	14.105263157894736	466.77562326869804	0	227
5	228	1	0	353.2234957020057	470.21489971346705	0	228
5	229	1	2	65.30470347648262	469.3292433537832	0	229
5	230	1	0	331.18518518518516	470.2053872053872	0	230
5	231	1	0	93.2258064516129	469.7396313364055	0	231
5	232	1	0	252.12747875354108	471.3257790368272	0	232
5	233	1	0	287.01290322580644	470.3838709677419	0	233
5	234	1	0	135.26586102719034	475.5407854984894	0	234
5	235	1	1	491.16985645933016	474.54784688995215	0	235
5	236	1	0	201.1	480.7909090909091	0	236
5	237	1	0	188.38916256157634	484.35960591133005	0	237
5	238	1	1	370.3982808022923	483.8395415472779	0	238
5	239	1	0	449.74841437632136	485.9048625792812	0	239
5	240	1	0	338.8504098360656	489.530737704918	0	240
5	241	1	0	476.6685552407932	490.2747875354108	0	241
5	242	1	0	20.531073446327685	493.01977401129943	0	242
5	243	1	0	109.003003003003	490.20120120120123	0	243
5	244	1	2	153.7185628742515	496.3832335329341	0	244
5	245	1	0	456.6380597014925	499.9440298507463	0	245
5	246	1	0	237.92920353982302	501.0766961651917	0	246
5	247	1	0	315.2735042735043	499.35042735042737	0	247
5	248	1	1	36.52651515151515	503.82954545454544	0	248
5	249	1	0	182.55230125523013	505.0083682008368	0	249
5	250	1	0	209.702752293578	499.84954128440364	0	250
5	251	1	0	285.1264367816092	501.9816091954023	0	251
5	252	1	0	350.4684684684685	508.0900900900901	0	252
5	253	1	0	497.2576923076923	506.2076923076923	0	253
6	1	1	0	141.6890756302521	2.092436974789916	0	1
6	2	1	0	180.020979020979	6.479020979020979	0	2
6	3	1	0	232.4764397905759	8.518324607329843	0	3
6	4	1	0	300.86934673366835	5.0954773869346734	0	4
6	5	1	0	448.66586538461536	8.336538461538462	0	5
6	6	1	0	388.1885336273429	18.456449834619626	0	6
6	7	1	0	26.99441340782123	21.66759776536313	0	7
6	8	1	0	199.19811320754718	22.266509433962263	0	8
6	9	1	0	364.18490566037735	22.747169811320756	0	9
6	10	1	0	285.7811447811448	25.523569023569024	0	10
6	11	1	0	167.86396181384248	30.331742243436754	0	11
6	12	1	0	267.29441624365484	33.974619289340104	0	12
6	13	1	0	106.9004739336493	44.37914691943128	0	13
6	14	1	0	423.9378068739771	44.23076923076923	0	14
6	15	1	0	232.94850948509486	46.18157181571816	0	15
6	16	1	0	485.8673946957878	61.753510140405616	0	16
6	17	1	0	301.5777777777778	66.44444444444444	0	17
6	18	1	0	39.856	68.80266666666667	0	18
6	19	1	0	84.6375	66.5328125	0	19
6	20	1	0	258.330303030303	73.78181818181818	0	20
6	21	1	0	316.1418918918919	72.42567567567568	0	21
6	22	1	0	225.16358024691357	77.83487654320987	0	22
6	23	1	0	378.0785498489426	78.43353474320242	0	23
6	24	1	0	192.85690235690237	82.96296296296296	0	24
6	25	1	0	328.6015037593985	83.22932330827068	0	25
6	26	1	0	486.744	82.368	0	26
6	27	1	0	27.32867132867133	83.58741258741259	0	27
6	28	1	0	349.17832167832165	85.3951048951049	0	28
6	29	1	0	134.37859424920129	100.86900958466454	0	29
6	30	1	0	3.104651162790698	100.24418604651163	0	30
6	31	1	0	61.25473684210527	111.85684210526315	0	31
6	32	1	0	327.43890274314214	109.7780548628429	0	32
6	33	1	0	431.4598930481283	113.90552584670232	0	33
6	34	1	0	40.45671641791045	114.1731343283582	0	34
6	35	1	0	96.49586776859505	120.31611570247934	0	35
6	36	1	0	223.93446088794926	131.5644820295983	0	36
6	37	1	0	11.783561643835617	132.47397260273974	0	37
6	38	1	6	166.7972972972973	131.51351351351352	0	38
6	39	1	0	140.98996655518394	148.65551839464882	0	39
6	40	1	0	200.7530864197531	142.10973936899862	0	40
6	41	1	0	494.70044444444443	150.8328888888889	0	41
6	42	1	4	43.433734939759034	152.65060240963857	0	42
6	43	1	0	410.7573964497041	152.18934911242604	0	43
6	44	1	0	314.06984667802385	158.46507666098807	0	44
6	45	1	0	283.1876288659794	157.35257731958762	0	45
6	46	1	0	369.78270042194094	166.31434599156117	0	46
6	47	1	0	433.74074074074076	169.74444444444444	0	47
6	48	1	0	148.5730769230769	168.85384615384615	0	48
6	49	1	0	196.26055045871558	169.56146788990824	0	49
6	50	1	0	68.45771144278606	169.09452736318408	0	50
6	51	1	0	125.14525993883792	179.09327217125383	0	51
6	52	1	0	291.996015936255	180.54581673306774	0	52
6	53	1	0	82.96899224806202	181.77325581395348	0	53
6	54	1	2	31.666666666666668	187.07002801120447	0	54
6	55	1	0	199.21522309711287	191.31233595800524	0	55
6	56	1	0	51.79784946236559	200.51827956989248	0	56
6	57	1	0	236.66487935656838	197.50134048257374	0	57
6	58	1	0	480.1240875912409	198.53284671532847	0	58
6	59	1	1	305.4568345323741	202.61510791366908	0	59
6	60	1	29	336.7354740061162	206.11926605504587	0	60
6	61	1	0	371.03956043956043	211.67252747252746	0	61
6	62	1	0	442.50773195876286	214.3298969072165	0	62
6	63	1	0	10.511777301927195	219.59100642398286	0	63
6	64	1	0	228.72641509433961	219.4316037735849	0	64
6	65	1	0	399.8360655737705	221.61748633879782	0	65
6	66	1	0	118.91940298507463	222.0776119402985	0	66
6	67	1	0	424.8152173913044	223.82065217391303	0	67
6	68	1	0	76.95973154362416	225.61297539149888	0	68
6	69	1	0	146.8092485549133	226.76300578034682	0	69
6	70	1	22	290.13666666666666	228.16666666666666	0	70
6	71	1	0	157.1089108910891	239.32673267326732	0	71
6	72	1	0	506.9119496855346	238.77987421383648	0	72
6	73	1	0	454.06378600823047	244.46913580246914	0	73
6	74	1	0	93.55145118733509	243.05540897097626	0	74
6	75	1	8	302.8178571428571	241.78214285714284	0	75
6	76	1	1	204.92717086834733	247.99439775910363	0	76
6	77	1	0	330.2910284463895	251.164113785558	0	77
6	78	1	0	150.4218415417559	257.0835117773019	0	78
6	79	1	36	251.33793103448275	252.5494252873563	0	79
6	80	1	13	296.2804674457429	259.96828046744577	0	80
6	81	1	0	113.08396946564885	260.323155216285	0	81
6	82	1	1	259.032967032967	266.8021978021978	0	82
6	83	1	0	124.14797136038186	276.9546539379475	0	83
6	84	1	0	6.209150326797386	277.41503267973854	0	84
6	85	1	0	413.45137157107234	279.72568578553614	0	85
6	86	1	0	446.6275862068965	280.5080459770115	0	86
6	87	1	0	380.4632516703786	288.20489977728283	0	87
6	88	1	0	500.6333938294011	290.497277676951	0	88
6	89	1	28	270.78580814717475	289.8173455978975	0	89
6	90	1	0	104.94776119402985	291.910447761194	0	90
6	91	1	0	171.37366548042704	293.55871886120997	0	91
6	92	1	0	354.8232558139535	294.9441860465116	0	92
6	93	1	0	54.81818181818182	297.67045454545456	0	93
6	94	1	0	38.01933701657459	301.81491712707185	0	94
6	95	1	0	142.44237918215615	302.26022304832713	0	95
6	96	1	0	335.687074829932	305.8775510204082	0	96
6	97	1	18	456.7390180878553	306.54005167958655	0	97
6	98	1	0	317.7094594594595	310.0945945945946	0	98
6	99	1	0	159.17064846416383	318.19795221843003	0	99
6	100	1	0	505.4212765957447	318.1787234042553	0	100
6	101	1	0	358.5078125	320.15625	0	101
6	102	1	0	245.94117647058823	321.1833910034602	0	102
6	103	1	0	22.08433734939759	323.5542168674699	0	103
6	104	1	0	411.5514018691589	320.68224299065423	0	104
6	105	1	4	448.3320079522863	325.2166998011928	0	105
6	106	1	17	134.10385756676558	335.0148367952522	0	106
6	107	1	0	103.83497536945812	334.6625615763547	0	107
6	108	1	0	218.67374517374517	335.7644787644788	0	108
6	109	1	0	402.3481781376518	338.48582995951415	0	109
6	110	1	0	71.59349593495935	343.76964769647697	0	110
6	111	1	0	191.42429577464787	346.3292253521127	0	111
6	112	1	0	29.31972789115646	346.0204081632653	0	112
6	113	1	0	208.3014705882353	349.1617647058824	0	113
6	114	1	0	11.356997971602434	348.87829614604465	0	114
6	115	1	0	167.30275229357798	355.6177370030581	0	115
6	116	1	31	352.5965417867435	356.6340057636888	0	116
6	117	1	0	55.669270833333336	361.1588541666667	0	117
6	118	1	0	139.3835616438356	358.39383561643837	0	118
6	119	1	0	378.5853658536585	360.70034843205576	0	119
6	120	1	0	153.03240740740742	369.0787037037037	0	120
6	121	1	0	118.59850374064838	370.8977556109726	0	121
6	122	1	0	403.4573643410853	370.76356589147287	0	122
6	123	1	0	505.8552278820375	368.8203753351206	0	123
6	124	1	1	237.89085545722713	378.5604719764012	0	124
6	125	1	0	14.674796747967479	381.3414634146341	0	125
6	126	1	17	468.07394366197184	383.9771126760563	0	126
6	127	1	0	26.49560117302053	391.88856304985336	0	127
6	128	1	0	175.61323155216286	394.2824427480916	0	128
6	129	1	0	82.13310580204778	398.25597269624575	0	129
6	130	1	0	406.80534351145036	398.618320610687	0	130
6	131	1	0	419.6368715083799	401.16759776536315	0	131
6	132	1	0	140.4794520547945	404.45433789954336	0	132
6	133	1	0	117.81909547738694	411.8643216080402	0	133
6	134	1	0	233.6705882352941	416.21176470588233	0	134
6	135	1	0	205.33070866141733	420.70603674540683	0	135
6	136	1	0	105.3277108433735	423.2867469879518	0	136
6	137	1	0	391.46957878315135	424.33853354134163	0	137
6	138	1	0	461.3965517241379	420.38505747126436	0	138
6	139	1	24	287.0753424657534	424.4691780821918	0	139
6	140	1	0	62.20402298850575	423.5560344827586	0	140
6	141	1	0	21.77403846153846	425.87259615384613	0	141
6	142	1	0	472.265625	424.609375	0	142
6	143	1	0	86.37466307277629	430.3153638814016	0	143
6	144	1	0	176.72668112798266	427.17353579175705	0	144
6	145	1	0	40.67733333333333	427.688	0	145
6	146	1	0	444.1790017211704	431.96901893287435	0	146
6	147	1	0	240.44594594594594	431.2128378378378	0	147
6	148	1	0	472.3392857142857	434.7767857142857	0	148
6	149	1	0	163.3489932885906	438.3154362416107	0	149
6	150	1	0	272.0293103448276	442.6258620689655	0	150
6	151	1	0	195.83288409703505	443.46091644204853	0	151
6	152	1	0	11.66161616161616	450.69444444444446	0	152
6	153	1	0	338.88170055452866	449.5064695009242	0	153
6	154	1	0	111.26315789473684	455.2953216374269	0	154
6	155	1	17	220.7323076923077	457.79692307692306	0	155
6	156	1	0	33.91794871794872	461.46153846153845	0	156
6	157	1	0	136.63771186440678	461.79237288135596	0	157
6	158	1	0	244.19417475728156	465.7718446601942	0	158
6	159	1	0	177.0	470.9932432432432	0	159
6	160	1	0	339.3859649122807	471.1842105263158	0	160
6	161	1	0	450.97777777777776	471.83529411764704	0	161
6	162	1	0	221.28761061946904	475.5221238938053	0	162
6	163	1	0	286.3425925925926	479.47222222222223	0	163
6	164	1	0	52.716510903426794	480.21183800623055	0	164
6	165	1	0	80.71608040201005	483.9924623115578	0	165
6	166	1	0	67.34818941504179	492.6434540389972	0	166
6	167	1	0	160.36130536130537	487.1818181818182	0	167
6	168	1	0	202.40034662045062	492.6724436741768	0	168
6	169	1	0	108.04	498.4575	0	169
6	170	1	1	296.1899109792285	495.2551928783383	0	170
6	171	1	0	241.04015296367112	497.5640535372849	0	171
6	172	1	0	332.61290322580646	496.0709677419355	0	172
6	173	1	0	370.54545454545456	495.8349282296651	0	173
6	174	1	0	130.82824427480915	500.08015267175574	0	174
6	175	1	0	263.43636363636364	502.94545454545454	0	175
6	176	1	0	4.2560975609756095	502.9878048780488	0	176
6	177	1	0	47.92114695340502	503.910394265233	0	177
6	178	1	0	309.37894736842105	508.34736842105264	0	178
