ImageNumber	ObjectNumber	Location_Center_X	Location_Center_Y	Location_Center_Z	Number_Object_Number	Parent_Cells	Parent_Nuclei
1	1	36.0	9.0	0	1	1	1
1	2	230.0	10.0	0	2	7	7
1	3	18.0	14.0	0	3	1	1
1	4	121.0	18.0	0	4	8	0
1	5	139.0	22.5	0	5	8	8
1	6	113.5	36.0	0	6	22	22
1	7	115.0	36.0	0	7	22	0
1	8	121.0	36.0	0	8	15	15
1	9	143.0	36.0	0	9	15	0
1	10	499.0	37.0	0	10	14	14
1	11	204.0	39.0	0	11	16	16
1	12	143.0	43.0	0	12	15	0
1	13	61.0	44.0	0	13	17	17
1	14	122.0	44.0	0	14	15	15
1	15	109.0	45.0	0	15	22	22
1	16	131.0	45.0	0	16	15	15
1	17	258.0	48.0	0	17	25	25
1	18	255.0	49.0	0	18	25	25
1	19	205.0	52.0	0	19	27	0
1	20	108.0	54.0	0	20	22	22
1	21	210.0	56.0	0	21	27	0
1	22	252.0	63.5	0	22	25	0
1	23	112.0	65.0	0	23	28	0
1	24	159.0	65.0	0	24	0	0
1	25	106.0	66.0	0	25	28	0
1	26	107.0	69.0	0	26	28	0
1	27	274.0	78.0	0	27	30	0
1	28	129.0	94.0	0	28	0	0
1	29	365.0	112.0	0	29	34	34
1	30	273.0	115.0	0	30	36	36
1	31	410.5	117.0	0	31	35	35
1	32	267.0	121.0	0	32	36	36
1	33	303.0	125.0	0	33	40	0
1	34	305.0	125.0	0	34	40	0
1	35	346.0	126.0	0	35	38	0
1	36	304.0	127.0	0	36	40	0
1	37	312.0	131.0	0	37	40	0
1	38	315.5	131.0	0	38	40	0
1	39	299.0	132.0	0	39	40	0
1	40	301.0	132.0	0	40	40	0
1	41	304.0	135.0	0	41	40	40
1	42	215.0	136.0	0	42	39	0
1	43	303.5	137.5	0	43	40	40
1	44	310.0	140.0	0	44	40	40
1	45	296.0	142.0	0	45	40	0
1	46	299.0	141.5	0	46	40	40
1	47	297.6666666666667	145.33333333333334	0	47	40	40
1	48	307.0	146.0	0	48	40	40
1	49	316.0	152.5	0	49	45	45
1	50	298.5	153.0	0	50	40	40
1	51	296.0	155.0	0	51	40	0
1	52	163.0	168.0	0	52	46	46
1	53	134.0	184.0	0	53	0	0
1	54	360.0	190.0	0	54	47	0
1	55	472.0	196.0	0	55	51	0
1	56	145.0	206.0	0	56	50	50
1	57	469.0	207.0	0	57	51	0
1	58	238.0	211.0	0	58	52	52
1	59	50.0	215.0	0	59	55	55
1	60	9.0	218.0	0	60	56	56
1	61	255.0	218.0	0	61	53	0
1	62	269.5	218.5	0	62	53	53
1	63	98.0	229.0	0	63	0	0
1	64	291.0	231.0	0	64	54	54
1	65	223.0	234.0	0	65	52	0
1	66	399.5	234.0	0	66	58	0
1	67	324.0	238.0	0	67	57	0
1	68	276.0	239.0	0	68	53	0
1	69	359.0	239.0	0	69	58	0
1	70	378.0	239.0	0	70	58	0
1	71	32.0	246.0	0	71	55	0
1	72	398.0	252.0	0	72	62	0
1	73	297.0	262.0	0	73	65	0
1	74	60.0	267.0	0	74	64	64
1	75	212.0	268.0	0	75	69	0
1	76	312.0	271.0	0	76	65	65
1	77	340.0	273.0	0	77	70	0
1	78	274.0	279.0	0	78	66	66
1	79	306.5	285.0	0	79	65	0
1	80	269.5	291.0	0	80	66	0
1	81	204.0	303.0	0	81	69	69
1	82	417.0	305.0	0	82	74	0
1	83	409.0	314.0	0	83	74	74
1	84	396.0	319.0	0	84	74	0
1	85	282.5	321.0	0	85	76	0
1	86	93.0	323.0	0	86	81	0
1	87	49.0	326.0	0	87	80	80
1	88	60.0	342.0	0	88	80	0
1	89	170.0	352.0	0	89	85	0
1	90	242.0	356.0	0	90	90	90
1	91	310.0	360.0	0	91	93	93
1	92	417.5	362.0	0	92	88	88
1	93	305.0	367.0	0	93	93	93
1	94	391.0	367.0	0	94	99	0
1	95	358.0	369.0	0	95	92	92
1	96	121.0	370.0	0	96	84	0
1	97	278.0	380.0	0	97	91	0
1	98	53.0	391.0	0	98	96	0
1	99	121.0	396.0	0	99	101	0
1	100	315.0	397.0	0	100	103	0
1	101	232.0	420.0	0	101	111	0
1	102	131.5	421.0	0	102	106	0
1	103	311.0	427.0	0	103	110	110
1	104	174.0	430.0	0	104	109	109
1	105	431.0	440.0	0	105	105	0
1	106	453.0	442.0	0	106	112	112
1	107	327.0	448.0	0	107	114	0
1	108	370.0	451.0	0	108	107	0
1	109	328.0	453.0	0	109	114	114
1	110	317.0	455.0	0	110	114	0
1	111	315.0	461.0	0	111	114	114
1	112	319.0	464.0	0	112	114	114
1	113	335.0	469.0	0	113	114	0
1	114	290.5	471.5	0	114	120	120
1	115	334.5	472.0	0	115	114	0
1	116	261.0	480.0	0	116	120	120
1	117	400.0	482.0	0	117	126	126
1	118	26.0	499.0	0	118	131	131
1	119	378.0	505.0	0	119	136	136
1	120	287.0	511.0	0	120	135	135
2	1	207.0	4.0	0	1	0	0
2	2	330.0	6.0	0	2	2	2
2	3	408.0	9.0	0	3	3	0
2	4	307.0	15.5	0	4	12	0
2	5	37.0	23.0	0	5	9	9
2	6	314.0	28.0	0	6	12	12
2	7	129.0	29.0	0	7	11	0
2	8	250.0	29.0	0	8	6	0
2	9	192.0	57.0	0	9	16	16
2	10	429.0	58.0	0	10	14	0
2	11	162.0	61.0	0	11	19	0
2	12	396.0	61.0	0	12	13	0
2	13	357.0	79.0	0	13	23	0
2	14	137.0	81.0	0	14	30	0
2	15	383.0	83.5	0	15	29	0
2	16	237.0	92.0	0	16	0	0
2	17	365.5	92.0	0	17	29	29
2	18	269.0	98.0	0	18	35	0
2	19	322.0	98.0	0	19	32	32
2	20	318.0	103.0	0	20	32	32
2	21	342.0	105.5	0	21	32	32
2	22	83.0	106.5	0	22	41	0
2	23	319.0	107.0	0	23	32	32
2	24	359.0	107.0	0	24	29	29
2	25	122.0	108.0	0	25	28	28
2	26	261.0	108.0	0	26	34	34
2	27	315.0	108.0	0	27	32	0
2	28	215.0	110.0	0	28	36	36
2	29	341.3333333333333	110.33333333333333	0	29	32	32
2	30	413.0	110.0	0	30	38	38
2	31	327.0	113.5	0	31	32	32
2	32	330.5	114.0	0	32	32	32
2	33	343.0	115.0	0	33	32	0
2	34	364.0	115.0	0	34	29	0
2	35	194.5	116.0	0	35	33	33
2	36	244.0	116.0	0	36	34	0
2	37	318.0	117.0	0	37	32	0
2	38	33.0	120.0	0	38	37	37
2	39	337.0	121.0	0	39	42	0
2	40	380.0	121.0	0	40	29	0
2	41	246.5	122.0	0	41	34	34
2	42	423.0	123.0	0	42	40	40
2	43	136.0	125.0	0	43	30	0
2	44	347.0	125.0	0	44	42	0
2	45	422.0	125.0	0	45	40	40
2	46	418.0	127.0	0	46	40	40
2	47	433.0	128.0	0	47	40	0
2	48	465.0	128.0	0	48	0	0
2	49	444.0	130.0	0	49	40	0
2	50	246.0	131.0	0	50	34	0
2	51	400.0	134.0	0	51	40	0
2	52	246.0	134.5	0	52	34	0
2	53	422.0	138.0	0	53	40	40
2	54	398.0	139.0	0	54	40	40
2	55	400.5	140.0	0	55	40	40
2	56	405.5	141.0	0	56	40	40
2	57	424.0	141.0	0	57	40	0
2	58	320.0	141.5	0	58	44	44
2	59	244.5	143.0	0	59	34	0
2	60	248.0	143.0	0	60	34	0
2	61	391.0	143.5	0	61	40	0
2	62	417.0	145.0	0	62	40	0
2	63	422.0	145.0	0	63	40	0
2	64	419.0	146.0	0	64	40	0
2	65	410.0	148.0	0	65	40	0
2	66	415.0	149.0	0	66	40	0
2	67	328.0	151.0	0	67	44	44
2	68	408.0	151.0	0	68	40	0
2	69	305.0	153.0	0	69	44	44
2	70	429.0	155.0	0	70	0	0
2	71	280.0	155.5	0	71	46	46
2	72	246.0	157.0	0	72	49	0
2	73	143.0	158.0	0	73	39	0
2	74	228.5	158.0	0	74	49	49
2	75	383.0	157.5	0	75	50	0
2	76	381.0	161.0	0	76	50	0
2	77	306.0	163.0	0	77	44	44
2	78	375.0	165.0	0	78	50	0
2	79	286.5	166.0	0	79	46	46
2	80	376.5	166.5	0	80	50	0
2	81	377.5	169.0	0	81	50	0
2	82	235.5	170.0	0	82	49	49
2	83	279.6666666666667	171.66666666666666	0	83	46	46
2	84	310.5	172.0	0	84	44	0
2	85	167.0	174.0	0	85	48	48
2	86	88.5	178.0	0	86	53	53
2	87	464.0	180.0	0	87	52	0
2	88	22.0	183.0	0	88	0	0
2	89	329.0	192.0	0	89	56	0
2	90	108.0	195.0	0	90	54	54
2	91	289.0	196.0	0	91	56	0
2	92	1.0	202.0	0	92	58	0
2	93	42.0	204.0	0	93	59	0
2	94	8.0	208.0	0	94	58	0
2	95	12.0	208.5	0	95	58	0
2	96	7.0	213.0	0	96	58	58
2	97	0.0	215.0	0	97	58	58
2	98	6.0	215.0	0	98	58	58
2	99	1.0	219.0	0	99	58	58
2	100	3.0	219.0	0	100	58	58
2	101	10.0	223.0	0	101	58	58
2	102	3.0	223.5	0	102	58	58
2	103	107.0	224.0	0	103	61	0
2	104	424.0	231.0	0	104	0	0
2	105	468.5	234.0	0	105	0	0
2	106	500.0	235.0	0	106	0	0
2	107	187.5	236.0	0	107	62	62
2	108	454.0	236.0	0	108	0	0
2	109	464.0	239.0	0	109	0	0
2	110	500.0	241.0	0	110	0	0
2	111	508.0	242.0	0	111	0	0
2	112	503.5	245.0	0	112	0	0
2	113	479.0	247.0	0	113	0	0
2	114	499.0	247.0	0	114	0	0
2	115	508.0	248.66666666666666	0	115	0	0
2	116	496.0	251.0	0	116	0	0
2	117	489.0	252.0	0	117	0	0
2	118	511.0	253.0	0	118	0	0
2	119	411.0	254.0	0	119	64	64
2	120	495.0	255.0	0	120	0	0
2	121	494.0	257.0	0	121	0	0
2	122	502.0	259.0	0	122	0	0
2	123	504.5	262.0	0	123	0	0
2	124	473.0	264.0	0	124	0	0
2	125	94.0	265.0	0	125	67	0
2	126	436.0	265.0	0	126	0	0
2	127	315.0	267.0	0	127	65	65
2	128	456.0	267.0	0	128	0	0
2	129	245.0	268.0	0	129	0	0
2	130	511.0	268.0	0	130	0	0
2	131	471.5	271.0	0	131	0	0
2	132	510.0	272.0	0	132	0	0
2	133	169.5	274.0	0	133	69	0
2	134	392.0	275.0	0	134	64	0
2	135	446.6666666666667	276.0	0	135	0	0
2	136	382.0	278.0	0	136	0	0
2	137	167.0	285.0	0	137	69	0
2	138	463.0	288.0	0	138	0	0
2	139	473.0	288.5	0	139	0	0
2	140	476.0	289.0	0	140	0	0
2	141	479.0	291.0	0	141	0	0
2	142	470.0	293.0	0	142	0	0
2	143	474.5	294.0	0	143	0	0
2	144	477.5	294.5	0	144	0	0
2	145	500.0	296.0	0	145	0	0
2	146	482.0	297.0	0	146	0	0
2	147	500.0	299.0	0	147	0	0
2	148	469.0	301.0	0	148	0	0
2	149	487.0	302.0	0	149	0	0
2	150	468.0	303.0	0	150	0	0
2	151	483.0	303.0	0	151	0	0
2	152	400.0	304.0	0	152	0	0
2	153	487.0	304.0	0	153	0	0
2	154	491.0	304.0	0	154	0	0
2	155	504.0	304.5	0	155	0	0
2	156	227.0	305.0	0	156	70	0
2	157	482.6	305.2	0	157	0	0
2	158	492.5	306.0	0	158	0	0
2	159	489.0	307.0	0	159	0	0
2	160	460.0	309.0	0	160	0	0
2	161	477.0	308.5	0	161	0	0
2	162	480.5	309.0	0	162	0	0
2	163	487.0	309.0	0	163	0	0
2	164	435.0	310.0	0	164	0	0
2	165	457.0	310.0	0	165	0	0
2	166	491.0	311.0	0	166	0	0
2	167	97.0	312.0	0	167	72	0
2	168	486.0	313.0	0	168	0	0
2	169	488.0	312.5	0	169	0	0
2	170	485.0	315.0	0	170	0	0
2	171	56.0	317.0	0	171	72	0
2	172	75.0	317.0	0	172	72	0
2	173	491.0	317.0	0	173	0	0
2	174	476.0	321.5	0	174	0	0
2	175	100.5	323.0	0	175	75	0
2	176	483.0	323.0	0	176	0	0
2	177	481.0	326.0	0	177	76	0
2	178	479.5	326.5	0	178	0	0
2	179	20.0	331.0	0	179	79	0
2	180	70.0	342.0	0	180	77	77
2	181	375.0	346.0	0	181	74	74
2	182	454.0	348.0	0	182	0	0
2	183	73.0	354.0	0	183	77	77
2	184	364.0	355.0	0	184	74	0
2	185	180.0	359.0	0	185	0	0
2	186	2.0	363.0	0	186	79	0
2	187	214.0	374.0	0	187	84	0
2	188	224.0	374.0	0	188	84	0
2	189	509.0	378.0	0	189	0	0
2	190	114.5	382.5	0	190	82	0
2	191	461.0	383.0	0	191	81	81
2	192	259.0	389.0	0	192	0	0
2	193	283.0	390.0	0	193	83	0
2	194	304.0	390.0	0	194	83	83
2	195	107.0	392.0	0	195	82	82
2	196	304.0	394.0	0	196	83	83
2	197	302.5	396.0	0	197	83	83
2	198	93.0	396.5	0	198	82	0
2	199	311.0	397.0	0	199	83	0
2	200	462.0	418.0	0	200	87	0
2	201	355.0	421.0	0	201	96	0
2	202	361.5	425.0	0	202	96	96
2	203	358.0	429.0	0	203	96	96
2	204	185.0	434.0	0	204	0	0
2	205	352.5	439.0	0	205	96	96
2	206	114.0	440.0	0	206	98	98
2	207	0.0	446.0	0	207	100	100
2	208	511.0	453.0	0	208	0	0
2	209	162.0	458.0	0	209	0	0
2	210	403.0	459.0	0	210	103	0
2	211	472.0	459.0	0	211	102	0
2	212	404.0	461.0	0	212	103	0
2	213	423.5	463.0	0	213	103	103
2	214	429.0	463.0	0	214	103	103
2	215	149.0	471.0	0	215	0	0
2	216	431.5	473.5	0	216	103	103
2	217	9.0	476.0	0	217	107	0
2	218	498.0	481.0	0	218	111	0
2	219	263.0	491.5	0	219	108	0
2	220	437.0	494.0	0	220	118	0
2	221	250.0	499.0	0	221	116	116
2	222	361.5	499.0	0	222	110	110
2	223	421.0	499.0	0	223	118	118
2	224	432.0	499.0	0	224	118	118
2	225	259.0	500.0	0	225	116	0
2	226	424.0	502.0	0	226	118	118
2	227	420.0	503.0	0	227	118	118
2	228	379.0	506.0	0	228	110	0
2	229	405.0	506.0	0	229	117	0
3	1	438.0	6.0	0	1	7	7
3	2	112.0	9.0	0	2	10	10
3	3	253.0	19.0	0	3	13	13
3	4	189.0	20.0	0	4	15	15
3	5	11.0	28.0	0	5	0	0
3	6	88.0	28.0	0	6	16	0
3	7	20.0	32.0	0	7	0	0
3	8	20.0	37.0	0	8	21	0
3	9	440.0	42.0	0	9	18	0
3	10	277.0	43.0	0	10	17	17
3	11	118.0	45.0	0	11	16	0
3	12	428.0	47.0	0	12	22	0
3	13	183.0	53.0	0	13	15	0
3	14	21.0	55.0	0	14	21	21
3	15	273.0	58.0	0	15	17	0
3	16	118.0	61.0	0	16	16	0
3	17	160.0	70.0	0	17	26	26
3	18	261.0	70.0	0	18	20	0
3	19	192.0	72.0	0	19	24	24
3	20	30.0	73.0	0	20	21	0
3	21	433.0	73.0	0	21	22	0
3	22	138.0	74.0	0	22	0	0
3	23	303.0	76.0	0	23	0	0
3	24	6.0	80.0	0	24	29	0
3	25	85.0	81.0	0	25	33	0
3	26	192.0	81.0	0	26	24	24
3	27	178.0	82.0	0	27	26	26
3	28	160.0	84.0	0	28	26	26
3	29	454.0	84.0	0	29	30	0
3	30	23.0	88.0	0	30	29	29
3	31	302.5	88.0	0	31	0	0
3	32	353.0	89.0	0	32	27	0
3	33	87.0	90.0	0	33	33	33
3	34	330.0	90.0	0	34	27	27
3	35	184.0	92.0	0	35	34	34
3	36	110.0	93.0	0	36	32	32
3	37	432.0	94.0	0	37	31	0
3	38	207.0	95.0	0	38	25	25
3	39	501.0	95.0	0	39	35	0
3	40	73.5	96.0	0	40	33	33
3	41	117.0	96.0	0	41	32	32
3	42	379.0	98.0	0	42	0	0
3	43	180.0	99.0	0	43	34	34
3	44	252.0	101.0	0	44	36	0
3	45	91.0	103.0	0	45	33	0
3	46	321.0	103.0	0	46	27	0
3	47	120.0	104.0	0	47	32	32
3	48	139.0	105.0	0	48	37	37
3	49	101.0	108.0	0	49	32	32
3	50	0.0	109.0	0	50	40	40
3	51	235.0	110.0	0	51	48	0
3	52	154.0	112.0	0	52	37	37
3	53	284.0	113.0	0	53	44	0
3	54	288.0	113.0	0	54	44	0
3	55	137.0	115.0	0	55	37	37
3	56	113.0	118.0	0	56	43	43
3	57	413.0	119.0	0	57	31	0
3	58	32.0	120.0	0	58	39	39
3	59	342.3333333333333	121.33333333333333	0	59	46	46
3	60	393.0	121.0	0	60	49	0
3	61	425.0	122.0	0	61	49	0
3	62	1.0	124.0	0	62	40	40
3	63	298.5	124.5	0	63	44	44
3	64	300.0	127.0	0	64	44	44
3	65	79.0	128.0	0	65	43	0
3	66	137.0	128.0	0	66	37	0
3	67	160.0	128.0	0	67	42	42
3	68	418.0	129.0	0	68	49	0
3	69	300.0	130.0	0	69	44	44
3	70	354.0	132.0	0	70	46	0
3	71	119.0	133.0	0	71	43	43
3	72	311.0	133.0	0	72	50	50
3	73	178.0	134.0	0	73	45	0
3	74	5.0	137.0	0	74	40	0
3	75	110.0	137.0	0	75	43	43
3	76	278.0	140.0	0	76	44	0
3	77	416.0	140.0	0	77	49	49
3	78	466.0	141.0	0	78	47	47
3	79	335.0	142.0	0	79	46	46
3	80	131.0	145.0	0	80	61	0
3	81	231.0	145.0	0	81	51	51
3	82	132.0	148.0	0	82	61	0
3	83	157.0	148.0	0	83	56	56
3	84	199.0	148.0	0	84	45	0
3	85	305.0	148.0	0	85	50	50
3	86	154.0	149.0	0	86	56	0
3	87	146.0	150.0	0	87	61	0
3	88	151.0	152.0	0	88	56	0
3	89	279.0	152.0	0	89	57	57
3	90	303.0	153.0	0	90	50	50
3	91	136.0	154.0	0	91	61	0
3	92	335.5	154.0	0	92	60	0
3	93	349.0	154.0	0	93	60	0
3	94	207.5	156.0	0	94	64	0
3	95	243.0	156.0	0	95	51	0
3	96	168.0	157.0	0	96	56	56
3	97	138.0	159.0	0	97	61	61
3	98	42.5	160.0	0	98	52	0
3	99	53.0	160.0	0	99	52	52
3	100	345.5	160.0	0	100	60	0
3	101	230.0	162.0	0	101	64	0
3	102	313.0	162.0	0	102	59	59
3	103	450.0	162.0	0	103	58	0
3	104	94.5	163.0	0	104	63	63
3	105	211.0	164.0	0	105	64	0
3	106	236.0	164.0	0	106	64	64
3	107	270.0	164.0	0	107	57	57
3	108	277.5	165.0	0	108	57	57
3	109	344.0	165.0	0	109	60	0
3	110	219.0	166.0	0	110	64	64
3	111	82.0	167.0	0	111	63	0
3	112	216.5	167.0	0	112	64	64
3	113	331.0	167.0	0	113	60	60
3	114	347.0	168.0	0	114	60	0
3	115	139.0	169.0	0	115	61	61
3	116	499.0	169.0	0	116	62	62
3	117	109.0	170.0	0	117	63	0
3	118	504.0	170.0	0	118	62	62
3	119	78.0	171.0	0	119	63	0
3	120	429.0	171.0	0	120	53	0
3	121	11.0	174.0	0	121	54	0
3	122	391.0	174.0	0	122	55	0
3	123	476.0	174.0	0	123	58	0
3	124	93.0	177.0	0	124	63	63
3	125	137.0	178.0	0	125	61	61
3	126	499.0	178.0	0	126	62	62
3	127	205.0	179.0	0	127	65	65
3	128	491.0	179.0	0	128	68	68
3	129	156.0	180.0	0	129	56	0
3	130	57.0	181.0	0	130	67	0
3	131	99.0	181.0	0	131	63	63
3	132	496.0	181.0	0	132	68	68
3	133	77.0	182.0	0	133	67	67
3	134	101.0	182.0	0	134	63	63
3	135	142.0	182.0	0	135	61	0
3	136	348.0	182.0	0	136	60	0
3	137	139.0	183.0	0	137	61	0
3	138	475.0	185.0	0	138	68	0
3	139	36.0	186.0	0	139	66	66
3	140	264.0	186.0	0	140	74	0
3	141	82.0	189.0	0	141	67	67
3	142	248.0	189.0	0	142	74	0
3	143	300.0	189.0	0	143	73	0
3	144	209.0	190.0	0	144	65	65
3	145	402.0	190.0	0	145	70	70
3	146	32.0	191.0	0	146	66	66
3	147	69.0	191.0	0	147	67	67
3	148	132.0	191.0	0	148	72	72
3	149	258.0	191.0	0	149	74	74
3	150	318.0	191.0	0	150	73	73
3	151	408.0	191.0	0	151	70	0
3	152	489.0	191.5	0	152	68	68
3	153	218.0	191.5	0	153	65	65
3	154	249.0	192.0	0	154	74	0
3	155	271.0	192.0	0	155	74	74
3	156	265.0	195.0	0	156	74	74
3	157	273.0	195.0	0	157	74	74
3	158	312.5	195.0	0	158	73	73
3	159	338.0	195.0	0	159	78	0
3	160	507.0	195.0	0	160	68	0
3	161	167.0	196.0	0	161	75	0
3	162	217.0	196.0	0	162	65	0
3	163	276.5	198.0	0	163	74	0
3	164	476.0	201.0	0	164	76	76
3	165	151.0	202.0	0	165	79	0
3	166	154.0	202.0	0	166	79	0
3	167	174.0	202.0	0	167	75	75
3	168	242.0	202.0	0	168	74	0
3	169	265.0	203.0	0	169	74	74
3	170	351.0	204.0	0	170	78	78
3	171	164.0	204.5	0	171	75	0
3	172	370.5	206.0	0	172	78	0
3	173	271.5	207.0	0	173	74	74
3	174	431.0	207.0	0	174	69	0
3	175	454.0	207.0	0	175	76	0
3	176	20.0	208.0	0	176	71	71
3	177	168.0	208.0	0	177	75	75
3	178	261.0	208.0	0	178	74	74
3	179	276.0	208.0	0	179	74	0
3	180	260.5	211.5	0	180	74	74
3	181	306.0	211.0	0	181	73	73
3	182	136.0	212.0	0	182	77	77
3	183	255.0	212.0	0	183	74	0
3	184	62.0	213.0	0	184	80	80
3	185	65.0	213.0	0	185	80	80
3	186	86.0	213.0	0	186	84	0
3	187	139.0	213.0	0	187	77	77
3	188	163.0	213.0	0	188	79	79
3	189	261.0	213.0	0	189	74	74
3	190	204.0	214.0	0	190	0	0
3	191	287.0	214.0	0	191	73	0
3	192	430.0	214.0	0	192	69	0
3	193	399.0	215.0	0	193	82	82
3	194	233.0	216.0	0	194	83	0
3	195	301.0	216.0	0	195	73	0
3	196	246.0	217.0	0	196	83	83
3	197	297.0	217.0	0	197	73	0
3	198	229.5	218.0	0	198	83	0
3	199	147.0	220.0	0	199	79	79
3	200	142.5	221.5	0	200	79	79
3	201	183.0	222.0	0	201	75	0
3	202	339.0	222.0	0	202	78	78
3	203	352.0	225.0	0	203	78	78
3	204	130.0	226.0	0	204	81	81
3	205	245.0	227.0	0	205	83	83
3	206	95.33333333333333	228.33333333333334	0	206	84	84
3	207	92.0	229.0	0	207	84	84
3	208	248.0	229.0	0	208	83	83
3	209	243.0	230.0	0	209	83	83
3	210	327.0	230.0	0	210	78	0
3	211	71.0	233.0	0	211	80	80
3	212	144.0	234.0	0	212	79	0
3	213	254.5	234.0	0	213	83	83
3	214	373.0	235.0	0	214	82	0
3	215	198.0	236.0	0	215	92	0
3	216	495.0	236.0	0	216	88	0
3	217	27.0	238.0	0	217	96	0
3	218	56.0	238.0	0	218	80	0
3	219	64.0	239.0	0	219	80	80
3	220	96.0	239.0	0	220	84	84
3	221	165.0	239.0	0	221	89	89
3	222	188.5	241.0	0	222	92	0
3	223	204.0	241.0	0	223	92	0
3	224	213.0	241.0	0	224	92	92
3	225	217.5	241.5	0	225	92	0
3	226	194.0	242.0	0	226	92	0
3	227	100.5	243.0	0	227	84	0
3	228	213.5	243.0	0	228	92	92
3	229	225.0	243.0	0	229	92	0
3	230	331.0	243.0	0	230	93	0
3	231	179.0	244.5	0	231	89	89
3	232	194.0	244.0	0	232	92	0
3	233	211.0	244.0	0	233	92	92
3	234	217.66666666666666	243.33333333333334	0	234	92	92
3	235	16.0	245.0	0	235	96	0
3	236	130.0	245.0	0	236	85	85
3	237	208.5	245.0	0	237	92	92
3	238	213.5	245.0	0	238	92	92
3	239	216.0	245.0	0	239	92	92
3	240	229.0	245.0	0	240	83	0
3	241	332.0	245.0	0	241	93	0
3	242	195.0	246.5	0	242	92	92
3	243	200.0	246.0	0	243	92	92
3	244	19.0	247.0	0	244	96	0
3	245	211.0	247.0	0	245	92	92
3	246	218.0	247.0	0	246	92	92
3	247	353.0	247.0	0	247	93	93
3	248	370.0	247.0	0	248	94	0
3	249	118.0	248.0	0	249	85	85
3	250	182.0	248.0	0	250	89	0
3	251	270.0	248.0	0	251	95	95
3	252	277.0	248.0	0	252	95	0
3	253	266.0	249.0	0	253	95	95
3	254	281.5	249.0	0	254	95	0
3	255	365.0	249.0	0	255	94	94
3	256	162.0	250.0	0	256	89	89
3	257	165.5	250.0	0	257	89	89
3	258	243.5	251.0	0	258	83	0
3	259	383.5	251.0	0	259	94	0
3	260	215.0	252.0	0	260	92	92
3	261	322.5	252.0	0	261	93	0
3	262	472.0	252.0	0	262	90	90
3	263	73.0	253.0	0	263	101	0
3	264	164.0	253.0	0	264	89	89
3	265	180.0	253.0	0	265	89	0
3	266	238.0	253.0	0	266	83	0
3	267	281.0	253.0	0	267	95	0
3	268	416.0	253.0	0	268	87	87
3	269	195.5	254.0	0	269	92	92
3	270	201.0	254.0	0	270	92	92
3	271	253.0	254.0	0	271	95	95
3	272	261.0	254.0	0	272	95	95
3	273	375.0	254.0	0	273	94	94
3	274	442.0	254.0	0	274	91	91
3	275	204.0	257.0	0	275	92	92
3	276	323.0	257.0	0	276	93	0
3	277	41.0	257.5	0	277	96	0
3	278	180.0	258.0	0	278	89	0
3	279	250.0	258.0	0	279	95	0
3	280	253.0	258.0	0	280	95	0
3	281	278.0	258.0	0	281	95	95
3	282	431.0	258.0	0	282	91	91
3	283	74.0	259.0	0	283	101	0
3	284	263.5	259.0	0	284	95	95
3	285	199.0	260.0	0	285	92	92
3	286	206.5	260.0	0	286	92	92
3	287	281.0	260.0	0	287	95	95
3	288	349.0	260.0	0	288	98	0
3	289	452.0	260.0	0	289	91	91
3	290	16.0	261.0	0	290	96	96
3	291	95.0	261.0	0	291	97	97
3	292	124.0	261.0	0	292	85	0
3	293	359.0	261.0	0	293	94	94
3	294	28.0	262.0	0	294	96	96
3	295	247.0	262.0	0	295	95	0
3	296	265.5	262.5	0	296	95	95
3	297	286.0	262.0	0	297	95	0
3	298	336.0	262.0	0	298	98	98
3	299	484.0	263.0	0	299	99	99
3	300	64.0	264.0	0	300	101	0
3	301	95.0	264.0	0	301	97	97
3	302	102.0	264.0	0	302	97	97
3	303	283.0	264.0	0	303	95	0
3	304	315.5	264.0	0	304	98	0
3	305	66.0	265.0	0	305	101	101
3	306	188.0	265.0	0	306	103	0
3	307	274.0	265.0	0	307	95	95
3	308	64.0	266.0	0	308	101	101
3	309	262.0	266.0	0	309	95	95
3	310	342.0	266.0	0	310	98	98
3	311	324.0	267.0	0	311	98	0
3	312	99.0	268.0	0	312	97	97
3	313	181.0	268.0	0	313	103	103
3	314	191.0	268.0	0	314	102	0
3	315	418.0	268.0	0	315	100	0
3	316	39.333333333333336	269.0	0	316	96	96
3	317	223.0	269.0	0	317	92	0
3	318	174.5	270.0	0	318	103	0
3	319	497.0	270.0	0	319	105	0
3	320	172.0	271.0	0	320	103	0
3	321	185.0	271.0	0	321	103	103
3	322	188.0	271.0	0	322	103	103
3	323	195.0	271.0	0	323	102	102
3	324	372.0	271.0	0	324	94	0
3	325	411.0	271.0	0	325	100	100
3	326	179.0	273.0	0	326	103	103
3	327	382.0	273.0	0	327	111	0
3	328	188.5	274.5	0	328	103	103
3	329	390.0	274.0	0	329	100	100
3	330	20.0	275.0	0	330	96	96
3	331	318.0	275.0	0	331	108	0
3	332	330.0	275.0	0	332	98	98
3	333	337.0	275.0	0	333	98	98
3	334	175.0	276.0	0	334	103	103
3	335	191.0	276.0	0	335	103	103
3	336	211.0	276.0	0	336	102	102
3	337	198.0	277.0	0	337	102	102
3	338	312.0	277.0	0	338	108	0
3	339	49.0	278.0	0	339	96	0
3	340	177.0	279.0	0	340	103	103
3	341	385.0	279.0	0	341	111	111
3	342	466.0	279.0	0	342	107	0
3	343	272.0	280.0	0	343	104	0
3	344	313.0	280.0	0	344	108	108
3	345	469.0	280.0	0	345	99	0
3	346	61.0	281.0	0	346	101	0
3	347	176.0	281.0	0	347	103	103
3	348	195.0	281.0	0	348	103	103
3	349	50.666666666666664	282.6666666666667	0	349	101	0
3	350	110.0	282.0	0	350	97	0
3	351	396.0	282.0	0	351	100	0
3	352	48.0	283.0	0	352	109	0
3	353	220.0	283.0	0	353	102	0
3	354	22.0	284.0	0	354	96	0
3	355	66.0	284.0	0	355	101	101
3	356	87.0	284.0	0	356	97	0
3	357	271.5	286.0	0	357	104	0
3	358	183.0	287.0	0	358	103	103
3	359	38.0	288.0	0	359	109	109
3	360	91.33333333333333	288.6666666666667	0	360	110	110
3	361	343.0	288.0	0	361	106	106
3	362	60.666666666666664	289.3333333333333	0	362	101	0
3	363	65.0	290.0	0	363	101	101
3	364	57.0	291.0	0	364	112	0
3	365	479.0	291.0	0	365	105	0
3	366	10.0	292.0	0	366	96	0
3	367	249.0	292.0	0	367	104	104
3	368	56.5	294.5	0	368	112	112
3	369	61.0	294.0	0	369	112	0
3	370	340.0	294.0	0	370	106	0
3	371	40.0	295.0	0	371	109	109
3	372	257.0	296.0	0	372	113	113
3	373	119.0	298.0	0	373	115	0
3	374	352.0	298.0	0	374	106	0
3	375	422.0	298.0	0	375	107	0
3	376	54.5	299.0	0	376	112	112
3	377	329.5	299.5	0	377	108	0
3	378	214.0	300.0	0	378	102	0
3	379	46.0	301.0	0	379	109	109
3	380	106.0	301.0	0	380	115	0
3	381	217.0	300.5	0	381	102	0
3	382	386.0	303.0	0	382	111	111
3	383	438.0	303.0	0	383	114	114
3	384	485.0	303.0	0	384	118	0
3	385	416.0	304.0	0	385	117	0
3	386	46.0	305.0	0	386	112	112
3	387	123.0	305.0	0	387	115	115
3	388	106.0	306.0	0	388	115	115
3	389	246.0	306.0	0	389	113	113
3	390	330.0	306.0	0	390	108	0
3	391	337.5	306.0	0	391	108	0
3	392	46.0	307.0	0	392	112	112
3	393	442.0	308.0	0	393	114	114
3	394	75.0	309.0	0	394	110	0
3	395	67.0	310.0	0	395	112	0
3	396	419.0	310.0	0	396	117	117
3	397	444.0	311.0	0	397	114	114
3	398	450.0	311.0	0	398	114	114
3	399	470.0	311.0	0	399	118	0
3	400	33.0	312.0	0	400	109	109
3	401	83.0	312.0	0	401	110	0
3	402	357.0	312.0	0	402	116	116
3	403	59.0	313.0	0	403	112	112
3	404	426.0	313.0	0	404	117	117
3	405	70.0	314.0	0	405	123	0
3	406	257.0	317.0	0	406	113	113
3	407	76.0	318.0	0	407	123	0
3	408	124.0	318.0	0	408	115	0
3	409	416.0	318.0	0	409	117	117
3	410	491.5	318.0	0	410	118	118
3	411	79.0	320.0	0	411	123	123
3	412	247.0	320.0	0	412	119	119
3	413	253.0	321.0	0	413	119	119
3	414	193.0	322.0	0	414	0	0
3	415	391.0	324.0	0	415	120	120
3	416	53.0	325.0	0	416	112	0
3	417	76.5	325.5	0	417	123	123
3	418	68.0	327.0	0	418	124	124
3	419	397.0	327.0	0	419	120	120
3	420	2.0	329.0	0	420	0	0
3	421	159.0	329.0	0	421	126	0
3	422	247.0	329.0	0	422	119	119
3	423	243.5	330.0	0	423	119	119
3	424	305.0	330.0	0	424	127	0
3	425	4.0	331.0	0	425	0	0
3	426	6.0	331.0	0	426	0	0
3	427	41.0	331.0	0	427	112	0
3	428	101.0	332.0	0	428	125	125
3	429	336.0	332.0	0	429	127	0
3	430	207.0	336.5	0	430	128	0
3	431	68.0	337.0	0	431	124	124
3	432	492.0	339.0	0	432	118	0
3	433	165.0	340.0	0	433	126	126
3	434	316.0	340.0	0	434	127	127
3	435	68.5	341.0	0	435	124	124
3	436	263.0	341.0	0	436	129	0
3	437	304.5	342.0	0	437	127	0
3	438	490.0	344.0	0	438	118	0
3	439	199.0	346.0	0	439	128	128
3	440	162.0	347.0	0	440	126	126
3	441	414.0	348.0	0	441	0	0
3	442	167.0	349.0	0	442	126	126
3	443	204.0	350.0	0	443	128	128
3	444	158.0	351.0	0	444	126	126
3	445	150.5	352.0	0	445	126	126
3	446	268.0	352.0	0	446	129	129
3	447	323.0	352.0	0	447	127	127
3	448	78.0	356.0	0	448	124	0
3	449	224.0	356.5	0	449	132	0
3	450	370.0	356.0	0	450	133	0
3	451	138.0	360.0	0	451	126	0
3	452	357.0	360.0	0	452	133	0
3	453	138.0	362.0	0	453	126	0
3	454	24.0	366.0	0	454	0	0
3	455	162.0	366.0	0	455	134	134
3	456	5.5	367.0	0	456	0	0
3	457	365.5	367.5	0	457	133	133
3	458	59.0	368.0	0	458	135	135
3	459	233.0	368.0	0	459	131	131
3	460	357.0	368.0	0	460	133	133
3	461	212.0	369.0	0	461	132	132
3	462	52.0	370.0	0	462	135	135
3	463	45.0	371.0	0	463	135	135
3	464	37.0	372.0	0	464	135	0
3	465	299.0	372.0	0	465	0	0
3	466	319.0	372.0	0	466	127	0
3	467	67.0	373.0	0	467	135	135
3	468	79.0	373.0	0	468	135	0
3	469	213.5	373.0	0	469	132	132
3	470	356.0	373.0	0	470	133	133
3	471	371.0	373.0	0	471	133	133
3	472	20.0	374.0	0	472	136	0
3	473	53.0	374.0	0	473	135	135
3	474	59.0	374.0	0	474	135	135
3	475	228.0	374.0	0	475	132	0
3	476	338.0	374.0	0	476	133	0
3	477	143.0	375.0	0	477	134	0
3	478	218.0	375.0	0	478	132	132
3	479	37.0	376.0	0	479	135	0
3	480	141.0	376.0	0	480	134	0
3	481	159.0	378.0	0	481	134	134
3	482	211.0	379.0	0	482	132	132
3	483	216.0	379.0	0	483	132	132
3	484	337.0	379.0	0	484	133	0
3	485	158.0	381.0	0	485	134	134
3	486	30.0	383.0	0	486	136	0
3	487	291.0	383.0	0	487	138	0
3	488	54.0	384.0	0	488	135	135
3	489	102.0	386.0	0	489	137	0
3	490	141.0	386.0	0	490	139	0
3	491	169.0	386.0	0	491	134	134
3	492	271.0	386.0	0	492	138	138
3	493	126.0	387.0	0	493	137	0
3	494	138.0	387.0	0	494	139	0
3	495	159.0	387.0	0	495	139	0
3	496	305.0	387.0	0	496	0	0
3	497	24.0	388.0	0	497	136	0
3	498	49.0	388.0	0	498	135	135
3	499	217.0	389.0	0	499	140	0
3	500	241.0	390.0	0	500	141	0
3	501	430.0	391.0	0	501	0	0
3	502	226.0	393.0	0	502	140	0
3	503	297.0	393.0	0	503	138	0
3	504	312.5	393.0	0	504	0	0
3	505	20.0	395.0	0	505	136	0
3	506	209.0	395.0	0	506	140	140
3	507	36.0	396.0	0	507	136	136
3	508	171.0	396.0	0	508	139	0
3	509	268.0	397.0	0	509	138	138
3	510	141.0	398.0	0	510	139	139
3	511	110.0	399.0	0	511	137	137
3	512	233.0	400.0	0	512	141	0
3	513	482.0	402.0	0	513	0	0
3	514	190.5	405.0	0	514	140	0
3	515	119.0	406.0	0	515	137	0
3	516	472.0	407.0	0	516	0	0
3	517	199.0	408.0	0	517	140	140
3	518	244.0	409.0	0	518	141	141
3	519	133.5	410.0	0	519	143	143
3	520	169.0	410.0	0	520	142	142
3	521	220.0	410.0	0	521	140	140
3	522	186.0	411.5	0	522	142	142
3	523	281.0	411.5	0	523	148	0
3	524	295.0	414.0	0	524	148	0
3	525	150.0	415.0	0	525	145	145
3	526	44.0	416.0	0	526	144	144
3	527	241.0	416.0	0	527	146	146
3	528	52.0	419.0	0	528	144	144
3	529	207.0	419.0	0	529	140	0
3	530	232.0	419.0	0	530	146	0
3	531	311.0	419.0	0	531	0	0
3	532	94.0	420.0	0	532	150	0
3	533	261.0	420.0	0	533	148	148
3	534	27.0	421.0	0	534	149	149
3	535	259.0	422.0	0	535	146	146
3	536	276.0	423.0	0	536	148	148
3	537	122.0	425.0	0	537	143	143
3	538	265.0	425.0	0	538	148	148
3	539	96.0	426.0	0	539	150	150
3	540	206.0	426.0	0	540	140	0
3	541	482.0	426.0	0	541	0	0
3	542	246.5	428.5	0	542	146	146
3	543	302.0	428.0	0	543	0	0
3	544	320.0	429.0	0	544	0	0
3	545	1.0	431.0	0	545	149	0
3	546	54.5	431.5	0	546	144	0
3	547	220.0	432.0	0	547	146	0
3	548	261.0	433.0	0	548	148	0
3	549	277.0	433.0	0	549	148	148
3	550	250.0	434.0	0	550	146	0
3	551	254.5	435.0	0	551	146	0
3	552	61.0	436.0	0	552	151	0
3	553	139.0	438.0	0	553	145	0
3	554	261.5	441.0	0	554	148	0
3	555	191.0	444.0	0	555	152	152
3	556	205.0	444.0	0	556	152	0
3	557	173.0	448.0	0	557	152	152
3	558	107.0	450.0	0	558	153	0
3	559	156.0	449.5	0	559	154	0
3	560	300.0	450.0	0	560	0	0
3	561	192.0	452.0	0	561	152	152
3	562	255.0	452.0	0	562	0	0
3	563	353.0	452.0	0	563	0	0
3	564	153.0	453.0	0	564	154	0
3	565	150.0	454.0	0	565	154	154
3	566	161.0	454.0	0	566	154	0
3	567	182.0	455.0	0	567	152	152
3	568	78.0	456.0	0	568	151	0
3	569	104.0	456.0	0	569	153	153
3	570	157.0	456.0	0	570	154	154
3	571	148.0	457.0	0	571	154	154
3	572	157.0	459.0	0	572	154	154
3	573	64.0	461.0	0	573	151	0
3	574	398.0	461.0	0	574	0	0
3	575	137.0	462.0	0	575	154	0
3	576	168.0	462.0	0	576	154	0
3	577	197.0	462.0	0	577	156	156
3	578	144.0	463.0	0	578	154	154
3	579	165.0	463.0	0	579	154	0
3	580	191.5	463.5	0	580	156	156
3	581	208.5	464.5	0	581	156	156
3	582	180.0	465.0	0	582	156	0
3	583	210.0	465.0	0	583	156	156
3	584	212.0	465.0	0	584	156	0
3	585	16.0	466.0	0	585	0	0
3	586	165.0	466.0	0	586	154	0
3	587	214.0	466.0	0	587	156	0
3	588	295.0	466.0	0	588	0	0
3	589	466.0	466.0	0	589	155	0
3	590	145.0	467.0	0	590	154	154
3	591	209.0	467.0	0	591	156	156
3	592	184.0	468.0	0	592	156	156
3	593	197.0	468.0	0	593	156	156
3	594	179.5	469.0	0	594	156	0
3	595	304.0	469.0	0	595	0	0
3	596	220.0	470.0	0	596	156	0
3	597	218.0	471.0	0	597	156	0
3	598	36.0	472.0	0	598	0	0
3	599	197.0	472.0	0	599	156	156
3	600	32.0	473.0	0	600	0	0
3	601	182.0	473.0	0	601	156	156
3	602	37.0	474.0	0	602	0	0
3	603	287.0	474.0	0	603	157	0
3	604	409.0	474.0	0	604	0	0
3	605	191.5	476.0	0	605	156	156
3	606	218.0	476.5	0	606	156	0
3	607	282.0	477.0	0	607	157	157
3	608	327.0	477.0	0	608	0	0
3	609	407.0	477.0	0	609	0	0
3	610	35.0	478.0	0	610	0	0
3	611	176.0	478.0	0	611	156	0
3	612	192.0	479.0	0	612	156	156
3	613	38.0	481.0	0	613	0	0
3	614	156.0	481.0	0	614	154	0
3	615	207.0	481.0	0	615	156	156
3	616	210.0	481.0	0	616	156	156
3	617	132.0	482.0	0	617	154	0
3	618	180.5	482.0	0	618	156	0
3	619	222.0	482.0	0	619	156	0
3	620	186.5	483.0	0	620	156	0
3	621	196.0	483.0	0	621	156	156
3	622	213.5	483.0	0	622	156	0
3	623	70.0	484.0	0	623	0	0
3	624	189.0	484.0	0	624	156	0
3	625	363.0	484.0	0	625	0	0
3	626	183.0	485.0	0	626	156	0
3	627	212.66666666666666	486.6666666666667	0	627	156	0
3	628	110.0	488.0	0	628	153	0
3	629	226.0	488.0	0	629	0	0
3	630	249.0	488.0	0	630	157	0
3	631	207.0	489.0	0	631	156	0
3	632	187.0	490.0	0	632	156	0
3	633	202.0	490.0	0	633	156	0
3	634	205.0	490.0	0	634	156	0
3	635	210.0	490.0	0	635	156	0
3	636	219.0	490.0	0	636	156	0
3	637	66.0	491.0	0	637	0	0
3	638	216.0	491.0	0	638	156	0
3	639	347.0	493.0	0	639	0	0
3	640	323.0	495.0	0	640	160	0
3	641	337.0	496.5	0	641	160	0
3	642	37.0	498.0	0	642	0	0
3	643	41.0	498.0	0	643	0	0
3	644	63.0	500.0	0	644	0	0
3	645	48.0	501.0	0	645	0	0
3	646	162.0	501.0	0	646	0	0
3	647	389.3333333333333	501.3333333333333	0	647	161	161
3	648	429.0	501.0	0	648	158	0
3	649	371.0	502.0	0	649	0	0
3	650	373.0	502.0	0	650	0	0
3	651	380.0	502.0	0	651	161	0
3	652	48.0	503.0	0	652	0	0
3	653	50.0	503.0	0	653	0	0
3	654	54.0	503.0	0	654	0	0
3	655	383.0	503.0	0	655	161	0
3	656	410.0	503.0	0	656	161	161
3	657	410.0	506.0	0	657	161	161
3	658	413.0	506.0	0	658	161	0
3	659	45.0	507.0	0	659	0	0
3	660	387.0	507.0	0	660	161	0
3	661	157.0	508.0	0	661	0	0
3	662	238.0	508.0	0	662	0	0
3	663	196.5	509.0	0	663	0	0
3	664	277.0	509.0	0	664	159	159
3	665	51.0	510.0	0	665	0	0
3	666	308.0	510.0	0	666	160	160
4	1	49.0	4.0	0	1	9	9
4	2	56.666666666666664	14.666666666666666	0	2	9	0
4	3	57.0	22.0	0	3	9	0
4	4	212.0	27.0	0	4	17	0
4	5	323.0	43.0	0	5	22	0
4	6	129.0	57.0	0	6	24	0
4	7	458.5	59.0	0	7	31	0
4	8	209.0	60.0	0	8	23	0
4	9	266.0	60.0	0	9	30	0
4	10	104.33333333333333	65.33333333333333	0	10	24	24
4	11	201.66666666666666	67.66666666666667	0	11	32	32
4	12	100.0	89.0	0	12	39	39
4	13	97.0	90.0	0	13	39	39
4	14	97.5	92.0	0	14	39	39
4	15	116.0	95.0	0	15	39	39
4	16	131.0	100.0	0	16	41	41
4	17	339.0	101.0	0	17	36	0
4	18	282.0	111.0	0	18	40	0
4	19	297.5	121.0	0	19	45	45
4	20	487.0	125.0	0	20	52	0
4	21	286.0	127.0	0	21	45	0
4	22	286.0	129.0	0	22	45	0
4	23	466.0	129.0	0	23	51	51
4	24	83.0	146.5	0	24	68	0
4	25	442.0	147.0	0	25	57	57
4	26	479.0	148.0	0	26	64	64
4	27	447.0	150.0	0	27	57	57
4	28	230.5	152.0	0	28	67	0
4	29	247.0	154.5	0	29	60	60
4	30	235.0	155.0	0	30	67	67
4	31	449.0	155.0	0	31	57	0
4	32	239.0	156.0	0	32	67	67
4	33	380.5	160.5	0	33	61	61
4	34	88.0	161.0	0	34	68	68
4	35	475.0	162.0	0	35	64	64
4	36	322.0	162.5	0	36	58	0
4	37	210.5	164.0	0	37	70	70
4	38	19.0	167.0	0	38	73	73
4	39	248.0	167.0	0	39	67	67
4	40	178.0	171.5	0	40	72	72
4	41	146.0	175.0	0	41	77	77
4	42	247.0	176.0	0	42	67	0
4	43	54.5	185.0	0	43	73	0
4	44	169.0	185.0	0	44	82	0
4	45	105.5	186.0	0	45	84	84
4	46	154.0	187.0	0	46	83	83
4	47	164.0	198.0	0	47	83	0
4	48	258.5	198.5	0	48	87	0
4	49	99.5	200.0	0	49	84	84
4	50	149.0	204.0	0	50	83	83
4	51	199.0	208.0	0	51	93	0
4	52	185.5	215.0	0	52	93	93
4	53	292.5	217.0	0	53	94	0
4	54	111.0	227.0	0	54	89	0
4	55	290.5	254.0	0	55	109	109
4	56	279.5	257.0	0	56	109	109
4	57	340.0	257.0	0	57	115	0
4	58	150.0	262.0	0	58	113	113
4	59	479.3333333333333	262.6666666666667	0	59	122	122
4	60	272.0	266.0	0	60	121	121
4	61	451.5	288.5	0	61	140	140
4	62	149.0	296.0	0	62	142	0
4	63	149.66666666666666	298.3333333333333	0	63	142	0
4	64	87.5	300.0	0	64	145	0
4	65	171.5	300.0	0	65	150	150
4	66	63.0	304.0	0	66	144	144
4	67	65.0	304.0	0	67	144	144
4	68	498.0	308.0	0	68	147	147
4	69	503.5	314.0	0	69	147	147
4	70	74.0	318.0	0	70	145	145
4	71	119.0	324.0	0	71	159	159
4	72	64.5	328.0	0	72	165	165
4	73	244.0	341.0	0	73	169	0
4	74	298.5	347.0	0	74	173	173
4	75	496.0	355.0	0	75	179	0
4	76	15.0	367.0	0	76	191	191
4	77	501.0	390.0	0	77	196	196
4	78	459.0	392.0	0	78	207	0
4	79	464.0	393.0	0	79	207	0
4	80	32.0	415.0	0	80	222	0
4	81	361.0	416.0	0	81	212	212
4	82	330.5	421.0	0	82	220	220
4	83	31.5	422.0	0	83	222	0
4	84	140.0	427.0	0	84	210	0
4	85	253.5	428.0	0	85	216	216
4	86	32.0	433.0	0	86	222	222
4	87	36.0	433.0	0	87	222	222
4	88	390.0	447.0	0	88	231	0
4	89	392.0	448.0	0	89	217	0
4	90	389.0	449.0	0	90	231	0
4	91	389.0	452.0	0	91	231	0
4	92	393.0	452.0	0	92	231	0
4	93	21.0	454.0	0	93	222	0
4	94	237.0	465.0	0	94	235	0
4	95	94.0	475.0	0	95	245	245
4	96	430.0	479.0	0	96	247	0
4	97	253.0	481.0	0	97	250	0
4	98	112.0	483.0	0	98	244	0
4	99	248.0	483.0	0	99	250	0
4	100	105.0	499.0	0	100	0	0
4	101	408.0	502.0	0	101	257	0
5	1	152.0	19.0	0	1	8	0
5	2	259.0	23.0	0	2	6	6
5	3	246.0	27.0	0	3	6	0
5	4	217.0	41.0	0	4	18	18
5	5	294.5	57.0	0	5	28	28
5	6	261.0	65.0	0	6	25	25
5	7	174.0	74.0	0	7	31	31
5	8	181.66666666666666	73.66666666666667	0	8	31	0
5	9	171.0	75.0	0	9	31	31
5	10	177.0	77.5	0	10	31	0
5	11	41.0	89.0	0	11	35	35
5	12	235.0	107.0	0	12	46	46
5	13	56.0	108.0	0	13	51	51
5	14	252.0	115.0	0	14	46	0
5	15	388.5	118.0	0	15	55	0
5	16	227.66666666666666	123.66666666666667	0	16	46	46
5	17	324.0	125.5	0	17	57	57
5	18	220.0	148.0	0	18	65	65
5	19	221.0	150.0	0	19	65	65
5	20	54.0	152.5	0	20	59	59
5	21	239.0	153.0	0	21	65	65
5	22	253.0	158.0	0	22	66	66
5	23	240.0	163.0	0	23	65	0
5	24	405.5	167.5	0	24	64	0
5	25	100.0	170.0	0	25	77	0
5	26	64.5	178.0	0	26	0	0
5	27	409.0	185.0	0	27	70	0
5	28	103.5	186.0	0	28	77	77
5	29	117.66666666666667	186.33333333333334	0	29	77	0
5	30	101.5	189.5	0	30	77	77
5	31	223.33333333333334	193.66666666666666	0	31	75	0
5	32	108.0	197.0	0	32	77	0
5	33	73.0	198.0	0	33	86	0
5	34	206.5	204.5	0	34	92	0
5	35	111.0	206.0	0	35	89	0
5	36	351.0	209.0	0	36	91	0
5	37	369.0	212.0	0	37	83	83
5	38	361.0	213.0	0	38	83	83
5	39	111.0	214.0	0	39	89	89
5	40	85.0	215.0	0	40	86	86
5	41	68.5	216.0	0	41	86	86
5	42	211.0	218.5	0	42	92	92
5	43	444.5	220.0	0	43	81	0
5	44	64.0	221.0	0	44	86	86
5	45	333.0	221.0	0	45	93	93
5	46	111.0	225.5	0	46	89	89
5	47	143.5	225.0	0	47	97	97
5	48	300.3333333333333	228.66666666666666	0	48	94	94
5	49	120.5	232.5	0	49	89	89
5	50	268.0	233.0	0	50	100	100
5	51	291.0	242.0	0	51	105	0
5	52	178.0	243.0	0	52	97	0
5	53	228.0	244.0	0	53	108	108
5	54	276.0	244.5	0	54	107	107
5	55	46.0	249.0	0	55	111	0
5	56	53.0	249.0	0	56	111	0
5	57	49.0	252.0	0	57	111	111
5	58	46.5	253.5	0	58	111	111
5	59	68.0	255.0	0	59	106	106
5	60	286.0	255.0	0	60	107	0
5	61	223.0	257.0	0	61	108	108
5	62	53.0	261.0	0	62	111	111
5	63	45.666666666666664	268.3333333333333	0	63	111	111
5	64	38.0	269.0	0	64	111	111
5	65	307.0	273.0	0	65	117	117
5	66	233.0	285.0	0	66	114	0
5	67	73.5	307.0	0	67	132	0
5	68	413.0	312.0	0	68	137	137
5	69	23.5	316.5	0	69	144	0
5	70	272.0	319.0	0	70	141	141
5	71	395.0	323.0	0	71	147	147
5	72	74.0	332.0	0	72	167	0
5	73	272.0	355.5	0	73	175	0
5	74	293.0	358.0	0	74	175	175
5	75	187.5	361.5	0	75	171	171
5	76	82.0	370.0	0	76	167	0
5	77	197.5	375.0	0	77	172	172
5	78	93.0	377.0	0	78	170	0
5	79	30.0	379.0	0	79	184	184
5	80	241.5	382.0	0	80	186	186
5	81	187.66666666666666	385.3333333333333	0	81	191	191
5	82	17.0	393.0	0	82	184	0
5	83	421.0	405.0	0	83	197	197
5	84	29.0	410.0	0	84	205	205
5	85	29.5	415.0	0	85	205	205
5	86	25.0	421.0	0	86	205	205
5	87	140.0	425.0	0	87	216	216
5	88	155.0	441.0	0	88	223	0
5	89	63.0	452.0	0	89	229	0
5	90	65.0	471.0	0	90	229	229
5	91	156.0	473.0	0	91	244	0
5	92	486.0	475.0	0	92	235	235
5	93	75.5	477.0	0	93	229	0
5	94	69.0	479.0	0	94	229	229
5	95	263.0	485.0	0	95	232	0
5	96	33.0	486.0	0	96	242	0
5	97	377.0	486.0	0	97	238	238
5	98	156.0	491.0	0	98	244	244
5	99	161.0	491.0	0	99	244	244
5	100	43.0	501.0	0	100	248	248
6	1	166.0	123.0	0	1	38	38
6	2	168.0	124.0	0	2	38	38
6	3	160.0	124.5	0	3	38	38
6	4	156.0	127.0	0	4	38	0
6	5	159.0	127.0	0	5	38	38
6	6	179.0	134.0	0	6	38	38
6	7	178.0	136.0	0	7	38	38
6	8	49.0	142.0	0	8	42	0
6	9	37.0	144.0	0	9	42	0
6	10	40.0	148.0	0	10	42	42
6	11	58.0	148.0	0	11	42	0
6	12	33.0	150.0	0	12	42	42
6	13	31.5	155.5	0	13	42	42
6	14	53.5	155.0	0	14	42	42
6	15	25.5	179.0	0	15	54	54
6	16	35.0	180.0	0	16	54	54
6	17	330.0	181.0	0	17	60	0
6	18	325.0	183.0	0	18	60	0
6	19	330.6	186.2	0	19	60	0
6	20	325.0	187.5	0	20	60	0
6	21	317.5	189.0	0	21	59	0
6	22	323.0	189.0	0	22	60	0
6	23	333.5	189.5	0	23	60	60
6	24	329.6666666666667	190.0	0	24	60	0
6	25	339.0	192.0	0	25	60	60
6	26	344.0	193.0	0	26	60	0
6	27	321.5	194.0	0	27	60	0
6	28	331.0	194.0	0	28	60	60
6	29	339.0	195.0	0	29	60	60
6	30	343.25	194.75	0	30	60	60
6	31	323.5	197.5	0	31	60	0
6	32	329.0	197.0	0	32	60	60
6	33	348.0	196.5	0	33	60	0
6	34	323.0	199.33333333333334	0	34	60	60
6	35	333.0	199.0	0	35	60	60
6	36	346.0	198.5	0	36	60	60
6	37	329.0	200.0	0	37	60	60
6	38	352.0	200.0	0	38	60	0
6	39	347.0	201.0	0	39	60	60
6	40	343.0	202.0	0	40	60	60
6	41	349.0	202.0	0	41	60	0
6	42	345.0	203.0	0	42	60	60
6	43	326.0	204.0	0	43	60	60
6	44	347.5	204.5	0	44	60	60
6	45	349.0	205.5	0	45	60	60
6	46	323.6666666666667	207.0	0	46	60	0
6	47	326.0	207.0	0	47	60	60
6	48	307.0	209.0	0	48	59	59
6	49	348.0	209.0	0	49	60	60
6	50	326.0	210.0	0	50	60	0
6	51	350.0	211.0	0	51	60	0
6	52	328.0	212.0	0	52	60	0
6	53	330.5	214.0	0	53	60	60
6	54	345.0	214.5	0	54	60	60
6	55	331.0	216.0	0	55	60	60
6	56	348.0	217.0	0	56	60	0
6	57	271.5	218.5	0	57	70	0
6	58	333.0	218.0	0	58	60	60
6	59	337.0	219.0	0	59	60	60
6	60	275.0	220.0	0	60	70	0
6	61	282.0	220.75	0	61	70	0
6	62	346.75	219.0	0	62	60	60
6	63	272.0	221.0	0	63	70	0
6	64	284.0	221.0	0	64	70	70
6	65	340.8333333333333	221.16666666666666	0	65	60	60
6	66	273.8333333333333	222.33333333333334	0	66	70	0
6	67	337.0	222.0	0	67	60	60
6	68	271.6	222.8	0	68	70	0
6	69	282.0	223.0	0	69	70	70
6	70	286.0	223.33333333333334	0	70	70	70
6	71	290.0	223.0	0	71	70	70
6	72	343.0	223.0	0	72	60	60
6	73	345.0	223.0	0	73	60	60
6	74	278.0	224.0	0	74	70	0
6	75	280.0	224.0	0	75	70	70
6	76	292.5	224.0	0	76	70	70
6	77	347.0	224.0	0	77	60	0
6	78	289.5	225.0	0	78	70	70
6	79	297.5	225.0	0	79	70	70
6	80	340.1666666666667	225.5	0	80	60	60
6	81	280.0	227.0	0	81	70	70
6	82	300.5	227.0	0	82	70	70
6	83	303.0	227.0	0	83	75	75
6	84	290.0	228.0	0	84	70	70
6	85	345.5	228.0	0	85	60	0
6	86	283.0	229.0	0	86	70	70
6	87	297.0	229.0	0	87	70	70
6	88	303.5	229.0	0	88	75	75
6	89	292.6666666666667	230.66666666666666	0	89	70	70
6	90	299.0	230.0	0	90	70	70
6	91	301.0	231.0	0	91	75	75
6	92	346.5	231.5	0	92	60	0
6	93	288.5	233.0	0	93	70	70
6	94	292.8333333333333	233.83333333333334	0	94	70	70
6	95	344.5	232.0	0	95	60	0
6	96	281.0	234.5	0	96	70	0
6	97	302.3333333333333	233.66666666666666	0	97	75	75
6	98	346.0	233.5	0	98	60	0
6	99	286.0	235.0	0	99	70	70
6	100	291.0	235.0	0	100	70	70
6	101	296.6666666666667	234.66666666666666	0	101	70	70
6	102	344.0	235.0	0	102	60	0
6	103	288.0	236.0	0	103	70	70
6	104	294.0	237.0	0	104	70	70
6	105	299.0	237.0	0	105	75	75
6	106	249.0	239.0	0	106	79	0
6	107	292.0	238.75	0	107	70	0
6	108	294.0	239.0	0	108	70	0
6	109	298.0	238.5	0	109	75	75
6	110	256.0	240.0	0	110	79	0
6	111	300.0	240.0	0	111	75	75
6	112	249.0	241.0	0	112	79	79
6	113	253.0	241.0	0	113	79	79
6	114	246.0	242.5	0	114	79	0
6	115	261.3333333333333	243.33333333333334	0	115	79	79
6	116	294.0	243.0	0	116	75	75
6	117	244.0	244.0	0	117	79	0
6	118	248.0	244.0	0	118	79	79
6	119	257.0	244.0	0	119	79	79
6	120	239.0	245.0	0	120	79	0
6	121	250.0	245.5	0	121	79	79
6	122	264.0	245.5	0	122	79	0
6	123	243.5	246.0	0	123	79	79
6	124	246.25	245.0	0	124	79	79
6	125	226.0	247.0	0	125	76	0
6	126	235.0	247.0	0	126	79	0
6	127	238.5	247.0	0	127	79	0
6	128	255.0	247.0	0	128	79	79
6	129	285.5	247.0	0	129	75	0
6	130	320.0	247.0	0	130	77	0
6	131	244.0	248.0	0	131	79	79
6	132	222.0	248.5	0	132	76	0
6	133	241.0	249.0	0	133	79	79
6	134	289.3333333333333	249.66666666666666	0	134	75	0
6	135	235.0	250.0	0	135	79	0
6	136	238.5	250.0	0	136	79	0
6	137	248.5	250.0	0	137	79	79
6	138	261.0	250.0	0	138	79	79
6	139	286.0	250.0	0	139	80	0
6	140	240.6	251.0	0	140	79	79
6	141	264.0	251.0	0	141	79	0
6	142	290.0	251.0	0	142	80	0
6	143	235.5	252.0	0	143	79	0
6	144	245.0	252.0	0	144	79	79
6	145	247.0	252.0	0	145	79	79
6	146	250.0	252.0	0	146	79	79
6	147	259.0	252.0	0	147	79	79
6	148	292.0	252.0	0	148	80	80
6	149	295.0	252.0	0	149	80	80
6	150	239.33333333333334	253.33333333333334	0	150	79	79
6	151	254.0	253.0	0	151	79	79
6	152	263.0	253.33333333333334	0	152	79	79
6	153	298.0	253.0	0	153	80	80
6	154	207.0	254.0	0	154	76	76
6	155	243.0	254.0	0	155	79	79
6	156	251.0	254.0	0	156	79	79
6	157	261.0	254.0	0	157	79	79
6	158	246.5	255.0	0	158	79	79
6	159	265.0	255.66666666666666	0	159	79	0
6	160	298.5	255.0	0	160	80	80
6	161	256.0	256.0	0	161	79	79
6	162	260.73333333333335	256.3333333333333	0	162	79	79
6	163	241.75	258.0	0	163	79	79
6	164	248.33333333333334	257.3333333333333	0	164	79	79
6	165	298.0	257.0	0	165	80	80
6	166	303.0	257.0	0	166	80	80
6	167	253.2	258.0	0	167	79	79
6	168	256.5	258.3333333333333	0	168	79	79
6	169	301.0	258.0	0	169	80	80
6	170	314.0	257.5	0	170	80	80
6	171	251.0	259.0	0	171	79	79
6	172	259.3333333333333	259.3333333333333	0	172	79	79
6	173	262.0	259.0	0	173	82	0
6	174	264.0	259.0	0	174	82	0
6	175	267.0	259.0	0	175	82	0
6	176	308.0	259.0	0	176	80	80
6	177	305.0	260.0	0	177	80	80
6	178	248.0	261.0	0	178	79	79
6	179	255.0	261.0	0	179	79	79
6	180	258.5	261.5	0	180	79	79
6	181	261.0	261.0	0	181	82	82
6	182	296.0	261.0	0	182	80	80
6	183	312.0	260.3333333333333	0	183	80	80
6	184	316.8	261.6	0	184	80	80
6	185	321.0	262.0	0	185	77	0
6	186	322.6	263.2	0	186	77	0
6	187	324.5	263.5	0	187	77	0
6	188	323.0	266.0	0	188	77	0
6	189	328.0	266.0	0	189	77	0
6	190	333.0	266.0	0	190	77	0
6	191	334.5	266.0	0	191	77	0
6	192	331.85714285714283	268.2857142857143	0	192	77	0
6	193	336.8	267.0	0	193	77	0
6	194	338.5	268.5	0	194	77	0
6	195	341.0	268.0	0	195	77	0
6	196	336.5	269.0	0	196	77	0
6	197	332.5	270.5	0	197	77	0
6	198	264.0	271.0	0	198	82	0
6	199	337.5	270.5	0	199	77	0
6	200	334.90909090909093	271.0	0	200	77	0
6	201	264.8181818181818	272.8181818181818	0	201	89	0
6	202	338.94117647058823	273.4117647058824	0	202	77	0
6	203	343.14285714285717	273.7142857142857	0	203	77	0
6	204	267.04761904761904	274.3333333333333	0	204	89	89
6	205	271.875	275.125	0	205	89	89
6	206	262.5	274.5	0	206	82	0
6	207	344.0	275.0	0	207	92	0
6	208	270.3333333333333	276.6666666666667	0	208	89	89
6	209	275.0	276.25	0	209	89	89
6	210	340.125	275.875	0	210	77	0
6	211	261.0	277.0	0	211	89	0
6	212	271.5	277.5	0	212	89	89
6	213	344.2	277.6	0	213	92	0
6	214	267.8	278.2	0	214	89	89
6	215	274.0	278.0	0	215	89	89
6	216	278.5	278.0	0	216	89	89
6	217	342.1666666666667	277.3333333333333	0	217	92	0
6	218	265.5	278.8	0	218	89	89
6	219	338.0	278.5	0	219	77	0
6	220	263.5	279.6	0	220	89	89
6	221	280.0	280.3333333333333	0	221	89	89
6	222	339.0	281.0	0	222	92	0
6	223	262.6666666666667	281.6666666666667	0	223	89	89
6	224	281.0	282.0	0	224	89	89
6	225	267.5	282.5	0	225	89	89
6	226	272.0	283.0	0	226	89	89
6	227	284.0	283.7142857142857	0	227	89	89
6	228	52.0	284.0	0	228	93	0
6	229	279.0	284.0	0	229	89	89
6	230	341.0	284.0	0	230	92	0
6	231	344.0	283.5	0	231	92	0
6	232	287.05	286.1	0	232	89	89
6	233	295.5	287.0	0	233	89	0
6	234	277.5	288.0	0	234	89	89
6	235	291.5	288.2307692307692	0	235	89	89
6	236	280.0	288.57142857142856	0	236	89	89
6	237	283.2	289.2	0	237	89	89
6	238	302.0	289.0	0	238	89	0
6	239	290.5	290.25	0	239	89	89
6	240	304.8	291.2	0	240	89	0
6	241	286.5	290.0	0	241	89	89
6	242	296.25	290.0833333333333	0	242	89	89
6	243	302.0	291.0	0	243	89	0
6	244	289.5	291.8	0	244	89	89
6	245	299.25	292.25	0	245	89	0
6	246	286.5	292.5	0	246	89	89
6	247	292.25	293.8333333333333	0	247	89	89
6	248	298.04347826086956	294.0869565217391	0	248	89	0
6	249	304.0	294.0	0	249	89	0
6	250	295.8	295.8	0	250	89	0
6	251	302.1666666666667	294.6666666666667	0	251	89	0
6	252	305.0	296.5	0	252	98	0
6	253	299.7142857142857	297.14285714285717	0	253	89	0
6	254	454.0	299.0	0	254	97	97
6	255	307.0	301.0	0	255	98	0
6	256	449.5	301.0	0	256	97	97
6	257	458.75	300.5	0	257	97	97
6	258	450.5	302.5	0	258	97	97
6	259	463.0	303.0	0	259	97	97
6	260	452.0	304.0	0	260	97	97
6	261	449.3333333333333	304.3333333333333	0	261	97	97
6	262	445.0	307.0	0	262	97	0
6	263	447.3333333333333	307.3333333333333	0	263	97	97
6	264	463.875	307.0	0	264	97	97
6	265	458.0	308.0	0	265	97	97
6	266	466.0	308.0	0	266	97	0
6	267	448.0	309.0	0	267	97	97
6	268	150.0	310.0	0	268	99	0
6	269	446.0	310.0	0	269	97	97
6	270	464.5	310.25	0	270	97	97
6	271	459.0	310.5	0	271	97	97
6	272	442.0	312.0	0	272	97	0
6	273	446.14285714285717	311.42857142857144	0	273	97	97
6	274	449.5	312.5	0	274	97	97
6	275	465.0	312.0	0	275	97	97
6	276	444.0	313.5	0	276	97	0
6	277	324.0	314.0	0	277	98	0
6	278	454.0	314.0	0	278	97	97
6	279	50.0	315.0	0	279	93	0
6	280	446.75	315.5	0	280	105	105
6	281	443.0	316.0	0	281	105	105
6	282	452.0	316.0	0	282	105	105
6	283	20.0	318.0	0	283	103	0
6	284	129.0	318.0	0	284	106	0
6	285	447.5	319.0	0	285	105	105
6	286	127.0	321.0	0	286	106	0
6	287	129.2	321.2	0	287	106	0
6	288	131.0	322.5	0	288	106	0
6	289	132.83333333333334	324.1666666666667	0	289	106	106
6	290	129.91666666666666	325.6666666666667	0	290	106	106
6	291	135.8	325.8	0	291	106	106
6	292	125.0	327.0	0	292	106	0
6	293	126.66666666666667	328.6666666666667	0	293	106	106
6	294	139.66666666666666	329.3333333333333	0	294	106	106
6	295	141.0	330.0	0	295	106	0
6	296	139.0	331.3333333333333	0	296	106	106
6	297	129.0	332.0	0	297	106	106
6	298	142.0	332.0	0	298	106	106
6	299	131.0	333.0	0	299	106	106
6	300	135.0	335.0	0	300	106	106
6	301	143.3	335.0	0	301	106	106
6	302	340.0	334.5	0	302	101	0
6	303	342.81481481481484	338.18518518518516	0	303	116	0
6	304	136.0	338.0	0	304	106	106
6	305	144.85714285714286	338.14285714285717	0	305	106	106
6	306	346.0	339.0	0	306	116	0
6	307	143.55555555555554	340.8888888888889	0	307	106	106
6	308	345.875	341.125	0	308	116	0
6	309	348.0	341.0	0	309	116	0
6	310	131.5	342.0	0	310	106	106
6	311	142.25	343.0	0	311	106	106
6	312	148.0	342.0	0	312	106	0
6	313	158.0	343.0	0	313	115	0
6	314	139.5	344.5	0	314	106	106
6	315	145.5	344.5	0	315	106	0
6	316	348.3333333333333	343.0	0	316	116	0
6	317	143.0	345.0	0	317	106	0
6	318	344.7142857142857	344.5	0	318	116	0
6	319	347.42857142857144	344.7142857142857	0	319	116	0
6	320	352.0	345.125	0	320	116	116
6	321	355.0	345.0	0	321	116	0
6	322	146.0	346.0	0	322	106	0
6	323	350.0	346.3333333333333	0	323	116	116
6	324	144.0	347.0	0	324	106	0
6	325	353.2857142857143	347.57142857142856	0	325	116	116
6	326	348.0	348.0	0	326	116	116
6	327	345.7142857142857	349.7142857142857	0	327	116	116
6	328	355.0	349.0	0	328	116	116
6	329	357.0	350.0	0	329	116	116
6	330	350.0	350.0	0	330	116	116
6	331	352.0	350.0	0	331	116	116
6	332	343.3333333333333	350.6666666666667	0	332	116	116
6	333	361.0	353.5	0	333	116	116
6	334	345.5	354.5	0	334	116	116
6	335	359.75	354.0	0	335	116	116
6	336	343.75	355.0	0	336	116	116
6	337	354.0	355.0	0	337	116	116
6	338	349.0	356.0	0	338	116	116
6	339	361.0	356.0	0	339	116	116
6	340	344.0	358.2	0	340	116	116
6	341	346.0	358.0	0	341	116	116
6	342	355.5	359.0	0	342	116	116
6	343	361.0	359.5	0	343	116	116
6	344	364.5	358.5	0	344	116	0
6	345	347.0	360.0	0	345	116	116
6	346	345.5	361.0	0	346	116	116
6	347	347.7142857142857	362.14285714285717	0	347	116	116
6	348	352.0	362.0	0	348	116	116
6	349	362.0	362.0	0	349	116	116
6	350	363.8	362.0	0	350	116	0
6	351	362.0	364.0	0	351	116	116
6	352	349.7142857142857	364.42857142857144	0	352	116	116
6	353	352.3333333333333	366.1666666666667	0	353	116	116
6	354	359.8	366.4	0	354	116	116
6	355	364.25	366.5	0	355	116	0
6	356	356.72727272727275	367.54545454545456	0	356	116	116
6	357	361.0	368.5	0	357	116	0
6	358	369.0	368.0	0	358	119	0
6	359	463.0	369.0	0	359	126	0
6	360	450.0	369.0	0	360	126	0
6	361	458.25	369.0	0	361	126	0
6	362	466.0	369.0	0	362	126	126
6	363	470.38461538461536	368.9230769230769	0	363	126	126
6	364	368.0	371.0	0	364	119	0
6	365	449.5	371.5	0	365	126	0
6	366	469.0	371.6666666666667	0	366	126	126
6	367	454.5	372.0	0	367	126	0
6	368	466.0	372.0	0	368	126	126
6	369	459.0	373.0	0	369	126	0
6	370	461.0	373.0	0	370	126	0
6	371	464.5	373.0	0	371	126	126
6	372	473.46153846153845	371.84615384615387	0	372	126	126
6	373	454.0	374.0	0	373	126	0
6	374	446.0	375.0	0	374	126	0
6	375	456.0	375.0	0	375	126	0
6	376	474.0	375.0	0	376	126	126
6	377	372.0	376.0	0	377	119	0
6	378	447.5	376.0	0	378	126	0
6	379	462.0	376.0	0	379	126	126
6	380	451.5	377.0	0	380	126	0
6	381	449.0	378.0	0	381	126	0
6	382	456.5	378.5	0	382	126	126
6	383	477.0	378.0	0	383	126	126
6	384	449.0	383.0	0	384	126	0
6	385	243.0	384.0	0	385	124	124
6	386	476.5	387.0	0	386	126	126
6	387	471.0	388.0	0	387	126	126
6	388	462.0	389.0	0	388	126	126
6	389	281.0	390.0	0	389	0	0
6	390	456.0	390.5	0	390	126	126
6	391	472.0	390.0	0	391	126	126
6	392	464.25	394.25	0	392	126	126
6	393	469.0	395.0	0	393	126	126
6	394	459.0	396.0	0	394	126	0
6	395	460.5	398.0	0	395	126	0
6	396	279.5	404.0	0	396	139	0
6	397	278.0	406.0	0	397	139	0
6	398	276.0	406.5	0	398	139	0
6	399	279.5	407.0	0	399	139	0
6	400	284.0	407.6666666666667	0	400	139	0
6	401	282.0	408.0	0	401	139	0
6	402	274.0	409.0	0	402	139	0
6	403	280.0	409.1666666666667	0	403	139	0
6	404	286.5	409.5	0	404	139	0
6	405	283.0	410.0	0	405	139	0
6	406	280.0	412.6666666666667	0	406	139	0
6	407	289.0	411.5	0	407	139	0
6	408	275.5	413.0	0	408	139	0
6	409	285.5	413.0	0	409	139	139
6	410	287.0	413.0	0	410	139	139
6	411	289.0	414.0	0	411	139	139
6	412	276.4	414.6	0	412	139	139
6	413	279.5	415.0	0	413	139	139
6	414	296.0	416.0	0	414	139	139
6	415	278.0	417.0	0	415	139	139
6	416	293.0	418.0	0	416	139	139
6	417	278.0	419.0	0	417	139	139
6	418	275.0	420.0	0	418	139	139
6	419	301.0	422.0	0	419	139	139
6	420	281.0	423.0	0	420	139	139
6	421	279.0	428.0	0	421	139	139
6	422	300.5	428.0	0	422	139	139
6	423	281.0	430.5	0	423	139	139
6	424	299.5	430.0	0	424	139	139
6	425	306.5	430.5	0	425	139	0
6	426	294.0	431.0	0	426	139	139
6	427	301.0	431.0	0	427	139	0
6	428	282.0	432.0	0	428	139	139
6	429	286.0	432.0	0	429	139	139
6	430	298.0	432.0	0	430	139	139
6	431	302.0	433.0	0	431	139	0
6	432	291.0	434.0	0	432	139	139
6	433	296.0	434.3333333333333	0	433	139	139
6	434	298.5	434.0	0	434	139	139
6	435	304.0	434.0	0	435	139	0
6	436	309.0	435.0	0	436	139	0
6	437	288.0	436.0	0	437	139	0
6	438	294.5	436.0	0	438	139	139
6	439	291.0	439.0	0	439	139	0
6	440	298.0	439.0	0	440	139	0
6	441	295.0	440.0	0	441	139	0
6	442	222.0	449.0	0	442	155	155
6	443	226.5	450.5	0	443	155	155
6	444	212.0	451.0	0	444	155	0
6	445	218.0	451.0	0	445	155	155
6	446	220.0	451.0	0	446	155	155
6	447	223.0	450.5	0	447	155	155
6	448	214.0	451.5	0	448	155	155
6	449	230.33333333333334	452.6666666666667	0	449	155	155
6	450	208.66666666666666	454.3333333333333	0	450	155	0
6	451	211.0	454.0	0	451	155	155
6	452	230.5	454.0	0	452	155	155
6	453	234.0	454.0	0	453	155	0
6	454	210.0	456.0	0	454	155	155
6	455	231.0	456.0	0	455	155	155
6	456	230.0	460.5	0	456	155	155
6	457	206.0	461.0	0	457	155	0
6	458	209.07142857142858	460.35714285714283	0	458	155	155
6	459	228.0	461.0	0	459	155	155
6	460	212.11111111111111	463.1111111111111	0	460	155	155
6	461	222.66666666666666	465.0	0	461	155	155
6	462	212.0	465.0	0	462	155	0
6	463	217.85714285714286	465.0	0	463	155	155
6	464	213.5	466.5	0	464	155	0
6	465	215.0	468.0	0	465	162	0
6	466	294.0	486.0	0	466	170	0
6	467	284.0	490.0	0	467	170	170
