ImageNumber	ObjectNumber	Children_Cells_Count	Children_PLA_Count	Location_Center_X	Location_Center_Y	Location_Center_Z	Number_Object_Number
1	1	1	0	18.137614678899084	6.131498470948012	0	1
1	2	1	0	51.75	3.9375	0	2
1	3	1	1	84.50950570342205	4.326996197718631	0	3
1	4	1	0	266.70454545454544	3.015151515151515	0	4
1	5	1	0	335.2752808988764	4.275280898876405	0	5
1	6	1	0	429.83809523809526	5.67936507936508	0	6
1	7	1	0	472.6779661016949	3.347457627118644	0	7
1	8	1	0	315.7892561983471	6.586776859504132	0	8
1	9	1	0	213.67006802721087	10.843537414965986	0	9
1	10	1	2	348.43167701863354	16.19254658385093	0	10
1	11	1	1	42.250554323725055	18.299334811529935	0	11
1	12	1	0	65.41397849462365	31.14516129032258	0	12
1	13	1	0	241.5186246418338	33.26647564469914	0	13
1	14	1	1	135.19354838709677	36.22150537634408	0	14
1	15	1	0	271.2144886363636	34.25852272727273	0	15
1	16	1	0	295.9437172774869	36.86910994764398	0	16
1	17	1	0	46.59278350515464	45.71134020618557	0	17
1	18	1	30	341.0683760683761	47.643874643874646	0	18
1	19	1	0	502.3490099009901	52.96287128712871	0	19
1	20	1	1	12.581196581196581	63.373931623931625	0	20
1	21	1	0	389.05555555555554	69.62962962962963	0	21
1	22	1	0	44.38901098901099	73.48571428571428	0	22
1	23	1	0	409.34027777777777	77.55555555555556	0	23
1	24	1	0	239.95384615384614	78.73846153846154	0	24
1	25	1	1	254.1806167400881	84.77973568281938	0	25
1	26	1	3	179.78303747534517	92.90927021696253	0	26
1	27	1	0	7.411111111111111	90.53333333333333	0	27
1	28	1	0	263.6263736263736	99.16483516483517	0	28
1	29	1	0	236.5344827586207	98.83620689655173	0	29
1	30	1	9	291.1870503597122	102.11510791366906	0	30
1	31	1	41	318.9396186440678	103.66419491525424	0	31
1	32	1	1	45.58520179372197	105.74887892376681	0	32
1	33	1	0	442.6976439790576	106.65183246073299	0	33
1	34	1	0	247.66666666666666	108.01030927835052	0	34
1	35	1	0	370.4637168141593	109.20884955752213	0	35
1	36	1	0	500.1985559566787	112.78339350180505	0	36
1	37	1	1	258.17045454545456	122.125	0	37
1	38	1	9	482.46475195822455	126.71801566579634	0	38
1	39	1	0	229.3510324483776	126.53982300884955	0	39
1	40	1	2	352.08672086720867	125.95392953929539	0	40
1	41	1	0	274.66820276497697	128.34562211981566	0	41
1	42	1	0	458.5187165775401	126.16310160427807	0	42
1	43	1	0	502.8188405797101	131.81521739130434	0	43
1	44	1	0	444.495652173913	133.2521739130435	0	44
1	45	1	1	253.52719665271965	135.7071129707113	0	45
1	46	1	0	41.15913555992142	139.15520628683694	0	46
1	47	1	8	412.0147058823529	140.5441176470588	0	47
1	48	1	4	376.1868131868132	148.15384615384616	0	48
1	49	1	8	323.45089285714283	150.52901785714286	0	49
1	50	1	0	473.5796178343949	152.8184713375796	0	50
1	51	1	0	119.73648648648648	156.0777027027027	0	51
1	52	1	0	426.24545454545455	155.38181818181818	0	52
1	53	1	0	372.7038626609442	161.04291845493563	0	53
1	54	1	0	232.2899022801303	162.04234527687296	0	54
1	55	1	0	462.6594982078853	166.49820788530465	0	55
1	56	1	0	22.30782918149466	167.38256227758006	0	56
1	57	1	1	251.95209580838323	166.89221556886227	0	57
1	58	1	0	479.5882352941176	175.16368286445012	0	58
1	59	1	1	380.2327272727273	182.25454545454545	0	59
1	60	1	23	398.6085106382979	182.49787234042554	0	60
1	61	1	0	72.88636363636364	185.07575757575756	0	61
1	62	1	1	252.52974504249292	187.62039660056658	0	62
1	63	1	0	492.67283950617286	192.99382716049382	0	63
1	64	1	0	460.60107816711593	193.42587601078168	0	64
1	65	1	0	123.10271903323263	194.51359516616313	0	65
1	66	1	2	425.21596244131456	198.28169014084506	0	66
1	67	1	5	161.47191011235955	201.2808988764045	0	67
1	68	1	0	203.99407114624506	200.5415019762846	0	68
1	69	1	0	503.8058608058608	210.04395604395606	0	69
1	70	1	0	227.13274336283186	215.2566371681416	0	70
1	71	1	0	477.9093655589124	215.10574018126889	0	71
1	72	1	2	93.11205073995772	219.7801268498943	0	72
1	73	1	2	144.88524590163934	223.65300546448088	0	73
1	74	1	35	177.4551282051282	225.97115384615384	0	74
1	75	1	0	390.9375	229.3375	0	75
1	76	1	2	411.2898936170213	233.0744680851064	0	76
1	77	1	0	40.484593837535016	233.05182072829132	0	77
1	78	1	1	369.00539083557953	228.84097035040432	0	78
1	79	1	18	233.06984126984128	241.16825396825396	0	79
1	80	1	0	341.92857142857144	240.15413533834587	0	80
1	81	1	0	375.73770491803276	242.25409836065575	0	81
1	82	1	0	494.265664160401	242.2731829573935	0	82
1	83	1	0	448.9230769230769	245.27920227920228	0	83
1	84	1	2	321.7629179331307	246.7659574468085	0	84
1	85	1	2	122.29723502304148	248.76958525345623	0	85
1	86	1	0	422.864	252.70666666666668	0	86
1	87	1	13	276.96934865900386	254.15325670498083	0	87
1	88	1	0	369.74528301886795	253.58490566037736	0	88
1	89	1	1	505.4157894736842	261.13157894736844	0	89
1	90	1	23	312.75714285714287	263.26785714285717	0	90
1	91	1	21	85.60820895522389	266.1119402985075	0	91
1	92	1	0	459.05539358600583	265.2186588921283	0	92
1	93	1	0	129.2127659574468	269.53799392097267	0	93
1	94	1	0	483.1793893129771	271.67557251908397	0	94
1	95	1	1	248.74358974358975	272.34935897435895	0	95
1	96	1	3	333.4613180515759	278.6418338108883	0	96
1	97	1	0	13.017676767676768	276.6489898989899	0	97
1	98	1	2	187.71886120996442	279.355871886121	0	98
1	99	1	0	304.4472049689441	283.19565217391306	0	99
1	100	1	1	160.62139917695472	285.44444444444446	0	100
1	101	1	0	372.55232558139534	285.1453488372093	0	101
1	102	1	0	410.1666666666667	283.26344086021504	0	102
1	103	1	0	218.56435643564356	287.65016501650166	0	103
1	104	1	0	16.05	291.7217391304348	0	104
1	105	1	5	261.9054545454545	287.1709090909091	0	105
1	106	1	1	428.2155963302752	290.6215596330275	0	106
1	107	1	17	99.28628230616302	300.5268389662028	0	107
1	108	1	0	119.76241134751773	295.5585106382979	0	108
1	109	1	1	289.21700223713646	295.7762863534676	0	109
1	110	1	0	492.5917159763314	296.64497041420117	0	110
1	111	1	0	391.13761467889907	298.1467889908257	0	111
1	112	1	0	35.50310559006211	306.96583850931677	0	112
1	113	1	1	362.403743315508	315.1844919786096	0	113
1	114	1	2	417.38993710691824	317.9308176100629	0	114
1	115	1	12	81.25	318.0608695652174	0	115
1	116	1	1	306.3859060402685	317.9261744966443	0	116
1	117	1	1	466.8856416772554	320.5285895806862	0	117
1	118	1	9	278.3470790378007	324.08247422680415	0	118
1	119	1	0	34.261744966442954	326.62080536912754	0	119
1	120	1	0	206.49407114624506	323.832674571805	0	120
1	121	1	0	178.45195729537366	322.2526690391459	0	121
1	122	1	0	191.3483870967742	330.69032258064516	0	122
1	123	1	0	313.76490066225165	330.93046357615896	0	123
1	124	1	0	247.5102564102564	331.56538461538463	0	124
1	125	1	1	396.9948387096774	329.03483870967744	0	125
1	126	1	0	507.4719101123595	332.314606741573	0	126
1	127	1	0	4.211340206185567	336.9639175257732	0	127
1	128	1	5	101.08064516129032	337.0268817204301	0	128
1	129	1	9	173.48522167487684	337.4064039408867	0	129
1	130	1	0	352.02608695652174	339.54782608695655	0	130
1	131	1	0	420.3731884057971	338.768115942029	0	131
1	132	1	2	60.252361673414306	340.5425101214575	0	132
1	133	1	1	445.23809523809524	349.38666666666666	0	133
1	134	1	0	502.7799442896936	350.47353760445685	0	134
1	135	1	9	290.3333333333333	348.2809917355372	0	135
1	136	1	3	80.89324960753532	355.31083202511775	0	136
1	137	1	0	135.0814332247557	359.29967426710095	0	137
1	138	1	17	323.09276018099547	357.2760180995475	0	138
1	139	1	31	188.00980392156862	362.86601307189545	0	139
1	140	1	0	28.313725490196077	362.94117647058823	0	140
1	141	1	0	355.4220963172805	366.5099150141643	0	141
1	142	1	5	157.83163265306123	365.4642857142857	0	142
1	143	1	44	225.53389830508473	371.8333333333333	0	143
1	144	1	0	412.9365609348915	373.81803005008345	0	144
1	145	1	3	256.77669902912623	373.19174757281553	0	145
1	146	1	1	108.1925	376.055	0	146
1	147	1	0	461.7027649769585	377.0552995391705	0	147
1	148	1	13	209.34274193548387	382.66129032258067	0	148
1	149	1	1	361.3434903047091	383.30470914127426	0	149
1	150	1	1	190.86528497409327	384.20725388601034	0	150
1	151	1	0	302.937125748503	390.3862275449102	0	151
1	152	1	2	194.99159663865547	394.65546218487395	0	152
1	153	1	1	159.05581395348838	390.93023255813955	0	153
1	154	1	0	366.66887417218544	396.52649006622516	0	154
1	155	1	0	75.9493670886076	394.8126582278481	0	155
1	156	1	1	279.34795321637426	398.8421052631579	0	156
1	157	1	0	11.083086053412464	399.6350148367953	0	157
1	158	1	0	110.46280991735537	399.39669421487605	0	158
1	159	1	0	168.85875706214688	400.38418079096044	0	159
1	160	1	3	218.70676691729324	401.09022556390977	0	160
1	161	1	0	34.39811912225705	403.3448275862069	0	161
1	162	1	0	331.6624203821656	405.9076433121019	0	162
1	163	1	0	467.0466472303207	406.4548104956268	0	163
1	164	1	0	505.017094017094	407.34615384615387	0	164
1	165	1	0	252.93243243243242	415.22297297297297	0	165
1	166	1	0	160.4409090909091	418.35227272727275	0	166
1	167	1	0	228.10089020771514	426.35311572700294	0	167
1	168	1	0	409.1674550614948	429.84578997161776	0	168
1	169	1	0	467.13101604278074	432.3288770053476	0	169
1	170	1	0	501.8952380952381	433.0857142857143	0	170
1	171	1	0	273.7383177570093	436.61059190031153	0	171
1	172	1	0	4.669421487603306	441.72314049586777	0	172
1	173	1	0	21.109053497942387	444.5514403292181	0	173
1	174	1	0	54.33167082294264	444.46882793017454	0	174
1	175	1	0	235.76190476190476	451.0	0	175
1	176	1	0	496.16943521594686	451.27906976744185	0	176
1	177	1	1	455.7091503267974	452.1862745098039	0	177
1	178	1	1	158.1045197740113	453.99717514124296	0	178
1	179	1	0	265.4766355140187	454.32943925233644	0	179
1	180	1	0	388.84514435695536	463.36745406824144	0	180
1	181	1	0	40.36318407960199	469.2786069651741	0	181
1	182	1	0	215.63657957244655	469.44655581947745	0	182
1	183	1	1	253.19742489270385	471.2618025751073	0	183
1	184	1	0	423.21813725490193	472.73039215686276	0	184
1	185	1	0	490.89690721649487	475.78006872852234	0	185
1	186	1	0	465.52681388012616	477.47318611987384	0	186
1	187	1	5	99.2299349240781	482.6832971800434	0	187
1	188	1	0	180.19333333333333	478.50666666666666	0	188
1	189	1	0	20.204678362573098	480.0175438596491	0	189
1	190	1	1	292.64516129032256	481.98655913978496	0	190
1	191	1	5	80.84518828451883	486.37377963737794	0	191
1	192	1	0	135.70663265306123	484.98214285714283	0	192
1	193	1	1	327.44708423326136	483.92872570194385	0	193
1	194	1	0	187.39506172839506	490.87242798353907	0	194
1	195	1	1	239.68837209302325	495.3255813953488	0	195
1	196	1	0	19.016574585635357	495.03867403314916	0	196
1	197	1	0	203.32779097387174	496.54869358669833	0	197
1	198	1	0	396.26605504587155	500.217125382263	0	198
1	199	1	0	424.76294277929156	500.86648501362396	0	199
1	200	1	0	270.4983922829582	502.0868167202572	0	200
1	201	1	0	323.025787965616	502.06876790830944	0	201
1	202	1	0	12.093959731543624	507.6711409395973	0	202
1	203	1	0	40.94326241134752	507.7730496453901	0	203
1	204	1	0	156.34246575342465	504.77054794520546	0	204
1	205	1	0	177.64	507.504	0	205
1	206	1	0	471.2700729927007	508.45255474452557	0	206
2	1	1	0	318.6528925619835	3.512396694214876	0	1
2	2	1	0	489.5136612021858	3.699453551912568	0	2
2	3	1	0	34.34234234234234	4.18018018018018	0	3
2	4	1	0	450.8469387755102	7.635204081632653	0	4
2	5	1	0	382.76146788990826	6.243119266055046	0	5
2	6	1	1	362.54571428571427	15.008571428571429	0	6
2	7	1	0	272.48395061728394	20.787654320987656	0	7
2	8	1	0	398.07714285714286	17.15142857142857	0	8
2	9	1	0	212.84967320261438	18.69934640522876	0	9
2	10	1	1	356.5337837837838	28.20945945945946	0	10
2	11	1	0	495.8955453149002	26.308755760368662	0	11
2	12	1	0	286.40316205533594	28.881422924901187	0	12
2	13	1	0	419.96495327102804	31.11214953271028	0	13
2	14	1	1	69.09909909909909	32.5006435006435	0	14
2	15	1	0	222.11165048543688	34.22330097087379	0	15
2	16	1	0	448.1144164759725	31.0	0	16
2	17	1	0	4.678947368421053	35.32105263157895	0	17
2	18	1	2	325.7112462006079	37.838905775075986	0	18
2	19	1	1	127.07142857142857	39.296992481203006	0	19
2	20	1	7	297.4035874439462	40.98206278026906	0	20
2	21	1	21	109.54046997389034	53.00261096605744	0	21
2	22	1	0	155.78117647058824	53.33176470588235	0	22
2	23	1	1	260.79187817258884	55.70558375634518	0	23
2	24	1	1	80.2887788778878	54.96864686468647	0	24
2	25	1	36	360.1550802139037	56.893048128342244	0	25
2	26	1	1	405.44	58.28470588235294	0	26
2	27	1	1	130.9765100671141	58.52684563758389	0	27
2	28	1	4	287.01428571428573	60.05714285714286	0	28
2	29	1	0	302.8095238095238	62.963585434173666	0	29
2	30	1	6	376.53691275167785	61.30201342281879	0	30
2	31	1	10	38.58741258741259	66.68065268065268	0	31
2	32	1	0	506.80434782608694	64.17391304347827	0	32
2	33	1	0	238.99157303370785	72.68820224719101	0	33
2	34	1	2	430.7240566037736	73.44103773584905	0	34
2	35	1	0	488.8510948905109	76.392700729927	0	35
2	36	1	2	182.29144385026737	76.6711229946524	0	36
2	37	1	0	101.17682926829268	79.7530487804878	0	37
2	38	1	2	202.28726287262873	82.56639566395664	0	38
2	39	1	3	394.58378378378376	83.26756756756757	0	39
2	40	1	1	53.77777777777778	81.41358024691358	0	40
2	41	1	3	364.3592493297587	84.11528150134048	0	41
2	42	1	1	330.8	84.30933333333333	0	42
2	43	1	1	3.212962962962963	86.1574074074074	0	43
2	44	1	0	467.8631284916201	84.3854748603352	0	44
2	45	1	1	90.0867924528302	93.14716981132075	0	45
2	46	1	0	231.47058823529412	95.58650519031141	0	46
2	47	1	3	147.23021582733813	97.42446043165468	0	47
2	48	1	26	405.5823170731707	98.23780487804878	0	48
2	49	1	0	502.0852534562212	101.02764976958525	0	49
2	50	1	1	107.43544303797468	101.86582278481012	0	50
2	51	1	0	291.01633986928107	103.17647058823529	0	51
2	52	1	1	266.1358024691358	106.18518518518519	0	52
2	53	1	15	429.8045977011494	103.72126436781609	0	53
2	54	1	3	7.302158273381295	108.03956834532374	0	54
2	55	1	0	304.020202020202	110.01262626262626	0	55
2	56	1	28	25.63157894736842	108.25894736842105	0	56
2	57	1	0	342.36544850498336	110.44518272425249	0	57
2	58	1	2	186.93793103448274	117.07586206896552	0	58
2	59	1	3	120.84923076923077	119.72923076923077	0	59
2	60	1	1	88.75862068965517	120.0185676392573	0	60
2	61	1	2	226.18	122.36857142857143	0	61
2	62	1	0	508.8469387755102	122.43877551020408	0	62
2	63	1	14	426.3784355179704	122.45877378435517	0	63
2	64	1	17	401.6949152542373	121.56214689265536	0	64
2	65	1	4	53.04408352668214	124.56844547563806	0	65
2	66	1	34	173.73529411764707	130.3029411764706	0	66
2	67	1	2	391.77666666666664	135.84333333333333	0	67
2	68	1	1	143.03112840466926	131.16342412451363	0	68
2	69	1	2	338.3737623762376	130.82920792079207	0	69
2	70	1	1	130.2	139.1076923076923	0	70
2	71	1	13	197.7130242825607	135.037527593819	0	71
2	72	1	0	496.9807692307692	139.83760683760684	0	72
2	73	1	2	260.5854922279793	140.2642487046632	0	73
2	74	1	0	425.14251207729467	142.4830917874396	0	74
2	75	1	0	106.29640718562874	141.76646706586826	0	75
2	76	1	32	357.6654719235364	141.95221027479093	0	76
2	77	1	0	2.1584158415841586	149.35643564356437	0	77
2	78	1	0	237.62433862433863	152.22486772486772	0	78
2	79	1	1	18.38313253012048	155.62168674698796	0	79
2	80	1	6	188.92824074074073	158.76157407407408	0	80
2	81	1	4	39.36842105263158	159.3342105263158	0	81
2	82	1	1	298.87394957983196	161.6638655462185	0	82
2	83	1	0	464.1108033240997	167.06371191135733	0	83
2	84	1	1	357.1543778801843	169.0483870967742	0	84
2	85	1	0	3.0685714285714285	172.16571428571427	0	85
2	86	1	3	122.84223918575064	168.9821882951654	0	86
2	87	1	31	156.77631578947367	168.7157894736842	0	87
2	88	1	1	258.6372239747634	170.66246056782333	0	88
2	89	1	0	319.7769028871391	171.4488188976378	0	89
2	90	1	0	506.4886363636364	171.57954545454547	0	90
2	91	1	0	77.29859154929578	171.90985915492956	0	91
2	92	1	1	401.0402298850575	173.59195402298852	0	92
2	93	1	0	188.52439024390245	175.4512195121951	0	93
2	94	1	8	170.57881136950905	177.3049095607235	0	94
2	95	1	0	51.015957446808514	179.07978723404256	0	95
2	96	1	0	228.04301075268816	184.8494623655914	0	96
2	97	1	0	451.9	186.47407407407408	0	97
2	98	1	5	135.02714932126696	187.99547511312218	0	98
2	99	1	0	434.6109839816934	186.0	0	99
2	100	1	1	195.6634844868735	192.2601431980907	0	100
2	101	1	0	87.78510028653295	191.7621776504298	0	101
2	102	1	1	285.2091836734694	193.11479591836735	0	102
2	103	1	0	507.24264705882354	193.97794117647058	0	103
2	104	1	2	111.734375	198.26953125	0	104
2	105	1	1	172.2012578616352	201.5503144654088	0	105
2	106	1	6	149.83168316831683	204.75577557755776	0	106
2	107	1	1	471.69037656903765	205.22175732217573	0	107
2	108	1	3	429.52785923753663	207.70087976539588	0	108
2	109	1	1	387.6163141993958	208.45015105740183	0	109
2	110	1	0	5.301587301587301	210.47619047619048	0	110
2	111	1	0	38.65577889447236	209.9396984924623	0	111
2	112	1	0	57.05938242280285	217.20665083135393	0	112
2	113	1	2	192.04718217562254	216.85976408912188	0	113
2	114	1	1	213.4825174825175	223.43356643356643	0	114
2	115	1	0	120.97005988023952	223.18962075848304	0	115
2	116	1	0	438.12888888888887	223.39111111111112	0	116
2	117	1	0	19.036253776435046	224.607250755287	0	117
2	118	1	0	393.59102244389027	229.63840399002493	0	118
2	119	1	1	161.02790014684288	234.16005873715125	0	119
2	120	1	1	408.5296052631579	237.6315789473684	0	120
2	121	1	0	248.08695652173913	244.20772946859904	0	121
2	122	1	1	45.5609756097561	244.28048780487805	0	122
2	123	1	1	95.38676844783716	247.01526717557252	0	123
2	124	1	1	276.12983425414365	246.207182320442	0	124
2	125	1	0	189.0354938271605	250.19444444444446	0	125
2	126	1	0	415.6385542168675	253.03614457831324	0	126
2	127	1	6	459.3102625298329	245.74224343675417	0	127
2	128	1	1	24.867948717948718	255.46923076923076	0	128
2	129	1	2	143.2565789473684	259.45394736842104	0	129
2	130	1	2	224.96621621621622	258.81081081081084	0	130
2	131	1	0	48.51672862453532	265.1710037174721	0	131
2	132	1	2	467.85915492957747	269.6579476861167	0	132
2	133	1	2	72.74746543778802	276.2184331797235	0	133
2	134	1	13	176.41076487252124	273.5864022662889	0	134
2	135	1	1	404.67780429594274	275.24821002386636	0	135
2	136	1	0	131.42513368983958	276.54545454545456	0	136
2	137	1	1	286.413698630137	285.1123287671233	0	137
2	138	1	1	244.83679525222553	287.2433234421365	0	138
2	139	1	0	271.43880597014925	287.0089552238806	0	139
2	140	1	29	190.19665271966528	289.06694560669456	0	140
2	141	1	24	170.54166666666666	292.625	0	141
2	142	1	29	181.47577092511014	299.8810572687225	0	142
2	143	1	0	488.6996197718631	297.5209125475285	0	143
2	144	1	1	39.88255613126079	300.75993091537134	0	144
2	145	1	5	159.67207792207793	299.8766233766234	0	145
2	146	1	0	89.69515011547344	303.1547344110854	0	146
2	147	1	35	450.07865168539325	303.061797752809	0	147
2	148	1	9	205.4228187919463	306.76510067114094	0	148
2	149	1	0	360.462962962963	306.962962962963	0	149
2	150	1	2	270.2225063938619	309.15856777493605	0	150
2	151	1	0	378.5399568034557	312.20302375809933	0	151
2	152	1	1	496.7612208258528	312.1310592459605	0	152
2	153	1	3	157.9131455399061	317.7276995305164	0	153
2	154	1	26	313.3050458715596	318.45183486238534	0	154
2	155	1	4	454.09504132231405	327.22727272727275	0	155
2	156	1	1	94.5233918128655	332.14912280701753	0	156
2	157	1	1	199.05732484076432	332.5127388535032	0	157
2	158	1	8	238.00524109014674	329.30922431865827	0	158
2	159	1	16	505.52941176470586	328.8627450980392	0	159
2	160	1	2	139.89154411764707	335.21691176470586	0	160
2	161	1	5	506.29447852760734	343.36196319018404	0	161
2	162	1	1	414.7238372093023	344.21220930232556	0	162
2	163	1	0	297.0753246753247	344.5038961038961	0	163
2	164	1	2	185.83731019522776	345.7288503253796	0	164
2	165	1	0	393.6212765957447	344.3404255319149	0	165
2	166	1	6	273.944	349.8693333333333	0	166
2	167	1	1	364.90315789473686	346.13473684210527	0	167
2	168	1	4	458.590799031477	353.37046004842614	0	168
2	169	1	4	327.2486033519553	353.24301675977654	0	169
2	170	1	1	35.92502343017807	355.95032802249295	0	170
2	171	1	0	388.38709677419354	356.241935483871	0	171
2	172	1	1	367.94662921348316	361.35674157303373	0	172
2	173	1	0	94.25675675675676	357.9675675675676	0	173
2	174	1	1	130.25069637883007	358.8133704735376	0	174
2	175	1	0	178.30249110320284	361.4021352313167	0	175
2	176	1	2	428.5475638051044	360.1647331786543	0	176
2	177	1	2	483.008316008316	363.3035343035343	0	177
2	178	1	39	256.0374639769452	369.35446685878964	0	178
2	179	1	1	297.4338028169014	369.30422535211267	0	179
2	180	1	1	122.79797979797979	376.3030303030303	0	180
2	181	1	3	206.871875	375.9125	0	181
2	182	1	1	82.51437699680511	377.7635782747604	0	182
2	183	1	12	462.5466666666667	383.2311111111111	0	183
2	184	1	7	371.98250728862973	380.7521865889213	0	184
2	185	1	0	14.851948051948051	389.3194805194805	0	185
2	186	1	7	239.64327485380116	389.37719298245617	0	186
2	187	1	31	327.4320987654321	388.61728395061726	0	187
2	188	1	0	162.58273381294964	388.71942446043164	0	188
2	189	1	5	281.0501253132832	393.68170426065166	0	189
2	190	1	2	488.8543689320388	393.55582524271847	0	190
2	191	1	34	339.9190600522193	399.1279373368146	0	191
2	192	1	1	445.85747663551405	398.1658878504673	0	192
2	193	1	0	49.21621621621622	398.2285012285012	0	193
2	194	1	0	167.42960288808663	402.3718411552347	0	194
2	195	1	5	299.3782894736842	399.7796052631579	0	195
2	196	1	0	116.92708333333333	400.46180555555554	0	196
2	197	1	0	91.60436137071652	402.5140186915888	0	197
2	198	1	1	206.6905311778291	405.161662817552	0	198
2	199	1	0	505.1923076923077	410.2692307692308	0	199
2	200	1	15	320.94117647058823	412.93464052287584	0	200
2	201	1	0	415.83600713012476	411.70588235294116	0	201
2	202	1	13	310.88194444444446	418.38194444444446	0	202
2	203	1	0	21.486238532110093	425.84709480122325	0	203
2	204	1	0	50.11873350923483	426.2532981530343	0	204
2	205	1	0	153.3938223938224	431.87644787644786	0	205
2	206	1	43	322.473491773309	434.2449725776965	0	206
2	207	1	1	256.55218855218857	436.24242424242425	0	207
2	208	1	1	382.024948024948	438.012474012474	0	208
2	209	1	0	96.52646239554318	437.8272980501393	0	209
2	210	1	21	356.8211009174312	438.2224770642202	0	210
2	211	1	0	420.2517985611511	441.67865707434055	0	211
2	212	1	0	190.2846153846154	453.9	0	212
2	213	1	29	339.2373333333333	452.04266666666666	0	213
2	214	1	5	268.749063670412	453.2771535580524	0	214
2	215	1	0	18.668759811616955	456.27472527472526	0	215
2	216	1	0	204.859410430839	460.8979591836735	0	216
2	217	1	0	169.54109589041096	459.9634703196347	0	217
2	218	1	5	226.7893982808023	467.11747851002866	0	218
2	219	1	8	336.78476821192055	467.3708609271523	0	219
2	220	1	3	273.1710843373494	468.34216867469877	0	220
2	221	1	0	66.2396449704142	469.594674556213	0	221
2	222	1	5	321.5871121718377	479.06205250596656	0	222
2	223	1	0	486.2230392156863	482.00735294117646	0	223
2	224	1	0	26.219749652294855	485.3449235048679	0	224
2	225	1	0	375.8985507246377	485.0952380952381	0	225
2	226	1	0	82.02857142857142	488.72467532467533	0	226
2	227	1	3	129.52941176470588	486.4546568627451	0	227
2	228	1	0	171.0470914127424	498.4792243767313	0	228
2	229	1	1	255.73893805309734	499.1371681415929	0	229
2	230	1	0	115.36303630363037	503.6798679867987	0	230
2	231	1	0	14.214022140221402	505.3247232472325	0	231
2	232	1	0	457.140522875817	503.27777777777777	0	232
2	233	1	0	149.4794520547945	505.8447488584475	0	233
2	234	1	0	208.94656488549617	505.89694656488547	0	234
2	235	1	0	301.1179775280899	506.73595505617976	0	235
3	1	1	0	55.74285714285714	2.1333333333333333	0	1
3	2	1	0	132.3491124260355	4.514792899408284	0	2
3	3	1	0	147.83448275862068	4.082758620689655	0	3
3	4	1	0	258.6941176470588	3.1411764705882352	0	4
3	5	1	0	451.64502529510963	13.725969645868465	0	5
3	6	1	0	341.6393861892583	7.268542199488491	0	6
3	7	1	0	164.55785123966942	6.586776859504132	0	7
3	8	1	0	95.13291139240506	7.870253164556962	0	8
3	9	1	0	188.44484958979035	17.23609845031905	0	9
3	10	1	4	31.49868073878628	14.989445910290238	0	10
3	11	1	0	291.6748633879781	14.587431693989071	0	11
3	12	1	0	246.43556701030928	17.675257731958762	0	12
3	13	1	9	65.43870967741935	24.12258064516129	0	13
3	14	1	0	403.3542234332425	25.517711171662125	0	14
3	15	1	0	360.7130681818182	28.039772727272727	0	15
3	16	1	0	388.00267379679144	27.8048128342246	0	16
3	17	1	25	305.0689655172414	30.291187739463602	0	17
3	18	1	0	98.73097826086956	33.67934782608695	0	18
3	19	1	38	292.3085399449036	38.66391184573003	0	19
3	20	1	1	156.1318493150685	42.03767123287671	0	20
3	21	1	0	3.8914285714285715	41.925714285714285	0	21
3	22	1	0	274.9006211180124	41.27018633540373	0	22
3	23	1	0	205.2443438914027	44.68325791855204	0	23
3	24	1	1	320.8544303797468	48.20569620253165	0	24
3	25	1	0	477.87772925764193	47.213973799126634	0	25
3	26	1	0	386.24455205811137	50.47457627118644	0	26
3	27	1	0	496.22954091816365	52.52095808383233	0	27
3	28	1	1	104.97435897435898	50.80769230769231	0	28
3	29	1	3	273.0483870967742	59.384792626728114	0	29
3	30	1	0	45.10614525139665	57.76815642458101	0	30
3	31	1	5	429.7828947368421	59.3421052631579	0	31
3	32	1	0	110.3921568627451	64.38888888888889	0	32
3	33	1	0	21.039106145251395	66.08659217877096	0	33
3	34	1	3	353.366935483871	70.84879032258064	0	34
3	35	1	1	210.26239067055394	74.00583090379008	0	35
3	36	1	1	74.7530487804878	73.41158536585365	0	36
3	37	1	1	314.24615384615385	74.24307692307693	0	37
3	38	1	0	255.19012797074953	77.24680073126143	0	38
3	39	1	0	412.75603217158175	85.66219839142092	0	39
3	40	1	0	300.8991416309013	87.66309012875537	0	40
3	41	1	0	481.85828343313375	87.04790419161677	0	41
3	42	1	2	389.7780612244898	91.4311224489796	0	42
3	43	1	1	443.48533333333336	94.55733333333333	0	43
3	44	1	0	507.0655737704918	94.06557377049181	0	44
3	45	1	1	152.85379568884724	97.50890346766636	0	45
3	46	1	1	484.5819209039548	102.25988700564972	0	46
3	47	1	0	209.94037940379403	99.77235772357723	0	47
3	48	1	1	245.49579831932772	100.67226890756302	0	48
3	49	1	0	293.35738831615123	103.48109965635739	0	49
3	50	1	0	15.777777777777779	103.83483483483484	0	50
3	51	1	0	413.0858725761773	110.97506925207756	0	51
3	52	1	38	371.41988950276243	111.10773480662984	0	52
3	53	1	0	238.24149659863946	118.27551020408163	0	53
3	54	1	1	322.1299093655589	117.86706948640483	0	54
3	55	1	1	198.54692556634305	119.49838187702265	0	55
3	56	1	0	9.240105540897098	121.45382585751979	0	56
3	57	1	0	488.37325905292477	121.41782729805014	0	57
3	58	1	0	132.49869451697128	130.84334203655354	0	58
3	59	1	2	354.9159663865546	131.21848739495798	0	59
3	60	1	0	277.817843866171	130.5092936802974	0	60
3	61	1	3	402.8873720136519	133.48464163822527	0	61
3	62	1	0	502.2224880382775	134.78708133971293	0	62
3	63	1	1	389.37714285714287	139.9542857142857	0	63
3	64	1	57	449.8274894810659	135.55119214586256	0	64
3	65	1	0	166.45679012345678	139.879012345679	0	65
3	66	1	0	416.9169960474308	142.18577075098815	0	66
3	67	1	0	282.68402777777777	144.17361111111111	0	67
3	68	1	0	232.4738675958188	142.30662020905925	0	68
3	69	1	2	207.76433121019107	144.37579617834396	0	69
3	70	1	0	321.70681818181816	147.20909090909092	0	70
3	71	1	1	35.21052631578947	149.32105263157894	0	71
3	72	1	1	70.53638253638253	151.1891891891892	0	72
3	73	1	14	438.18446601941747	153.50485436893203	0	73
3	74	1	16	427.8125	158.83854166666666	0	74
3	75	1	0	139.56134969325154	167.11349693251535	0	75
3	76	1	0	167.68579234972677	167.48907103825135	0	76
3	77	1	0	12.85054347826087	170.48641304347825	0	77
3	78	1	0	66.09137055837563	170.93908629441626	0	78
3	79	1	0	268.8252427184466	173.57864077669902	0	79
3	80	1	1	371.60130718954247	177.77124183006535	0	80
3	81	1	68	437.7517605633803	175.33450704225353	0	81
3	82	1	0	499.21444695259595	179.20541760722347	0	82
3	83	1	0	212.9742857142857	179.31714285714287	0	83
3	84	1	10	473.50619834710744	179.03099173553719	0	84
3	85	1	0	89.17573221757323	184.2928870292887	0	85
3	86	1	0	305.2779220779221	195.63376623376624	0	86
3	87	1	29	454.32480818414325	193.14066496163682	0	87
3	88	1	0	103.31818181818181	196.6909090909091	0	88
3	89	1	2	383.3611111111111	194.62698412698413	0	89
3	90	1	0	137.40973312401883	197.0502354788069	0	90
3	91	1	0	320.14316702819957	202.21475054229936	0	91
3	92	1	1	284.97228637413394	201.4203233256351	0	92
3	93	1	2	41.42944785276074	204.01840490797545	0	93
3	94	1	2	342.0948275862069	208.51867816091954	0	94
3	95	1	5	452.0135135135135	208.33783783783784	0	95
3	96	1	3	388.11217183770884	209.38663484486872	0	96
3	97	1	0	183.8882175226586	210.5226586102719	0	97
3	98	1	0	116.80208333333333	210.21354166666666	0	98
3	99	1	0	27.937304075235108	218.79623824451411	0	99
3	100	1	1	48.138364779874216	217.69182389937106	0	100
3	101	1	5	436.7477064220183	219.70642201834863	0	101
3	102	1	0	145.31019830028328	225.6402266288952	0	102
3	103	1	0	490.83811475409834	225.34016393442624	0	103
3	104	1	1	199.27567567567567	229.38918918918918	0	104
3	105	1	2	246.01346389228885	227.77356181150552	0	105
3	106	1	3	59.23671497584541	231.70531400966183	0	106
3	107	1	0	370.65502183406113	239.87772925764193	0	107
3	108	1	1	286.58743169398906	239.46448087431693	0	108
3	109	1	27	58.03833865814696	243.54952076677316	0	109
3	110	1	0	133.5549132947977	247.05780346820808	0	110
3	111	1	4	232.30789473684212	246.55789473684212	0	111
3	112	1	16	20.657851239669423	248.14710743801652	0	112
3	113	1	1	323.965367965368	250.89826839826839	0	113
3	114	1	1	267.0970149253731	253.82276119402985	0	114
3	115	1	0	87.24189526184539	251.713216957606	0	115
3	116	1	0	417.0277185501066	254.87633262260127	0	116
3	117	1	1	451.73148148148147	258.40432098765433	0	117
3	118	1	3	66.94886363636364	263.9375	0	118
3	119	1	0	475.509009009009	264.2477477477477	0	119
3	120	1	0	152.5929203539823	264.57522123893807	0	120
3	121	1	0	296.87637969094925	266.1346578366446	0	121
3	122	1	7	22.641509433962263	270.33962264150944	0	122
3	123	1	0	386.05371900826447	271.4669421487603	0	123
3	124	1	5	170.6725	276.0225	0	124
3	125	1	70	223.34154929577466	275.9507042253521	0	125
3	126	1	0	431.6136363636364	277.67857142857144	0	126
3	127	1	2	127.56043956043956	276.282967032967	0	127
3	128	1	2	362.62730627306274	277.76752767527677	0	128
3	129	1	0	273.4765840220386	279.69972451790636	0	129
3	130	1	0	81.39637305699482	282.3316062176166	0	130
3	131	1	0	499.9080459770115	282.132183908046	0	131
3	132	1	33	28.931952662721894	283.9940828402367	0	132
3	133	1	1	1.1772151898734178	294.126582278481	0	133
3	134	1	0	338.29	289.6875	0	134
3	135	1	5	39.356265356265354	295.43243243243245	0	135
3	136	1	20	223.13506493506495	297.84155844155845	0	136
3	137	1	1	422.7367149758454	298.9927536231884	0	137
3	138	1	1	111.20689655172414	300.04597701149424	0	138
3	139	1	1	265.12345679012344	300.48148148148147	0	139
3	140	1	0	346.563981042654	306.3507109004739	0	140
3	141	1	0	80.48763250883393	303.0494699646643	0	141
3	142	1	1	450.39204545454544	307.23295454545456	0	142
3	143	1	5	179.3747323340471	311.88865096359746	0	143
3	144	1	0	472.00502512562815	311.0502512562814	0	144
3	145	1	1	438.9817073170732	314.7378048780488	0	145
3	146	1	0	28.38888888888889	314.994708994709	0	146
3	147	1	0	136.63243243243244	315.27837837837836	0	147
3	148	1	1	87.48245614035088	317.780701754386	0	148
3	149	1	2	319.7559523809524	317.28968253968253	0	149
3	150	1	1	454.1578947368421	319.77443609022555	0	150
3	151	1	3	151.26259946949602	322.9920424403183	0	151
3	152	1	8	208.51196172248802	319.16985645933016	0	152
3	153	1	1	112.51572327044025	325.1509433962264	0	153
3	154	1	0	261.0833333333333	325.4362745098039	0	154
3	155	1	1	351.7467248908297	332.4868995633188	0	155
3	156	1	0	494.4384236453202	335.9408866995074	0	156
3	157	1	1	105.61392405063292	339.4398734177215	0	157
3	158	1	2	176.0859598853868	338.4412607449857	0	158
3	159	1	2	457.1614583333333	341.3020833333333	0	159
3	160	1	0	474.3490566037736	341.188679245283	0	160
3	161	1	3	273.9068100358423	345.2652329749104	0	161
3	162	1	0	246.66816143497758	344.2130044843049	0	162
3	163	1	0	20.844559585492227	348.36787564766837	0	163
3	164	1	29	388.3076923076923	348.99704142011836	0	164
3	165	1	11	368.6148867313916	348.49514563106794	0	165
3	166	1	30	418.6754807692308	351.31009615384613	0	166
3	167	1	5	231.75664335664337	355.7006993006993	0	167
3	168	1	0	293.73728813559325	355.1885593220339	0	168
3	169	1	1	333.55889145496536	356.82909930715937	0	169
3	170	1	1	86.07380952380953	362.8880952380952	0	170
3	171	1	64	150.24814814814815	361.51666666666665	0	171
3	172	1	0	206.96951219512195	364.5030487804878	0	172
3	173	1	0	406.3563829787234	363.3936170212766	0	173
3	174	1	3	262.29411764705884	368.9102941176471	0	174
3	175	1	5	179.04810996563575	369.0	0	175
3	176	1	0	498.8835616438356	374.45205479452056	0	176
3	177	1	0	29.273189326556544	374.36721728081324	0	177
3	178	1	6	129.90222222222224	376.49333333333334	0	178
3	179	1	35	196.98117647058822	384.87529411764706	0	179
3	180	1	1	141.69230769230768	386.52403846153845	0	180
3	181	1	7	288.05016722408027	391.3578595317726	0	181
3	182	1	0	34.71511627906977	394.1279069767442	0	182
3	183	1	0	372.2	395.5	0	183
3	184	1	1	122.44254278728606	396.71393643031786	0	184
3	185	1	2	167.7852028639618	401.34606205250594	0	185
3	186	1	0	24.520833333333332	401.6458333333333	0	186
3	187	1	1	240.05817174515235	404.6731301939058	0	187
3	188	1	1	192.44444444444446	405.4871794871795	0	188
3	189	1	10	207.74005305039788	410.737400530504	0	189
3	190	1	0	96.821608040201	414.63316582914575	0	190
3	191	1	0	131.0844327176781	419.62796833773086	0	191
3	192	1	0	304.9730848861284	418.944099378882	0	192
3	193	1	0	32.69211195928753	421.3562340966921	0	193
3	194	1	0	107.62352941176471	433.5882352941176	0	194
3	195	1	40	213.39755351681958	431.16207951070334	0	195
3	196	1	0	266.31529411764706	437.0352941176471	0	196
3	197	1	0	158.2135728542914	438.00399201596804	0	197
3	198	1	9	332.771186440678	443.0381355932203	0	198
3	199	1	7	201.23469387755102	444.8469387755102	0	199
3	200	1	0	67.44587628865979	446.12886597938143	0	200
3	201	1	0	127.45278969957081	443.0665236051502	0	201
3	202	1	0	15.817961165048544	449.9150485436893	0	202
3	203	1	1	112.25568942436412	460.3587684069612	0	203
3	204	1	1	228.6112600536193	458.1474530831099	0	204
3	205	1	0	149.4657894736842	461.47105263157897	0	205
3	206	1	0	324.7173913043478	461.70380434782606	0	206
3	207	1	0	27.09486166007905	465.6600790513834	0	207
3	208	1	0	136.60714285714286	473.01785714285717	0	208
3	209	1	0	131.52941176470588	482.3193277310924	0	209
3	210	1	0	208.66071428571428	477.0238095238095	0	210
3	211	1	0	18.862068965517242	482.88505747126436	0	211
3	212	1	0	92.66576819407008	482.64150943396226	0	212
3	213	1	1	324.83629893238435	484.9644128113879	0	213
3	214	1	0	507.7142857142857	485.6273291925466	0	214
3	215	1	0	153.52295918367346	485.05867346938777	0	215
3	216	1	0	222.0125	487.13125	0	216
3	217	1	0	7.923076923076923	493.87278106508876	0	217
3	218	1	0	73.11904761904762	494.61038961038963	0	218
3	219	1	0	174.27906976744185	497.4385382059801	0	219
4	1	1	0	93.6268656716418	10.311774461028193	0	1
4	2	1	0	264.4102564102564	4.337606837606837	0	2
4	3	1	0	340.87951807228916	2.963855421686747	0	3
4	4	1	0	356.8675496688742	3.052980132450331	0	4
4	5	1	0	376.99029126213594	5.495145631067961	0	5
4	6	1	0	398.0	3.682926829268293	0	6
4	7	1	0	171.8485639686684	9.934725848563968	0	7
4	8	1	0	438.23664122137404	9.893129770992367	0	8
4	9	1	1	332.3654822335025	9.893401015228426	0	9
4	10	1	0	9.475095785440613	11.60536398467433	0	10
4	11	1	0	38.674418604651166	12.930232558139535	0	11
4	12	1	0	220.9501312335958	14.763779527559056	0	12
4	13	1	0	385.8883374689826	18.751861042183624	0	13
4	14	1	0	292.2151394422311	20.1195219123506	0	14
4	15	1	2	318.26625386996903	23.294117647058822	0	15
4	16	1	0	131.0366492146597	26.542757417102965	0	16
4	17	1	0	250.39473684210526	28.378947368421052	0	17
4	18	1	0	282.1015873015873	31.641269841269843	0	18
4	19	1	0	410.41818181818184	28.563636363636363	0	19
4	20	1	0	500.3255033557047	30.61744966442953	0	20
4	21	1	0	40.38198757763975	33.18633540372671	0	21
4	22	1	2	202.48312611012435	33.65896980461812	0	22
4	23	1	0	104.05298013245033	31.728476821192054	0	23
4	24	1	0	480.64	36.766666666666666	0	24
4	25	1	0	163.58690176322418	36.377833753148614	0	25
4	26	1	2	330.0493150684932	36.84109589041096	0	26
4	27	1	0	373.69072164948454	36.54381443298969	0	27
4	28	1	1	21.900343642611684	38.491408934707906	0	28
4	29	1	0	396.5157894736842	42.11052631578947	0	29
4	30	1	1	438.3580874872838	38.959308240081384	0	30
4	31	1	0	271.4385245901639	42.65573770491803	0	31
4	32	1	0	7.464944649446495	44.343173431734314	0	32
4	33	1	0	258.247311827957	45.543010752688176	0	33
4	34	1	0	105.60230547550432	45.847262247838614	0	34
4	35	1	0	465.0338164251208	50.71497584541063	0	35
4	36	1	0	169.4793187347932	55.21167883211679	0	36
4	37	1	0	495.31467181467184	55.625482625482626	0	37
4	38	1	0	345.12068965517244	55.67528735632184	0	38
4	39	1	0	92.3719512195122	58.90243902439025	0	39
4	40	1	0	289.46770025839794	61.661498708010335	0	40
4	41	1	0	441.4307692307692	63.47692307692308	0	41
4	42	1	0	233.92670157068062	69.97643979057591	0	42
4	43	1	0	48.73972602739726	71.27168949771689	0	43
4	44	1	0	119.67777777777778	68.58222222222223	0	44
4	45	1	0	268.20679886685554	71.1728045325779	0	45
4	46	1	1	363.98371335504885	72.24755700325733	0	46
4	47	1	0	473.68888888888887	75.425	0	47
4	48	1	0	331.09395973154363	79.83221476510067	0	48
4	49	1	1	80.22243346007605	77.63878326996198	0	49
4	50	1	1	433.1875	79.45982142857143	0	50
4	51	1	0	392.5124223602484	83.95031055900621	0	51
4	52	1	1	100.05804749340369	85.28232189973615	0	52
4	53	1	1	138.52219873150105	87.66173361522199	0	53
4	54	1	0	467.4156862745098	87.88627450980393	0	54
4	55	1	1	367.8428093645485	88.17056856187291	0	55
4	56	1	0	6.632183908045977	86.3419540229885	0	56
4	57	1	0	183.76081424936388	90.65139949109415	0	57
4	58	1	0	19.721854304635762	93.21523178807946	0	58
4	59	1	0	226.25537634408602	95.09408602150538	0	59
4	60	1	1	266.6074074074074	94.18888888888888	0	60
4	61	1	0	278.6952789699571	99.57510729613733	0	61
4	62	1	0	66.59055118110236	99.91338582677166	0	62
4	63	1	2	424.38810198300285	94.09631728045326	0	63
4	64	1	0	156.125	101.69602272727273	0	64
4	65	1	0	257.7857142857143	104.9702380952381	0	65
4	66	1	0	354.2857142857143	106.91071428571429	0	66
4	67	1	0	410.88439306358384	107.74373795761079	0	67
4	68	1	0	482.1948051948052	105.5551948051948	0	68
4	69	1	0	309.09448818897636	107.14435695538057	0	69
4	70	1	0	335.94586894586894	107.03703703703704	0	70
4	71	1	0	437.82954545454544	111.775	0	71
4	72	1	0	17.430079155672825	118.0712401055409	0	72
4	73	1	15	120.7695652173913	121.24565217391304	0	73
4	74	1	0	69.12272727272727	122.78181818181818	0	74
4	75	1	1	165.60526315789474	126.95454545454545	0	75
4	76	1	1	233.6011235955056	123.64887640449439	0	76
4	77	1	0	375.33142857142855	122.68285714285715	0	77
4	78	1	1	409.780487804878	128.4908536585366	0	78
4	79	1	1	318.4901960784314	128.90441176470588	0	79
4	80	1	0	501.24749163879596	131.57859531772576	0	80
4	81	1	0	342.23661971830984	131.76901408450703	0	81
4	82	1	2	198.46397694524495	130.77521613832852	0	82
4	83	1	2	59.505494505494504	135.5054945054945	0	83
4	84	1	0	449.00786163522014	137.03616352201257	0	84
4	85	1	0	274.8469055374593	143.05211726384366	0	85
4	86	1	0	19.3	146.22333333333333	0	86
4	87	1	46	108.62121212121212	145.43939393939394	0	87
4	88	1	0	302.7455357142857	143.12946428571428	0	88
4	89	1	5	149.08231707317074	149.7439024390244	0	89
4	90	1	0	217.42222222222222	152.9079365079365	0	90
4	91	1	1	267.4846153846154	157.6871794871795	0	91
4	92	1	0	371.81182795698925	156.54032258064515	0	92
4	93	1	0	49.138489208633096	161.1996402877698	0	93
4	94	1	1	169.46280991735537	160.17906336088154	0	94
4	95	1	1	318.412987012987	163.81038961038962	0	95
4	96	1	0	488.951367781155	162.7841945288754	0	96
4	97	1	24	119.97749196141478	165.7749196141479	0	97
4	98	1	1	183.5595567867036	171.33795013850417	0	98
4	99	1	1	452.45238095238096	173.04497354497354	0	99
4	100	1	0	419.4049217002237	177.24608501118567	0	100
4	101	1	0	388.2533849129594	177.5396518375242	0	101
4	102	1	0	278.68367346938777	179.25	0	102
4	103	1	0	297.3257328990228	177.2214983713355	0	103
4	104	1	0	248.79008746355686	180.8396501457726	0	104
4	105	1	1	23.29299363057325	180.59235668789808	0	105
4	106	1	4	65.11241217798595	180.9976580796253	0	106
4	107	1	2	466.71022727272725	181.7471590909091	0	107
4	108	1	0	4.947643979057592	182.52879581151834	0	108
4	109	1	0	217.7046783625731	185.50292397660817	0	109
4	110	1	1	30.44736842105263	189.99473684210525	0	110
4	111	1	0	303.9624060150376	189.15037593984962	0	111
4	112	1	0	92.47462686567164	193.98805970149255	0	112
4	113	1	5	112.61772853185596	194.21606648199446	0	113
4	114	1	3	184.11813186813185	196.3131868131868	0	114
4	115	1	1	148.93659942363112	201.11239193083574	0	115
4	116	1	4	446.36386138613864	202.1410891089109	0	116
4	117	1	1	299.25320056899005	205.5462304409673	0	117
4	118	1	0	504.6257142857143	206.43714285714285	0	118
4	119	1	1	364.3304347826087	209.87246376811595	0	119
4	120	1	1	330.53508771929825	211.18421052631578	0	120
4	121	1	2	218.78571428571428	209.83531746031747	0	121
4	122	1	0	247.27675276752768	208.2250922509225	0	122
4	123	1	1	403.962962962963	215.81172839506172	0	123
4	124	1	0	260.85310734463275	216.65536723163842	0	124
4	125	1	1	75.2218649517685	219.45337620578778	0	125
4	126	1	0	2.0869565217391304	221.7608695652174	0	126
4	127	1	47	35.49680170575693	224.34328358208955	0	127
4	128	1	2	348.46067415730334	223.34456928838952	0	128
4	129	1	1	110.73746312684366	227.3510324483776	0	129
4	130	1	0	476.0864864864865	229.8864864864865	0	130
4	131	1	0	491.7630922693267	234.4339152119701	0	131
4	132	1	1	76.95930232558139	239.77906976744185	0	132
4	133	1	2	149.22160664819944	236.46814404432132	0	133
4	134	1	2	307.09057971014494	235.85326086956522	0	134
4	135	1	4	55.26470588235294	238.15882352941176	0	135
4	136	1	0	170.9189189189189	237.59459459459458	0	136
4	137	1	3	411.3666666666667	238.175	0	137
4	138	1	3	454.1666666666667	243.88666666666666	0	138
4	139	1	1	233.59530791788856	246.24633431085044	0	139
4	140	1	0	393.05263157894734	250.09774436090225	0	140
4	141	1	3	40.52922077922078	249.94805194805195	0	141
4	142	1	46	426.1583011583012	255.27799227799227	0	142
4	143	1	6	345.2247557003257	257.1872964169381	0	143
4	144	1	0	60.29496402877698	257.0719424460432	0	144
4	145	1	0	4.81	260.22	0	145
4	146	1	0	471.2050209205021	265.2050209205021	0	146
4	147	1	2	229.04518072289156	265.90361445783134	0	147
4	148	1	43	277.7789072426938	265.81067344345615	0	148
4	149	1	2	49.289308176100626	271.52201257861634	0	149
4	150	1	2	501.07766990291265	272.11003236245955	0	150
4	151	1	0	103.05383022774328	272.8550724637681	0	151
4	152	1	0	193.8619676945668	272.29221732745964	0	152
4	153	1	0	434.7142857142857	274.06802721088434	0	153
4	154	1	1	160.48377581120943	275.00589970501477	0	154
4	155	1	2	240.8019801980198	277.3267326732673	0	155
4	156	1	3	378.2246575342466	275.71232876712327	0	156
4	157	1	0	140.79841897233203	278.9288537549407	0	157
4	158	1	1	461.36794582392776	281.0744920993228	0	158
4	159	1	2	490.3333333333333	291.05515587529976	0	159
4	160	1	0	340.16190476190474	290.4952380952381	0	160
4	161	1	30	402.64925373134326	294.79477611940297	0	161
4	162	1	6	260.5922619047619	296.2113095238095	0	162
4	163	1	0	329.7710843373494	297.62048192771084	0	163
4	164	1	5	432.6038543897216	296.30620985010705	0	164
4	165	1	0	300.0833333333333	297.0833333333333	0	165
4	166	1	0	32.12016293279022	300.38900203665986	0	166
4	167	1	0	153.9368029739777	303.82156133828994	0	167
4	168	1	1	93.74489795918367	304.36394557823127	0	168
4	169	1	1	360.4695652173913	306.4550724637681	0	169
4	170	1	0	55.41379310344828	313.20935960591135	0	170
4	171	1	2	413.202216066482	315.3296398891967	0	171
4	172	1	0	99.96648044692738	321.0027932960894	0	172
4	173	1	3	396.48355263157896	322.01644736842104	0	173
4	174	1	2	235.7864077669903	326.1067961165049	0	174
4	175	1	1	83.17662337662338	334.3454545454546	0	175
4	176	1	0	180.79494382022472	332.5477528089888	0	176
4	177	1	0	276.9135618479881	334.50521609538004	0	177
4	178	1	7	444.74938574938574	335.2825552825553	0	178
4	179	1	0	16.945205479452056	340.37808219178083	0	179
4	180	1	0	110.07455012853471	339.53213367609254	0	180
4	181	1	1	473.2634560906516	340.6685552407932	0	181
4	182	1	0	129.03875968992247	346.0581395348837	0	182
4	183	1	1	497.48727984344424	340.8512720156556	0	183
4	184	1	1	153.24188790560473	343.188790560472	0	184
4	185	1	0	324.31895223420645	344.87211093990754	0	185
4	186	1	0	67.2127659574468	355.8085106382979	0	186
4	187	1	0	506.18811881188117	362.0693069306931	0	187
4	188	1	36	428.82933333333335	366.21066666666667	0	188
4	189	1	0	370.4095513748191	367.04196816208395	0	189
4	190	1	0	144.04424778761063	369.9911504424779	0	190
4	191	1	2	255.65106382978723	370.1404255319149	0	191
4	192	1	0	508.2	380.0736842105263	0	192
4	193	1	1	88.02564102564102	382.64102564102564	0	193
4	194	1	0	68.14861995753715	381.78343949044586	0	194
4	195	1	5	250.63681592039802	384.9303482587065	0	195
4	196	1	1	489.3155737704918	382.8913934426229	0	196
4	197	1	5	263.17131474103587	392.1513944223108	0	197
4	198	1	0	129.1823899371069	394.248427672956	0	198
4	199	1	0	335.81388012618294	391.05362776025237	0	199
4	200	1	1	290.60115606936415	395.28901734104045	0	200
4	201	1	3	449.7008310249307	397.8448753462604	0	201
4	202	1	0	470.75456053067995	399.40464344941955	0	202
4	203	1	0	26.38963963963964	398.22297297297297	0	203
4	204	1	0	284.4390243902439	403.1951219512195	0	204
4	205	1	31	416.8119122257053	403.84952978056424	0	205
4	206	1	0	4.799086757990867	406.8675799086758	0	206
4	207	1	1	43.719710669077756	412.0144665461121	0	207
4	208	1	1	373.88495575221236	409.73893805309734	0	208
4	209	1	1	495.8114754098361	413.07377049180326	0	209
4	210	1	1	287.51632047477744	417.1958456973294	0	210
4	211	1	0	357.03532008830024	417.44370860927154	0	211
4	212	1	0	94.85820895522389	417.9303482587065	0	212
4	213	1	0	304.71861471861473	428.3030303030303	0	213
4	214	1	31	461.53246753246754	438.1794569067296	0	214
4	215	1	1	436.87958115183244	437.25130890052355	0	215
4	216	1	5	425.3414634146341	442.66341463414636	0	216
4	217	1	1	305.5981012658228	448.376582278481	0	217
4	218	1	0	276.9594594594595	452.14864864864865	0	218
4	219	1	0	104.97941176470589	451.38235294117646	0	219
4	220	1	1	56.28132387706856	456.88652482269504	0	220
4	221	1	44	412.7453027139875	456.7933194154489	0	221
4	222	1	0	222.00293255131965	454.2228739002933	0	222
4	223	1	0	147.3810623556582	457.6327944572748	0	223
4	224	1	0	120.38367346938776	458.8285714285714	0	224
4	225	1	3	379.6233766233766	459.63961038961037	0	225
4	226	1	0	87.13414634146342	466.3048780487805	0	226
4	227	1	0	470.975935828877	469.13101604278074	0	227
4	228	1	1	224.16467065868264	470.6646706586826	0	228
4	229	1	0	72.60747663551402	477.4766355140187	0	229
4	230	1	1	239.044061302682	473.1475095785441	0	230
4	231	1	2	312.03950103950103	470.93970893970896	0	231
4	232	1	1	367.35692307692307	474.62461538461537	0	232
4	233	1	0	333.30283911671927	477.2902208201893	0	233
4	234	1	0	106.70289855072464	483.34057971014494	0	234
4	235	1	1	256.2865497076023	480.00584795321635	0	235
4	236	1	0	44.18859649122807	487.91008771929825	0	236
4	237	1	0	286.3382352941176	488.7705882352941	0	237
4	238	1	6	416.7229862475442	487.5756385068762	0	238
4	239	1	0	20.286057692307693	490.89663461538464	0	239
4	240	1	0	170.420581655481	488.42729306487695	0	240
4	241	1	0	447.3623639191291	491.357698289269	0	241
4	242	1	0	124.49130434782609	494.295652173913	0	242
4	243	1	0	88.50755287009063	495.3051359516616	0	243
4	244	1	0	475.02941176470586	497.7	0	244
4	245	1	0	214.57142857142858	499.6862745098039	0	245
4	246	1	0	345.51612903225805	494.2756598240469	0	246
4	247	1	0	331.2763636363636	502.7418181818182	0	247
4	248	1	0	504.14760147601476	502.6014760147601	0	248
4	249	1	0	101.63440860215054	507.48387096774195	0	249
4	250	1	1	6.621301775147929	506.0887573964497	0	250
4	251	1	0	120.51829268292683	507.0548780487805	0	251
4	252	1	0	153.52674897119343	506.2798353909465	0	252
4	253	1	0	382.4	500.6918367346939	0	253
4	254	1	2	406.6683673469388	505.5408163265306	0	254
4	255	1	0	460.35135135135135	507.64864864864865	0	255
5	1	1	0	33.968152866242036	3.770700636942675	0	1
5	2	1	0	198.39080459770116	4.425287356321839	0	2
5	3	1	0	226.1841155234657	4.935018050541516	0	3
5	4	1	0	378.1818181818182	2.5779220779220777	0	4
5	5	1	0	397.4878048780488	2.7804878048780486	0	5
5	6	1	0	453.0647482014389	3.7194244604316546	0	6
5	7	1	1	161.84323040380048	13.463182897862232	0	7
5	8	1	0	107.92307692307692	21.369230769230768	0	8
5	9	1	0	104.08187134502924	32.27485380116959	0	9
5	10	1	1	4.106145251396648	30.905027932960895	0	10
5	11	1	6	39.91612903225806	31.61935483870968	0	11
5	12	1	0	389.1717948717949	33.815384615384616	0	12
5	13	1	0	260.57910906298	36.03225806451613	0	13
5	14	1	0	89.14147909967846	37.62379421221865	0	14
5	15	1	2	144.80080482897384	41.53319919517103	0	15
5	16	1	0	503.5533199195171	47.032193158953724	0	16
5	17	1	0	131.78680203045684	51.31979695431472	0	17
5	18	1	30	69.51075268817205	51.494623655913976	0	18
5	19	1	1	358.01381215469615	56.68232044198895	0	19
5	20	1	1	279.3266055045872	59.69174311926606	0	20
5	21	1	1	313.26615969581746	65.45247148288973	0	21
5	22	1	3	26.867441860465117	65.18837209302326	0	22
5	23	1	0	143.688	66.8	0	23
5	24	1	0	187.24761904761905	68.85714285714286	0	24
5	25	1	0	131.36649214659687	68.90575916230367	0	25
5	26	1	20	105.58271604938271	73.26913580246914	0	26
5	27	1	0	149.86285714285714	75.30857142857143	0	27
5	28	1	1	174.8328611898017	75.55240793201133	0	28
5	29	1	0	504.1380952380952	73.2	0	29
5	30	1	0	224.09337349397592	76.59939759036145	0	30
5	31	1	0	281.46043165467626	77.56834532374101	0	31
5	32	1	71	72.9415692821369	78.13689482470785	0	32
5	33	1	0	357.3646408839779	78.4475138121547	0	33
5	34	1	1	144.90055248618785	87.70718232044199	0	34
5	35	1	1	271.5201149425287	86.97126436781609	0	35
5	36	1	1	249.08265802269042	85.94327390599676	0	36
5	37	1	0	395.1948424068768	90.68481375358166	0	37
5	38	1	0	307.8335644937587	94.06796116504854	0	38
5	39	1	0	5.303030303030303	97.80681818181819	0	39
5	40	1	0	206.78932584269663	100.4494382022472	0	40
5	41	1	1	289.909793814433	106.80412371134021	0	41
5	42	1	0	360.0843989769821	106.33248081841433	0	42
5	43	1	0	429.78747628083494	108.14990512333966	0	43
5	44	1	0	509.0470588235294	109.84705882352941	0	44
5	45	1	0	68.22556390977444	113.68922305764411	0	45
5	46	1	1	114.02593659942363	116.80691642651297	0	46
5	47	1	1	222.58316633266534	115.72344689378758	0	47
5	48	1	0	493.5279187817259	119.59390862944163	0	48
5	49	1	1	237.79190751445086	122.14450867052022	0	49
5	50	1	3	22.38145896656535	127.77051671732522	0	50
5	51	1	0	98.35164835164835	126.21703296703296	0	51
5	52	1	0	167.51126126126127	129.79054054054055	0	52
5	53	1	0	410.72651356993737	132.2212943632568	0	53
5	54	1	0	243.62390670553935	135.39650145772595	0	54
5	55	1	0	378.9047619047619	133.13392857142858	0	55
5	56	1	1	69.83206106870229	140.68702290076337	0	56
5	57	1	2	303.93905817174516	141.38504155124653	0	57
5	58	1	1	469.44055944055947	142.26573426573427	0	58
5	59	1	1	260.2881773399015	144.4014778325123	0	59
5	60	1	0	180.32425068119892	152.46049046321525	0	60
5	61	1	0	460.2738095238095	161.04761904761904	0	61
5	62	1	0	349.01662049861494	157.90858725761774	0	62
5	63	1	0	56.55793991416309	161.73605150214593	0	63
5	64	1	3	16.594059405940595	169.006600660066	0	64
5	65	1	0	430.6114457831325	173.7921686746988	0	65
5	66	1	4	76.87323943661971	175.73239436619718	0	66
5	67	1	2	508.1981981981982	174.63963963963963	0	67
5	68	1	1	190.75342465753425	176.02739726027397	0	68
5	69	1	2	479.34939759036143	176.19277108433735	0	69
5	70	1	1	234.27586206896552	183.72906403940885	0	70
5	71	1	50	464.7242582897033	189.66666666666666	0	71
5	72	1	0	393.3623693379791	188.32578397212544	0	72
5	73	1	40	341.5027777777778	194.8111111111111	0	73
5	74	1	0	413.15246636771303	199.02914798206277	0	74
5	75	1	0	208.39708561020038	198.45719489981786	0	75
5	76	1	68	96.51137884872824	199.1352074966533	0	76
5	77	1	0	372.81089743589746	198.71153846153845	0	77
5	78	1	1	502.1243781094527	202.15422885572139	0	78
5	79	1	0	241.70361445783132	203.44578313253012	0	79
5	80	1	3	141.5381443298969	202.16082474226803	0	80
5	81	1	3	279.43686006825936	209.56825938566553	0	81
5	82	1	7	474.37293729372936	209.54455445544554	0	82
5	83	1	0	49.53125	211.99278846153845	0	83
5	84	1	2	79.4	213.0095238095238	0	84
5	85	1	2	448.8731563421829	212.57817109144543	0	85
5	86	1	0	17.96604938271605	217.88888888888889	0	86
5	87	1	0	493.67295597484275	219.82704402515722	0	87
5	88	1	1	390.7415730337079	217.28838951310863	0	88
5	89	1	5	306.65128205128207	222.76923076923077	0	89
5	90	1	2	434.09068010075566	221.6851385390428	0	90
5	91	1	1	251.00471698113208	225.61320754716982	0	91
5	92	1	0	237.97674418604652	227.11627906976744	0	92
5	93	1	5	353.1441860465116	227.44883720930233	0	93
5	94	1	1	15.076687116564417	234.50306748466258	0	94
5	95	1	2	162.0371819960861	238.8904109589041	0	95
5	96	1	7	232.19844357976655	241.1945525291829	0	96
5	97	1	1	486.67045454545456	241.0369318181818	0	97
5	98	1	37	317.328990228013	242.3485342019544	0	98
5	99	1	6	290.48949579831935	244.09873949579833	0	99
5	100	1	1	105.73318872017353	246.69848156182212	0	100
5	101	1	0	76.17897091722595	247.22595078299776	0	101
5	102	1	0	203.7772511848341	254.76777251184834	0	102
5	103	1	0	236.80913978494624	257.59139784946234	0	103
5	104	1	5	501.0524934383202	259.18110236220474	0	104
5	105	1	30	353.08196721311475	264.75409836065575	0	105
5	106	1	2	149.77027027027026	265.90765765765764	0	106
5	107	1	3	463.2741379310345	266.8758620689655	0	107
5	108	1	23	406.0	267.7319587628866	0	108
5	109	1	0	285.75578406169666	270.3547557840617	0	109
5	110	1	0	103.90222222222222	271.81111111111113	0	110
5	111	1	1	57.61934156378601	276.761316872428	0	111
5	112	1	2	189.31806615776082	276.76590330788804	0	112
5	113	1	1	251.01910828025478	278.11783439490443	0	113
5	114	1	1	488.58660844250363	278.9650655021834	0	114
5	115	1	2	319.24916943521595	280.32890365448503	0	115
5	116	1	0	398.9025974025974	284.0422077922078	0	116
5	117	1	22	292.1478260869565	287.64565217391305	0	117
5	118	1	4	364.79938271604937	287.44444444444446	0	118
5	119	1	0	7.069306930693069	290.3168316831683	0	119
5	120	1	1	106.00961538461539	294.29487179487177	0	120
5	121	1	0	205.84116331096197	290.1677852348993	0	121
5	122	1	1	171.5015015015015	294.6006006006006	0	122
5	123	1	3	267.75125628140705	299.41959798994975	0	123
5	124	1	0	427.5112016293279	301.8533604887984	0	124
5	125	1	0	503.1524547803618	301.30232558139534	0	125
5	126	1	2	313.1373134328358	305.63880597014924	0	126
5	127	1	0	462.67868852459014	308.44262295081967	0	127
5	128	1	0	135.63333333333333	309.03333333333336	0	128
5	129	1	1	390.86768447837153	313.55979643765903	0	129
5	130	1	0	348.3333333333333	314.91333333333336	0	130
5	131	1	0	360.680412371134	314.0515463917526	0	131
5	132	1	0	415.39310344827584	319.3724137931035	0	132
5	133	1	1	443.99645390070924	320.7517730496454	0	133
5	134	1	1	216.5	320.9261744966443	0	134
5	135	1	1	236.1178247734139	321.0906344410876	0	135
5	136	1	0	307.8474576271187	321.0220338983051	0	136
5	137	1	51	87.87568555758683	325.0201096892139	0	137
5	138	1	0	54.67695473251029	323.3641975308642	0	138
5	139	1	0	497.7289156626506	322.8192771084337	0	139
5	140	1	0	428.5361216730038	328.3231939163498	0	140
5	141	1	0	11.754507628294036	326.61719833564496	0	141
5	142	1	5	205.10580204778157	330.73720136518773	0	142
5	143	1	3	294.0891304347826	336.204347826087	0	143
5	144	1	0	495.59415584415586	336.34415584415586	0	144
5	145	1	8	152.64296081277215	343.6211901306241	0	145
5	146	1	0	388.44615384615383	345.5769230769231	0	146
5	147	1	0	450.1066666666667	345.81666666666666	0	147
5	148	1	11	265.2920792079208	344.3811881188119	0	148
5	149	1	0	483.0323450134771	346.44743935309975	0	149
5	150	1	1	302.0995670995671	351.987012987013	0	150
5	151	1	0	416.27245508982037	353.97005988023955	0	151
5	152	1	0	114.15378151260504	358.1823529411765	0	152
5	153	1	1	38.7360594795539	356.97397769516726	0	153
5	154	1	0	89.48148148148148	358.48148148148147	0	154
5	155	1	0	476.99068322981367	361.72049689440996	0	155
5	156	1	49	251.27291666666667	361.1666666666667	0	156
5	157	1	0	362.6749311294766	364.07988980716254	0	157
5	158	1	0	446.8835616438356	366.06164383561645	0	158
5	159	1	4	222.9042253521127	369.69859154929577	0	159
5	160	1	1	72.96678321678321	369.0751748251748	0	160
5	161	1	0	465.1378205128205	375.6314102564103	0	161
5	162	1	0	500.93851132686086	377.5339805825243	0	162
5	163	1	4	320.756446991404	380.72779369627506	0	163
5	164	1	6	169.9206349206349	379.1904761904762	0	164
5	165	1	12	187.7051094890511	379.3138686131387	0	165
5	166	1	34	265.6553672316384	378.87005649717514	0	166
5	167	1	14	154.50759878419453	380.8662613981763	0	167
5	168	1	0	35.67885117493473	388.02349869451695	0	168
5	169	1	0	127.06906077348066	387.5552486187845	0	169
5	170	1	0	389.021164021164	388.3492063492063	0	170
5	171	1	0	61.51282051282051	385.9583333333333	0	171
5	172	1	0	92.62396694214875	391.71487603305786	0	172
5	173	1	0	460.0431034482759	392.7198275862069	0	173
5	174	1	0	52.72192513368984	396.5187165775401	0	174
5	175	1	2	282.2206896551724	394.68275862068964	0	175
5	176	1	0	441.9502487562189	394.18905472636817	0	176
5	177	1	0	104.96078431372548	399.0	0	177
5	178	1	0	494.91743119266056	400.68501529051986	0	178
5	179	1	41	197.3855421686747	402.9789156626506	0	179
5	180	1	1	270.8207547169811	399.72641509433964	0	180
5	181	1	0	3.8341968911917097	404.5181347150259	0	181
5	182	1	1	79.36301369863014	401.9691780821918	0	182
5	183	1	2	411.91630901287556	404.27682403433477	0	183
5	184	1	7	173.64885496183206	408.32824427480915	0	184
5	185	1	1	271.18050541516243	413.09747292418774	0	185
5	186	1	0	385.0807600950119	413.3064133016627	0	186
5	187	1	1	148.21364985163206	414.33234421364983	0	187
5	188	1	0	65.00121654501217	418.0425790754258	0	188
5	189	1	3	242.56493506493507	414.5974025974026	0	189
5	190	1	0	476.9827160493827	416.33827160493826	0	190
5	191	1	6	253.78838174273858	421.72614107883817	0	191
5	192	1	0	123.0688775510204	419.2959183673469	0	192
5	193	1	1	227.77884615384616	419.88221153846155	0	193
5	194	1	0	323.04140127388536	424.8089171974522	0	194
5	195	1	2	173.49736842105264	426.6736842105263	0	195
5	196	1	1	459.6589861751152	427.5184331797235	0	196
5	197	1	0	303.79956427015253	431.5054466230937	0	197
5	198	1	0	444.3567251461988	434.0643274853801	0	198
5	199	1	0	485.8112582781457	434.03973509933775	0	199
5	200	1	0	230.66966966966967	438.5855855855856	0	200
5	201	1	0	102.98893499308437	437.8589211618257	0	201
5	202	1	0	206.5474006116208	444.0642201834862	0	202
5	203	1	0	8.003846153846155	442.21153846153845	0	203
5	204	1	0	428.6749585406302	444.922056384743	0	204
5	205	1	0	175.71311475409837	451.9344262295082	0	205
5	206	1	0	255.59963436928703	453.3180987202925	0	206
5	207	1	1	352.46774193548384	451.89861751152074	0	207
5	208	1	0	508.9268292682927	455.5975609756098	0	208
5	209	1	29	21.28110599078341	462.0069124423963	0	209
5	210	1	1	456.3342465753425	462.2	0	210
5	211	1	0	74.37270341207349	463.9422572178478	0	211
5	212	1	0	145.85867237687367	462.42826552462526	0	212
5	213	1	1	308.89755011135856	467.5412026726058	0	213
5	214	1	1	225.92307692307693	470.8113553113553	0	214
5	215	1	0	417.78747628083494	472.48956356736244	0	215
5	216	1	35	499.32394366197184	477.90985915492956	0	216
5	217	1	0	39.66115702479339	478.27272727272725	0	217
5	218	1	0	167.27941176470588	479.75367647058823	0	218
5	219	1	1	61.25223613595707	481.169946332737	0	219
5	220	1	2	372.3934108527132	486.0348837209302	0	220
5	221	1	0	187.69767441860466	490.2015503875969	0	221
5	222	1	0	247.53807106598984	491.75126903553297	0	222
5	223	1	42	291.5846153846154	491.31384615384616	0	223
5	224	1	0	337.9525691699605	496.9288537549407	0	224
5	225	1	0	211.479020979021	499.47902097902096	0	225
5	226	1	0	83.38345864661655	501.6466165413534	0	226
5	227	1	0	173.36190476190475	505.25714285714287	0	227
5	228	1	0	6.099236641221374	506.8854961832061	0	228
5	229	1	0	99.10714285714286	509.1904761904762	0	229
5	230	1	0	314.4825581395349	506.9593023255814	0	230
5	231	1	5	499.7680608365019	503.84790874524714	0	231
6	1	1	10	326.1226053639847	5.551724137931035	0	1
6	2	1	0	352.32530120481925	2.0481927710843375	0	2
6	3	1	0	387.37301587301585	3.3333333333333335	0	3
6	4	1	0	503.73617021276596	7.008510638297873	0	4
6	5	1	0	292.7086956521739	5.51304347826087	0	5
6	6	1	0	256.43529411764706	4.035294117647059	0	6
6	7	1	0	59.966442953020135	6.406040268456376	0	7
6	8	1	0	427.90340909090907	5.681818181818182	0	8
6	9	1	0	439.271186440678	13.35593220338983	0	9
6	10	1	0	471.78059071729956	11.949367088607595	0	10
6	11	1	1	54.89449541284404	22.873853211009173	0	11
6	12	1	7	223.44117647058823	21.018099547511312	0	12
6	13	1	0	165.27702702702703	21.87162162162162	0	13
6	14	1	0	430.7522658610272	28.447129909365557	0	14
6	15	1	0	197.62995594713655	30.898678414096917	0	15
6	16	1	0	346.8530183727034	30.905511811023622	0	16
6	17	1	0	67.49427917620137	37.96567505720824	0	17
6	18	1	0	278.58382642998026	45.62721893491124	0	18
6	19	1	0	398.3433242506812	48.65940054495913	0	19
6	20	1	41	181.3830409356725	55.546783625730995	0	20
6	21	1	0	469.0287610619469	55.69469026548673	0	21
6	22	1	0	26.630769230769232	61.05934065934066	0	22
6	23	1	0	348.46135265700485	60.48792270531401	0	23
6	24	1	1	83.82110912343471	62.79427549194991	0	24
6	25	1	1	309.9947368421053	62.6578947368421	0	25
6	26	1	1	4.677130044843049	62.26008968609865	0	26
6	27	1	0	112.18285714285715	64.84380952380953	0	27
6	28	1	0	396.6525198938992	66.973474801061	0	28
6	29	1	2	145.67796610169492	69.72598870056497	0	29
6	30	1	1	326.7206896551724	68.50689655172414	0	30
6	31	1	27	368.75136612021856	76.45901639344262	0	31
6	32	1	0	406.63867684478373	82.01272264631044	0	32
6	33	1	1	223.96622889305817	80.99437148217636	0	33
6	34	1	0	21.82758620689655	84.06896551724138	0	34
6	35	1	34	184.86274509803923	84.25294117647059	0	35
6	36	1	0	204.90361445783134	88.09638554216868	0	36
6	37	1	0	442.4735632183908	87.0	0	37
6	38	1	0	292.60954446854663	93.91973969631236	0	38
6	39	1	6	137.85409252669038	99.15302491103203	0	39
6	40	1	0	505.2060810810811	100.47297297297297	0	40
6	41	1	1	85.05868544600939	102.77112676056338	0	41
6	42	1	14	190.86363636363637	103.8051948051948	0	42
6	43	1	1	31.138	104.416	0	43
6	44	1	25	197.11587982832617	115.43347639484979	0	44
6	45	1	0	236.42048517520215	112.24528301886792	0	45
6	46	1	5	352.919621749409	107.20921985815603	0	46
6	47	1	1	18.10169491525424	117.11016949152543	0	47
6	48	1	2	53.02020202020202	123.30050505050505	0	48
6	49	1	1	482.6454849498328	124.92307692307692	0	49
6	50	1	0	242.23958333333334	126.84375	0	50
6	51	1	0	426.3192488262911	135.16901408450704	0	51
6	52	1	0	353.80966767371604	137.28700906344412	0	52
6	53	1	3	91.20818505338079	139.16014234875445	0	53
6	54	1	5	225.64273204903677	135.9772329246935	0	54
6	55	1	22	157.14521452145215	144.4224422442244	0	55
6	56	1	4	141.46268656716418	143.63059701492537	0	56
6	57	1	0	410.8651399491094	146.24427480916032	0	57
6	58	1	0	461.23279816513764	149.95298165137615	0	58
6	59	1	0	314.8397435897436	151.20833333333334	0	59
6	60	1	2	100.05836575875486	153.39688715953307	0	60
6	61	1	0	394.432	152.16	0	61
6	62	1	0	345.28824833702885	154.73170731707316	0	62
6	63	1	1	12.329466357308585	156.04640371229698	0	63
6	64	1	4	168.04347826086956	164.70807453416148	0	64
6	65	1	35	184.0482374768089	161.03525046382188	0	65
6	66	1	0	355.928	168.84	0	66
6	67	1	2	130.5097087378641	169.97087378640776	0	67
6	68	1	5	100.22222222222223	171.42028985507247	0	68
6	69	1	2	114.02777777777777	170.52777777777777	0	69
6	70	1	1	278.26356589147287	173.77131782945736	0	70
6	71	1	6	210.31732776617955	176.08141962421712	0	71
6	72	1	0	403.2404181184669	174.11324041811847	0	72
6	73	1	35	5.839622641509434	184.17295597484278	0	73
6	74	1	0	348.8409893992933	185.10247349823322	0	74
6	75	1	25	121.8152753108348	190.18117229129663	0	75
6	76	1	9	46.12083333333333	193.5875	0	76
6	77	1	1	434.47133757961785	192.96178343949043	0	77
6	78	1	1	451.8169014084507	192.52640845070422	0	78
6	79	1	3	232.9952606635071	196.03791469194312	0	79
6	80	1	8	167.69655172413792	202.71379310344827	0	80
6	81	1	0	362.54545454545456	204.6951871657754	0	81
6	82	1	12	74.47570850202429	204.4412955465587	0	82
6	83	1	0	484.4512	208.9168	0	83
6	84	1	0	406.3377703826955	208.5440931780366	0	84
6	85	1	30	229.47658402203857	212.8870523415978	0	85
6	86	1	0	279.36742424242425	212.62878787878788	0	86
6	87	1	2	315.1542056074766	213.9626168224299	0	87
6	88	1	33	134.64664310954063	218.25441696113074	0	88
6	89	1	1	17.417690417690416	220.75675675675674	0	89
6	90	1	1	166.27272727272728	222.22222222222223	0	90
6	91	1	0	294.9665271966527	228.163179916318	0	91
6	92	1	25	67.82241379310345	232.2396551724138	0	92
6	93	1	0	107.80962800875274	232.86652078774617	0	93
6	94	1	4	221.872	231.992	0	94
6	95	1	0	494.34933333333333	232.61333333333334	0	95
6	96	1	1	271.115763546798	239.96059113300493	0	96
6	97	1	13	149.92307692307693	242.10702341137124	0	97
6	98	1	0	2.1728395061728394	244.11111111111111	0	98
6	99	1	2	199.14976958525347	252.88709677419354	0	99
6	100	1	22	124.32209737827715	256.6104868913858	0	100
6	101	1	2	31.20887245841035	265.91312384473196	0	101
6	102	1	1	261.21848013816924	265.3307426597582	0	102
6	103	1	0	3.6785714285714284	268.09285714285716	0	103
6	104	1	1	301.52901023890786	272.2320819112628	0	104
6	105	1	0	472.8435277382646	269.823613086771	0	105
6	106	1	0	502.93690851735016	275.12302839116717	0	106
6	107	1	4	121.24810606060606	282.5208333333333	0	107
6	108	1	1	348.30372492836676	288.06017191977077	0	108
6	109	1	2	248.29041095890412	295.9205479452055	0	109
6	110	1	3	49.7671875	299.3234375	0	110
6	111	1	19	320.15432098765433	297.4598765432099	0	111
6	112	1	1	287.7859424920128	300.0670926517572	0	112
6	113	1	0	442.31366459627327	302.59316770186336	0	113
6	114	1	1	143.74294670846396	307.7868338557994	0	114
6	115	1	0	18.558739255014327	310.2320916905444	0	115
6	116	1	3	315.2733333333333	311.53333333333336	0	116
6	117	1	24	115.1820580474934	315.18469656992085	0	117
6	118	1	1	182.73363431151242	316.9548532731377	0	118
6	119	1	0	373.8425925925926	321.787037037037	0	119
6	120	1	14	85.8132183908046	321.9655172413793	0	120
6	121	1	0	271.971181556196	322.60518731988475	0	121
6	122	1	0	214.47665369649806	325.0194552529183	0	122
6	123	1	0	346.48395721925135	332.4812834224599	0	123
6	124	1	1	486.7173524150268	336.0572450805009	0	124
6	125	1	0	7.848958333333333	338.2916666666667	0	125
6	126	1	0	148.56676557863503	338.5608308605341	0	126
6	127	1	1	248.3197424892704	339.7510729613734	0	127
6	128	1	3	302.6062378167641	342.5477582846004	0	128
6	129	1	0	416.0565656565657	344.26060606060605	0	129
6	130	1	3	100.31978798586573	353.80388692579504	0	130
6	131	1	2	63.965384615384615	352.81538461538463	0	131
6	132	1	0	38.47265625	356.203125	0	132
6	133	1	0	158.20192307692307	358.7019230769231	0	133
6	134	1	0	177.53253424657535	359.2157534246575	0	134
6	135	1	0	281.2108843537415	362.99319727891157	0	135
6	136	1	0	430.00584795321635	366.9317738791423	0	136
6	137	1	0	318.18469656992085	364.9551451187335	0	137
6	138	1	39	221.40602836879432	367.0833333333333	0	138
6	139	1	0	378.7354260089686	368.4843049327354	0	139
6	140	1	1	351.7725856697819	374.98442367601245	0	140
6	141	1	0	36.38568129330254	378.6766743648961	0	141
6	142	1	2	69.8968824940048	387.652278177458	0	142
6	143	1	0	108.23949579831933	388.60714285714283	0	143
6	144	1	0	171.21492537313432	387.7164179104478	0	144
6	145	1	1	203.36363636363637	393.81534090909093	0	145
6	146	1	0	316.10915492957747	393.98943661971833	0	146
6	147	1	0	505.34256055363323	395.4948096885813	0	147
6	148	1	0	295.57575757575756	399.99242424242425	0	148
6	149	1	0	83.83482142857143	405.11607142857144	0	149
6	150	1	1	173.1742243436754	411.8711217183771	0	150
6	151	1	0	259.4701986754967	409.1291390728477	0	151
6	152	1	1	363.7797270955166	413.3879142300195	0	152
6	153	1	0	25.99173553719008	420.14669421487605	0	153
6	154	1	0	415.085201793722	419.9596412556054	0	154
6	155	1	0	88.88319672131148	422.0983606557377	0	155
6	156	1	0	278.6829268292683	425.8609756097561	0	156
6	157	1	0	425.4956268221574	432.30320699708454	0	157
6	158	1	0	323.64021164021165	430.15343915343914	0	158
6	159	1	0	67.55696202531645	430.746835443038	0	159
6	160	1	1	151.97795591182364	434.82965931863725	0	160
6	161	1	0	502.7916666666667	442.1666666666667	0	161
6	162	1	0	400.9959432048681	445.4766734279919	0	162
6	163	1	0	226.61214953271028	450.4556074766355	0	163
6	164	1	0	135.25465838509317	452.2815734989648	0	164
6	165	1	0	361.5234042553191	459.4212765957447	0	165
6	166	1	18	308.41515151515154	464.1818181818182	0	166
6	167	1	0	45.979166666666664	469.7875	0	167
6	168	1	0	491.2988691437803	468.9757673667205	0	168
6	169	1	0	100.21577726218098	473.5893271461717	0	169
6	170	1	0	66.806640625	477.634765625	0	170
6	171	1	0	466.82978723404256	479.16312056737587	0	171
6	172	1	1	312.6597510373444	483.00622406639	0	172
6	173	1	0	351.098976109215	479.9249146757679	0	173
6	174	1	0	134.73839662447259	488.53586497890296	0	174
6	175	1	0	495.8829787234043	494.4255319148936	0	175
6	176	1	0	390.89733840304183	497.45817490494295	0	176
6	177	1	0	108.19148936170212	505.6170212765957	0	177
6	178	1	0	7.17910447761194	505.1094527363184	0	178
6	179	1	0	188.9126984126984	507.8174603174603	0	179
6	180	1	0	250.65934065934067	505.3003663003663	0	180
6	181	1	0	311.3292682926829	503.8384146341463	0	181
6	182	1	0	461.42619047619047	504.9142857142857	0	182
7	1	1	0	96.11475409836065	3.5491803278688523	0	1
7	2	1	0	115.88461538461539	3.0538461538461537	0	2
7	3	1	0	156.18627450980392	2.3627450980392157	0	3
7	4	1	0	235.925	3.53	0	4
7	5	1	0	377.81115879828326	6.3218884120171674	0	5
7	6	1	0	464.35537190082647	3.371900826446281	0	6
7	7	1	0	446.012987012987	6.428571428571429	0	7
7	8	1	0	78.14539007092199	8.198581560283689	0	8
7	9	1	0	406.52225519287833	9.8486646884273	0	9
7	10	1	1	47.68781725888325	9.949238578680204	0	10
7	11	1	1	137.39636363636365	15.781818181818181	0	11
7	12	1	0	349.19064124783364	19.53206239168111	0	12
7	13	1	0	232.40073529411765	20.529411764705884	0	13
7	14	1	0	39.160377358490564	26.232075471698113	0	14
7	15	1	0	276.221198156682	23.258064516129032	0	15
7	16	1	1	400.7238805970149	27.100746268656717	0	16
7	17	1	6	477.85820895522386	26.40671641791045	0	17
7	18	1	4	189.78932584269663	27.96067415730337	0	18
7	19	1	0	248.84323040380048	28.304038004750595	0	19
7	20	1	5	422.3576388888889	28.569444444444443	0	20
7	21	1	0	153.16745283018867	36.67216981132076	0	21
7	22	1	1	100.05240793201133	35.46883852691218	0	22
7	23	1	1	497.14029850746266	36.3910447761194	0	23
7	24	1	0	226.75090252707582	38.16967509025271	0	24
7	25	1	0	290.8325358851675	36.8421052631579	0	25
7	26	1	0	4.469194312796208	46.834123222748815	0	26
7	27	1	1	344.727959697733	47.38287153652393	0	27
7	28	1	20	40.48868778280543	50.01809954751131	0	28
7	29	1	12	440.70758483033933	45.28243512974052	0	29
7	30	1	28	413.13502935420746	50.53228962818004	0	30
7	31	1	1	298.23262032085563	53.82620320855615	0	31
7	32	1	0	390.26359832635984	53.66108786610879	0	32
7	33	1	2	105.77741935483871	55.435483870967744	0	33
7	34	1	0	259.436	56.122	0	34
7	35	1	20	165.61951219512196	63.458536585365856	0	35
7	36	1	25	180.83661971830986	59.6	0	36
7	37	1	0	479.1192660550459	63.75688073394495	0	37
7	38	1	0	505.9540816326531	64.1734693877551	0	38
7	39	1	0	354.59583333333336	68.0	0	39
7	40	1	3	62.151898734177216	68.81012658227849	0	40
7	41	1	1	31.15915915915916	69.54354354354355	0	41
7	42	1	0	230.69183673469388	75.70204081632653	0	42
7	43	1	0	43.4054054054054	77.42567567567568	0	43
7	44	1	0	137.4367469879518	77.4789156626506	0	44
7	45	1	0	456.05982905982904	75.4017094017094	0	45
7	46	1	1	495.6489361702128	74.80851063829788	0	46
7	47	1	0	437.19081272084804	75.87632508833923	0	47
7	48	1	1	211.4437086092715	80.52980132450331	0	48
7	49	1	0	24.373737373737374	83.75757575757575	0	49
7	50	1	2	378.75	82.41596638655462	0	50
7	51	1	2	97.28846153846153	86.5989010989011	0	51
7	52	1	26	489.07880434782606	87.86684782608695	0	52
7	53	1	0	48.810810810810814	90.38138138138139	0	53
7	54	1	1	312.7515923566879	92.77070063694268	0	54
7	55	1	18	382.12	96.94181818181818	0	55
7	56	1	2	11.9	93.74166666666666	0	56
7	57	1	6	166.78730703259006	96.91595197255575	0	57
7	58	1	0	262.1223300970874	101.7126213592233	0	58
7	59	1	1	51.15625	107.69166666666666	0	59
7	60	1	0	23.064377682403432	108.05579399141631	0	60
7	61	1	0	339.4592592592593	108.68148148148148	0	61
7	62	1	0	470.0521327014218	112.59241706161137	0	62
7	63	1	0	364.9117647058824	111.11764705882354	0	63
7	64	1	1	159.02393617021278	114.04255319148936	0	64
7	65	1	0	76.63666666666667	114.25333333333333	0	65
7	66	1	0	291.67277486910996	115.10732984293193	0	66
7	67	1	0	38.52307692307692	120.21538461538462	0	67
7	68	1	0	121.33584905660378	115.05283018867925	0	68
7	69	1	0	485.98006644518273	116.63455149501661	0	69
7	70	1	1	6.605633802816901	117.07511737089202	0	70
7	71	1	0	226.43562610229276	122.2557319223986	0	71
7	72	1	1	101.85585585585585	123.93468468468468	0	72
7	73	1	0	346.53395784543324	126.33957845433255	0	73
7	74	1	2	162.2887323943662	128.43661971830986	0	74
7	75	1	1	172.18840579710144	132.96376811594203	0	75
7	76	1	2	444.3051724137931	133.48793103448276	0	76
7	77	1	0	476.978417266187	136.05395683453239	0	77
7	78	1	0	138.29184549356222	137.41201716738198	0	78
7	79	1	0	370.7542997542998	140.38820638820638	0	79
7	80	1	1	491.9944751381216	141.37016574585635	0	80
7	81	1	0	41.16932907348243	145.7444089456869	0	81
7	82	1	0	104.52694610778443	144.87724550898204	0	82
7	83	1	0	417.23059360730593	145.19406392694063	0	83
7	84	1	30	502.0529914529915	152.46324786324786	0	84
7	85	1	0	458.3229166666667	146.91666666666666	0	85
7	86	1	1	225.19242902208202	148.6372239747634	0	86
7	87	1	6	194.23295454545453	148.7244318181818	0	87
7	88	1	0	252.80985915492957	152.0211267605634	0	88
7	89	1	7	161.15654952076676	153.9009584664537	0	89
7	90	1	0	70.05434782608695	154.97101449275362	0	90
7	91	1	2	475.1387559808612	158.07177033492823	0	91
7	92	1	0	310.4177545691906	156.73107049608356	0	92
7	93	1	0	359.9972451790634	160.71625344352617	0	93
7	94	1	0	131.46875	161.578125	0	94
7	95	1	3	176.09365558912387	159.4984894259819	0	95
7	96	1	4	289.67173252279633	161.11246200607903	0	96
7	97	1	0	447.125	162.42592592592592	0	97
7	98	1	0	56.485611510791365	165.9820143884892	0	98
7	99	1	0	214.18122977346277	168.18446601941747	0	99
7	100	1	0	460.9781420765027	171.71311475409837	0	100
7	101	1	7	6.910973084886129	173.6542443064182	0	101
7	102	1	0	263.6602564102564	172.0448717948718	0	102
7	103	1	1	141.4162895927602	173.7420814479638	0	103
7	104	1	0	342.74043715846994	179.21857923497268	0	104
7	105	1	1	203.05836575875486	182.57587548638134	0	105
7	106	1	9	290.6842105263158	182.1654135338346	0	106
7	107	1	0	174.04953560371516	184.05263157894737	0	107
7	108	1	0	362.917211328976	185.19389978213508	0	108
7	109	1	0	450.9166666666667	185.15	0	109
7	110	1	0	130.26142131979697	186.50507614213197	0	110
7	111	1	0	472.79059829059827	185.65384615384616	0	111
7	112	1	0	246.74017467248908	187.31441048034935	0	112
7	113	1	0	95.66666666666667	188.3843537414966	0	113
7	114	1	0	389.77958236658935	189.31322505800463	0	114
7	115	1	0	223.24422442244224	194.75577557755776	0	115
7	116	1	0	316.42148760330576	194.85399449035813	0	116
7	117	1	0	490.3084832904884	197.29305912596402	0	117
7	118	1	0	423.0586319218241	196.73615635179152	0	118
7	119	1	0	64.0183066361556	199.01601830663617	0	119
7	120	1	0	411.17525773195877	199.5257731958763	0	120
7	121	1	0	195.01457725947523	202.09620991253644	0	121
7	122	1	1	15.039170506912443	204.6635944700461	0	122
7	123	1	0	93.76616915422886	209.318407960199	0	123
7	124	1	2	154.29924242424244	207.45075757575756	0	124
7	125	1	0	288.291169451074	207.57040572792363	0	125
7	126	1	0	118.77606177606178	208.86100386100387	0	126
7	127	1	0	263.8595890410959	209.17808219178082	0	127
7	128	1	0	403.641940085592	213.79029957203994	0	128
7	129	1	1	338.9223880597015	214.08955223880596	0	129
7	130	1	0	462.0220588235294	216.3406862745098	0	130
7	131	1	8	314.6144781144781	218.6818181818182	0	131
7	132	1	1	372.6267123287671	219.38013698630138	0	132
7	133	1	1	462.8266253869969	232.10835913312692	0	133
7	134	1	1	159.1958224543081	231.13054830287206	0	134
7	135	1	0	10.925729442970823	231.30769230769232	0	135
7	136	1	0	386.23628691983123	233.35864978902953	0	136
7	137	1	0	295.8082191780822	235.8744292237443	0	137
7	138	1	2	320.7881355932203	239.614406779661	0	138
7	139	1	0	91.26865671641791	238.5044776119403	0	139
7	140	1	0	275.9510703363914	238.0275229357798	0	140
7	141	1	1	427.8506329113924	237.6253164556962	0	141
7	142	1	30	351.94154488517745	240.3027139874739	0	142
7	143	1	0	202.33333333333334	239.16666666666666	0	143
7	144	1	0	262.18548387096774	243.01209677419354	0	144
7	145	1	0	123.54731457800511	243.3145780051151	0	145
7	146	1	1	200.17142857142858	253.62857142857143	0	146
7	147	1	0	395.2121212121212	250.4121212121212	0	147
7	148	1	1	345.94827586206895	255.55172413793105	0	148
7	149	1	1	442.46478873239437	253.52394366197183	0	149
7	150	1	2	373.30674846625766	256.12883435582825	0	150
7	151	1	0	108.84122562674095	260.6601671309192	0	151
7	152	1	3	309.3492063492063	263.0753968253968	0	152
7	153	1	1	78.70338983050847	264.4378531073446	0	153
7	154	1	0	160.25396825396825	266.3809523809524	0	154
7	155	1	0	255.28550724637682	270.4594202898551	0	155
7	156	1	0	220.08467741935485	267.56854838709677	0	156
7	157	1	1	423.17518248175185	268.2883211678832	0	157
7	158	1	0	470.6398104265403	272.02369668246445	0	158
7	159	1	1	131.1075581395349	272.7674418604651	0	159
7	160	1	0	233.9090909090909	272.4230769230769	0	160
7	161	1	1	191.96732026143792	274.437908496732	0	161
7	162	1	3	341.86538461538464	274.0432692307692	0	162
7	163	1	0	278.4074074074074	275.41358024691357	0	163
7	164	1	0	321.28402366863907	278.8284023668639	0	164
7	165	1	0	502.84302325581393	277.63953488372096	0	165
7	166	1	0	3.791907514450867	283.1387283236994	0	166
7	167	1	1	384.99038461538464	285.08653846153845	0	167
7	168	1	0	402.0428954423592	282.3994638069705	0	168
7	169	1	1	110.74463007159905	291.51551312649167	0	169
7	170	1	0	282.15625	288.83125	0	170
7	171	1	0	368.5833333333333	287.56944444444446	0	171
7	172	1	0	64.05405405405405	289.97788697788695	0	172
7	173	1	0	174.35910224438902	293.07730673316706	0	173
7	174	1	1	237.35227272727272	294.40909090909093	0	174
7	175	1	2	499.31468531468533	295.7832167832168	0	175
7	176	1	0	272.7350746268657	297.1194029850746	0	176
7	177	1	0	255.34831460674158	297.9887640449438	0	177
7	178	1	2	16.771855010660982	299.3049040511727	0	178
7	179	1	0	219.09	298.59	0	179
7	180	1	2	374.72934472934475	303.0769230769231	0	180
7	181	1	0	419.3017543859649	301.5754385964912	0	181
7	182	1	1	326.888	303.6816	0	182
7	183	1	1	144.53521126760563	303.40281690140847	0	183
7	184	1	1	396.5483870967742	306.63870967741934	0	184
7	185	1	1	437.5024154589372	307.7632850241546	0	185
7	186	1	0	205.56298200514138	310.39588688946014	0	186
7	187	1	1	162.1889250814332	312.25081433224756	0	187
7	188	1	0	453.751572327044	310.76100628930817	0	188
7	189	1	0	507.0693069306931	311.5049504950495	0	189
7	190	1	1	284.6226012793177	315.45628997867806	0	190
7	191	1	1	40.55296610169491	317.6631355932203	0	191
7	192	1	1	485.1457725947522	319.5393586005831	0	192
7	193	1	2	87.71899224806202	325.1860465116279	0	193
7	194	1	0	463.53823529411767	322.95882352941175	0	194
7	195	1	1	136.5286783042394	322.99002493765585	0	195
7	196	1	1	269.0165289256198	325.702479338843	0	196
7	197	1	0	356.44594594594594	328.1711711711712	0	197
7	198	1	1	241.590618336887	328.2899786780384	0	198
7	199	1	11	382.90658174097666	328.22929936305735	0	199
7	200	1	1	191.2170542635659	329.85271317829455	0	200
7	201	1	1	503.52366863905326	332.7100591715976	0	201
7	202	1	0	288.95336787564764	334.2642487046632	0	202
7	203	1	1	339.8202898550725	337.1391304347826	0	203
7	204	1	0	416.54084507042256	341.7098591549296	0	204
7	205	1	2	148.884	340.508	0	205
7	206	1	10	370.2268656716418	345.4686567164179	0	206
7	207	1	1	249.69683257918552	346.7556561085973	0	207
7	208	1	1	93.66753926701571	346.09685863874347	0	208
7	209	1	4	122.38420107719928	342.9730700179533	0	209
7	210	1	1	316.8455284552846	347.8577235772358	0	210
7	211	1	4	301.5520581113801	352.99757869249396	0	211
7	212	1	0	66.94864048338368	350.27190332326285	0	212
7	213	1	0	453.2475247524753	355.0940594059406	0	213
7	214	1	2	206.3052805280528	353.2293729372937	0	214
7	215	1	31	149.140350877193	359.4144736842105	0	215
7	216	1	0	284.37827715355803	359.3895131086142	0	216
7	217	1	0	403.68674698795184	359.48493975903614	0	217
7	218	1	43	364.01256281407035	367.43718592964825	0	218
7	219	1	1	118.35466666666666	367.43466666666666	0	219
7	220	1	0	34.74504249291785	371.36827195467424	0	220
7	221	1	0	272.31376975169303	372.4943566591422	0	221
7	222	1	0	437.5186567164179	372.1044776119403	0	222
7	223	1	0	456.94871794871796	374.11324786324786	0	223
7	224	1	3	347.9519230769231	372.0769230769231	0	224
7	225	1	11	497.4154929577465	372.8274647887324	0	225
7	226	1	1	76.36553524804178	375.96344647519584	0	226
7	227	1	0	213.4126213592233	375.40291262135923	0	227
7	228	1	0	92.72575250836121	375.4515050167224	0	228
7	229	1	1	192.42548076923077	379.6923076923077	0	229
7	230	1	1	474.9018567639257	380.46419098143235	0	230
7	231	1	2	156.16452442159382	381.12853470437017	0	231
7	232	1	1	239.55527638190955	385.00251256281405	0	232
7	233	1	0	26.63586956521739	385.1847826086956	0	233
7	234	1	1	67.44642857142857	390.2607142857143	0	234
7	235	1	1	36.71917808219178	391.14383561643837	0	235
7	236	1	0	100.16397849462365	392.27150537634407	0	236
7	237	1	1	422.2948402948403	391.84766584766584	0	237
7	238	1	1	350.0053619302949	391.5093833780161	0	238
7	239	1	0	311.74795081967216	399.59016393442624	0	239
7	240	1	0	11.845454545454546	402.9787878787879	0	240
7	241	1	0	246.90719257540604	401.5034802784223	0	241
7	242	1	0	404.95927601809956	406.18552036199094	0	242
7	243	1	1	220.49244712990938	404.6797583081571	0	243
7	244	1	1	281.16625310173697	408.4516129032258	0	244
7	245	1	0	121.07035175879398	407.1758793969849	0	245
7	246	1	1	147.43147208121826	409.7258883248731	0	246
7	247	1	1	380.88235294117646	416.83422459893046	0	247
7	248	1	0	214.61344537815125	419.0378151260504	0	248
7	249	1	0	421.175	416.5527777777778	0	249
7	250	1	0	467.26984126984127	419.22222222222223	0	250
7	251	1	0	394.28125	418.99375	0	251
7	252	1	0	65.35761589403974	419.8841059602649	0	252
7	253	1	0	495.95873015873013	421.18095238095236	0	253
7	254	1	0	155.54501216545012	423.647201946472	0	254
7	255	1	0	442.22151898734177	422.7151898734177	0	255
7	256	1	0	354.16011235955057	424.90449438202245	0	256
7	257	1	31	324.63945578231295	428.9251700680272	0	257
7	258	1	0	54.301886792452834	433.29559748427675	0	258
7	259	1	1	266.0932754880694	430.0531453362256	0	259
7	260	1	1	190.60211267605635	432.2535211267606	0	260
7	261	1	0	24.152173913043477	428.6642512077295	0	261
7	262	1	0	431.36079545454544	434.90625	0	262
7	263	1	0	461.7025089605735	435.4336917562724	0	263
7	264	1	0	145.62666666666667	444.76666666666665	0	264
7	265	1	0	494.880658436214	441.55555555555554	0	265
7	266	1	1	408.4018691588785	444.43302180685356	0	266
7	267	1	1	205.18330849478392	449.0074515648286	0	267
7	268	1	0	157.97756410256412	452.00961538461536	0	268
7	269	1	0	85.54874651810584	453.5988857938719	0	269
7	270	1	0	108.93029490616622	451.544235924933	0	270
7	271	1	1	493.2077464788732	458.2887323943662	0	271
7	272	1	0	28.158379373848987	463.1160220994475	0	272
7	273	1	0	398.8640483383686	461.63293051359517	0	273
7	274	1	2	331.4064837905237	464.3291770573566	0	274
7	275	1	0	60.21612903225807	468.93548387096774	0	275
7	276	1	0	4.177631578947368	470.1578947368421	0	276
7	277	1	2	176.29790940766551	477.39198606271776	0	277
7	278	1	0	453.7232558139535	477.7418604651163	0	278
7	279	1	0	425.0187265917603	484.250936329588	0	279
7	280	1	0	72.52810650887574	487.5576923076923	0	280
7	281	1	2	211.35313001605135	486.23595505617976	0	281
7	282	1	0	402.7857142857143	487.1506211180124	0	282
7	283	1	1	300.9952153110048	486.35885167464113	0	283
7	284	1	16	323.50625	489.46875	0	284
7	285	1	1	265.4889624724062	496.1523178807947	0	285
7	286	1	0	36.22598870056497	501.42937853107344	0	286
7	287	1	0	369.703125	502.671875	0	287
7	288	1	1	505.14900662251654	499.3543046357616	0	288
7	289	1	1	194.46470588235294	504.2735294117647	0	289
7	290	1	1	124.86734693877551	508.7244897959184	0	290
7	291	1	1	299.21890547263683	502.86898839137643	0	291
7	292	1	0	430.94354838709677	505.89516129032256	0	292
8	1	1	0	40.192546583850934	3.7080745341614905	0	1
8	2	1	0	106.28605200945627	6.073286052009457	0	2
8	3	1	0	223.73737373737373	5.141414141414141	0	3
8	4	1	1	274.46385542168673	4.156626506024097	0	4
8	5	1	0	297.57603686635946	4.6036866359447	0	5
8	6	1	0	318.12264150943395	3.2830188679245285	0	6
8	7	1	1	335.49590163934425	8.69672131147541	0	7
8	8	1	0	352.1333333333333	6.623333333333333	0	8
8	9	1	0	403.6875	4.708333333333333	0	9
8	10	1	1	429.75182481751824	4.1678832116788325	0	10
8	11	1	0	58.6687898089172	7.340764331210191	0	11
8	12	1	0	504.85781990521326	7.867298578199052	0	12
8	13	1	1	183.4491869918699	10.782520325203253	0	13
8	14	1	0	384.6043956043956	14.587912087912088	0	14
8	15	1	0	363.02425876010784	18.09164420485175	0	15
8	16	1	0	32.22565320665083	17.684085510688835	0	16
8	17	1	0	480.64406779661016	17.664406779661018	0	17
8	18	1	1	167.8862745098039	21.533333333333335	0	18
8	19	1	1	140.1764705882353	23.78235294117647	0	19
8	20	1	0	255.73853211009174	23.821100917431192	0	20
8	21	1	6	282.58181818181816	23.951515151515153	0	21
8	22	1	0	88.62724014336918	25.13978494623656	0	22
8	23	1	0	402.9194029850746	27.95820895522388	0	23
8	24	1	0	465.05569620253164	26.11139240506329	0	24
8	25	1	0	187.9795918367347	29.933673469387756	0	25
8	26	1	1	28.968503937007874	30.5748031496063	0	26
8	27	1	0	239.07584269662922	33.0	0	27
8	28	1	0	427.56666666666666	33.38181818181818	0	28
8	29	1	0	45.28624535315985	35.721189591078065	0	29
8	30	1	0	315.97837837837835	37.394594594594594	0	30
8	31	1	3	269.5342857142857	41.44571428571429	0	31
8	32	1	1	15.18	39.88444444444445	0	32
8	33	1	1	148.67226890756302	42.62605042016807	0	33
8	34	1	0	216.44621513944224	43.56175298804781	0	34
8	35	1	6	202.45	50.71153846153846	0	35
8	36	1	0	480.0747663551402	50.12850467289719	0	36
8	37	1	1	104.50970873786407	48.6084142394822	0	37
8	38	1	0	504.5700934579439	51.53894080996885	0	38
8	39	1	0	352.31775700934577	50.41121495327103	0	39
8	40	1	14	45.91789473684211	54.98736842105263	0	40
8	41	1	0	302.9393063583815	55.41907514450867	0	41
8	42	1	0	183.47058823529412	55.400735294117645	0	42
8	43	1	1	14.751282051282052	62.50512820512821	0	43
8	44	1	29	263.23021582733816	63.594724220623505	0	44
8	45	1	0	355.7941787941788	69.75883575883576	0	45
8	46	1	1	171.28758169934642	68.7755991285403	0	46
8	47	1	0	336.4736842105263	67.78947368421052	0	47
8	48	1	9	395.71973466003317	67.76285240464345	0	48
8	49	1	4	246.93150684931507	68.2648401826484	0	49
8	50	1	0	421.8115015974441	70.34504792332268	0	50
8	51	1	0	111.7	71.1047619047619	0	51
8	52	1	0	373.3984375	76.078125	0	52
8	53	1	1	444.472647702407	75.61706783369803	0	53
8	54	1	0	90.63194444444444	75.7800925925926	0	54
8	55	1	0	53.59610705596107	76.75912408759125	0	55
8	56	1	1	138.55759162303664	80.38743455497382	0	56
8	57	1	0	468.8304498269896	81.1280276816609	0	57
8	58	1	0	2.9166666666666665	85.19166666666666	0	58
8	59	1	1	321.09285714285716	87.78571428571429	0	59
8	60	1	1	249.28198433420366	88.1018276762402	0	60
8	61	1	0	421.3323782234957	95.40974212034384	0	61
8	62	1	0	501.6326530612245	94.07871720116619	0	62
8	63	1	1	211.00396825396825	95.84722222222223	0	63
8	64	1	0	145.65020576131687	96.84156378600824	0	64
8	65	1	0	18.038834951456312	102.77669902912622	0	65
8	66	1	0	303.68260869565216	102.1608695652174	0	66
8	67	1	1	121.60606060606061	101.96270396270397	0	67
8	68	1	1	180.4228028503563	104.76009501187649	0	68
8	69	1	1	45.2962962962963	105.76620370370371	0	69
8	70	1	2	279.88324873096445	112.92639593908629	0	70
8	71	1	0	428.25652173913045	112.14782608695653	0	71
8	72	1	0	113.34361233480176	115.37444933920705	0	72
8	73	1	0	319.8722826086956	112.48913043478261	0	73
8	74	1	0	293.4076433121019	115.1656050955414	0	74
8	75	1	0	453.48448687350833	113.9474940334129	0	75
8	76	1	0	365.1832061068702	114.79389312977099	0	76
8	77	1	0	393.2310126582278	116.34810126582279	0	77
8	78	1	0	53.63725490196079	119.8578431372549	0	78
8	79	1	0	340.26506024096386	118.46987951807229	0	79
8	80	1	1	253.07027027027027	120.97837837837838	0	80
8	81	1	0	483.3349875930521	120.46401985111663	0	81
8	82	1	35	223.80983606557376	125.1704918032787	0	82
8	83	1	1	89.33552631578948	128.4440789473684	0	83
8	84	1	3	165.2825396825397	126.35238095238095	0	84
8	85	1	0	329.4873949579832	130.72549019607843	0	85
8	86	1	0	359.3957597173145	130.86925795053003	0	86
8	87	1	1	445.12028301886795	138.4009433962264	0	87
8	88	1	0	43.50657894736842	140.33223684210526	0	88
8	89	1	1	306.64553314121036	140.29394812680115	0	89
8	90	1	1	104.44970414201184	145.1139053254438	0	90
8	91	1	0	475.0104895104895	143.87062937062936	0	91
8	92	1	0	56.25525525525526	147.66966966966967	0	92
8	93	1	0	7.715116279069767	146.4796511627907	0	93
8	94	1	1	391.11254396248535	147.9308323563892	0	94
8	95	1	0	501.4016393442623	148.672131147541	0	95
8	96	1	0	508.7142857142857	151.02721088435374	0	96
8	97	1	0	296.87920489296636	157.60550458715596	0	97
8	98	1	1	488.64312977099235	157.52480916030535	0	98
8	99	1	0	462.0125	160.315625	0	99
8	100	1	6	230.23019801980197	160.23267326732673	0	100
8	101	1	0	437.45360824742266	168.69072164948454	0	101
8	102	1	7	75.05008347245409	173.00166944908182	0	102
8	103	1	0	350.729792147806	172.62124711316397	0	103
8	104	1	0	480.86416184971097	176.28612716763007	0	104
8	105	1	0	501.8169014084507	182.2132796780684	0	105
8	106	1	0	322.7015503875969	179.02713178294573	0	106
8	107	1	2	110.55607476635514	182.0373831775701	0	107
8	108	1	0	300.57142857142856	182.6614906832298	0	108
8	109	1	18	222.21100917431193	184.85321100917432	0	109
8	110	1	2	165.0131004366812	191.78275109170306	0	110
8	111	1	1	405.206106870229	194.3091603053435	0	111
8	112	1	0	267.89473684210526	197.86466165413535	0	112
8	113	1	0	462.43772893772893	196.12820512820514	0	113
8	114	1	2	202.71021021021022	193.14714714714714	0	114
8	115	1	2	93.64606741573034	200.24719101123594	0	115
8	116	1	0	190.26050420168067	205.72549019607843	0	116
8	117	1	0	327.2814070351759	204.08291457286433	0	117
8	118	1	0	241.50980392156862	207.99346405228758	0	118
8	119	1	7	24.419529837251357	211.124773960217	0	119
8	120	1	0	446.8063583815029	211.89306358381504	0	120
8	121	1	0	126.52682926829269	214.2780487804878	0	121
8	122	1	0	478.88519134775373	217.74043261231282	0	122
8	123	1	0	349.43669250645996	219.77260981912144	0	123
8	124	1	0	502.809364548495	221.19063545150502	0	124
8	125	1	1	220.02956989247312	223.002688172043	0	125
8	126	1	1	149.93710691823898	227.8595387840671	0	126
8	127	1	2	395.75692963752664	228.99360341151385	0	127
8	128	1	1	373.8498583569405	224.43059490084985	0	128
8	129	1	4	428.9628378378378	227.7533783783784	0	129
8	130	1	0	269.08649789029533	230.02742616033754	0	130
8	131	1	1	110.25247524752476	232.22029702970298	0	131
8	132	1	0	43.35395189003437	235.5979381443299	0	132
8	133	1	1	324.1659090909091	234.5568181818182	0	133
8	134	1	2	189.5137420718816	238.3107822410148	0	134
8	135	1	0	421.32976445396145	242.74518201284798	0	135
8	136	1	0	463.4320241691843	242.48338368580062	0	136
8	137	1	0	9.498489425981873	245.5407854984894	0	137
8	138	1	0	504.87179487179486	244.13141025641025	0	138
8	139	1	2	88.43892339544513	251.49896480331262	0	139
8	140	1	0	264.68674698795184	255.1024096385542	0	140
8	141	1	0	242.77826086956523	256.1391304347826	0	141
8	142	1	1	46.70437017994858	259.00771208226223	0	142
8	143	1	4	169.1559934318555	258.69622331691295	0	143
8	144	1	0	381.36104513064134	261.0688836104513	0	144
8	145	1	3	464.60671462829737	261.1654676258993	0	145
8	146	1	1	288.64976958525347	262.9400921658986	0	146
8	147	1	0	304.93002915451893	260.8250728862974	0	147
8	148	1	0	327.2534142640364	263.8937784522003	0	148
8	149	1	2	218.10755148741418	268.89016018306637	0	149
8	150	1	0	254.5988023952096	268.70059880239523	0	150
8	151	1	13	441.36162361623616	269.41328413284134	0	151
8	152	1	3	92.61278195488721	273.69924812030075	0	152
8	153	1	1	70.0507042253521	278.71830985915494	0	153
8	154	1	0	342.65193370165747	279.9944751381216	0	154
8	155	1	1	364.0438144329897	280.0979381443299	0	155
8	156	1	1	20.790940766550523	280.6620209059233	0	156
8	157	1	0	48.60490463215259	281.3188010899183	0	157
8	158	1	34	163.75878220140515	279.3583138173302	0	158
8	159	1	1	493.82758620689657	283.106100795756	0	159
8	160	1	35	430.46486486486486	289.2810810810811	0	160
8	161	1	0	262.2537764350453	287.2960725075529	0	161
8	162	1	8	407.9660056657224	293.1841359773371	0	162
8	163	1	0	33.35606060606061	295.32954545454544	0	163
8	164	1	7	205.8160173160173	295.8809523809524	0	164
8	165	1	90	170.13938618925832	299.71099744245527	0	165
8	166	1	19	87.76276276276276	300.8888888888889	0	166
8	167	1	1	466.27455919395464	299.7632241813602	0	167
8	168	1	1	355.5836820083682	302.84728033472805	0	168
8	169	1	1	243.7923076923077	301.2923076923077	0	169
8	170	1	2	64.64135021097046	305.71308016877634	0	170
8	171	1	0	258.8661087866109	305.07112970711296	0	171
8	172	1	5	108.36854460093896	305.2089201877934	0	172
8	173	1	7	432.8831168831169	309.24675324675326	0	173
8	174	1	0	36.425196850393704	311.3031496062992	0	174
8	175	1	0	5.174757281553398	322.86893203883494	0	175
8	176	1	2	235.69418386491557	320.4577861163227	0	176
8	177	1	2	89.3861111111111	323.7361111111111	0	177
8	178	1	2	446.5323529411765	323.4264705882353	0	178
8	179	1	5	137.06763285024155	330.4975845410628	0	179
8	180	1	0	36.97802197802198	328.69505494505495	0	180
8	181	1	1	368.11633663366337	330.58168316831683	0	181
8	182	1	2	432.596	334.398	0	182
8	183	1	2	164.84545454545454	336.0151515151515	0	183
8	184	1	0	46.381278538812786	343.5091324200913	0	184
8	185	1	0	158.74107142857142	349.19642857142856	0	185
8	186	1	0	303.5114006514658	347.7100977198697	0	186
8	187	1	0	506.7142857142857	348.85714285714283	0	187
8	188	1	1	267.8679706601467	352.4376528117359	0	188
8	189	1	0	451.60668380462727	351.5424164524422	0	189
8	190	1	15	69.48016701461378	351.2484342379958	0	190
8	191	1	2	142.4716242661448	355.399217221135	0	191
8	192	1	3	81.60472972972973	362.02702702702703	0	192
8	193	1	5	303.4307692307692	363.37692307692305	0	193
8	194	1	0	380.05561497326204	361.74010695187167	0	194
8	195	1	0	494.925	364.1625	0	195
8	196	1	1	95.83779264214047	369.0886287625418	0	196
8	197	1	1	325.19	366.908	0	197
8	198	1	0	155.68865435356201	380.12137203166225	0	198
8	199	1	2	9.612535612535613	382.8660968660969	0	199
8	200	1	5	55.98916967509025	380.6823104693141	0	200
8	201	1	7	327.18465909090907	389.99857954545456	0	201
8	202	1	0	239.39009287925697	395.04334365325076	0	202
8	203	1	0	367.9731182795699	396.8440860215054	0	203
8	204	1	1	70.18850574712644	397.583908045977	0	204
8	205	1	0	403.1018181818182	403.87636363636364	0	205
8	206	1	12	35.46436781609195	400.7931034482759	0	206
8	207	1	0	109.40791100123609	404.2521631644005	0	207
8	208	1	0	476.64161849710985	405.5202312138728	0	208
8	209	1	30	20.796610169491526	408.18305084745765	0	209
8	210	1	0	342.5567765567766	415.2014652014652	0	210
8	211	1	0	156.693094629156	416.9539641943734	0	211
8	212	1	2	321.8253968253968	411.63492063492066	0	212
8	213	1	1	310.6167741935484	427.6709677419355	0	213
8	214	1	0	414.60837438423647	422.7610837438424	0	214
8	215	1	1	462.4954407294833	432.7112462006079	0	215
8	216	1	0	479.1860465116279	431.9738372093023	0	216
8	217	1	23	22.024767801857585	434.29411764705884	0	217
8	218	1	0	121.59815242494226	439.1847575057737	0	218
8	219	1	1	411.84814814814814	442.1388888888889	0	219
8	220	1	0	352.76791277258565	441.31931464174454	0	220
8	221	1	1	34.61904761904762	444.72294372294374	0	221
8	222	1	0	433.47352941176473	445.7029411764706	0	222
8	223	1	0	56.81292517006803	448.34353741496597	0	223
8	224	1	0	142.17897727272728	450.77272727272725	0	224
8	225	1	0	375.8623978201635	453.4128065395095	0	225
8	226	1	0	502.2141119221411	448.4379562043796	0	226
8	227	1	1	316.1133144475921	452.94617563739376	0	227
8	228	1	0	271.34383202099735	454.95800524934384	0	228
8	229	1	0	94.46928746928747	455.53071253071255	0	229
8	230	1	2	459.31767955801104	459.3618784530387	0	230
8	231	1	0	287.1734104046243	459.6734104046243	0	231
8	232	1	0	157.4119318181818	460.8948863636364	0	232
8	233	1	0	213.74225122349102	468.9331158238173	0	233
8	234	1	0	14.696296296296296	471.77777777777777	0	234
8	235	1	1	335.3011583011583	472.4633204633205	0	235
8	236	1	1	413.0311004784689	476.5334928229665	0	236
8	237	1	1	257.4577464788732	478.42781690140845	0	237
8	238	1	0	47.02588996763754	478.2330097087379	0	238
8	239	1	0	88.64726631393297	482.80070546737215	0	239
8	240	1	0	193.1656626506024	485.0421686746988	0	240
8	241	1	0	316.5017793594306	486.2740213523132	0	241
8	242	1	30	472.7265415549598	486.7882037533512	0	242
8	243	1	0	154.80225988700565	492.9491525423729	0	243
8	244	1	0	220.06405693950177	491.5907473309609	0	244
8	245	1	0	40.96619718309859	495.20845070422536	0	245
8	246	1	0	206.3125	496.2	0	246
8	247	1	21	497.3609467455621	494.6804733727811	0	247
8	248	1	1	237.00824175824175	495.260989010989	0	248
8	249	1	1	4.591194968553459	497.9119496855346	0	249
8	250	1	0	373.42226487523993	495.53358925143954	0	250
8	251	1	0	428.569587628866	500.3943298969072	0	251
8	252	1	0	252.52139037433156	502.9812834224599	0	252
8	253	1	0	79.9620253164557	508.9746835443038	0	253
8	254	1	0	157.38947368421051	508.6842105263158	0	254
8	255	1	0	184.87394957983193	508.6302521008403	0	255
8	256	1	0	287.5508474576271	506.14406779661016	0	256
8	257	1	0	323.2985074626866	506.7164179104478	0	257
8	258	1	0	381.79411764705884	507.68382352941177	0	258
8	259	1	1	458.52150537634407	506.7043010752688	0	259
