ImageNumber	ObjectNumber	Children_Cells_Count	Location_Center_X	Location_Center_Y	Location_Center_Z	Number_Object_Number
1	1	1	234.89837398373984	3.451219512195122	0	1
1	2	1	108.63786008230453	13.197530864197532	0	2
1	3	1	150.77326968973748	12.933174224343675	0	3
1	4	1	495.70710571923746	14.998266897746968	0	4
1	5	1	425.9265306122449	18.224489795918366	0	5
1	6	1	53.650621118012424	20.69254658385093	0	6
1	7	1	375.4859335038363	21.578005115089514	0	7
1	8	1	173.7074340527578	20.642685851318944	0	8
1	9	1	211.60194174757282	27.368932038834952	0	9
1	10	1	252.07309941520467	34.25730994152047	0	10
1	11	1	340.0399061032864	37.98826291079812	0	11
1	12	1	293.6813953488372	41.044186046511626	0	12
1	13	1	183.8202479338843	57.76652892561984	0	13
1	14	1	84.17676767676768	61.57828282828283	0	14
1	15	1	470.43575418994413	57.08659217877095	0	15
1	16	1	27.435294117647057	67.30882352941177	0	16
1	17	1	149.7622504537205	68.50453720508168	0	17
1	18	1	379.5725971370143	68.97955010224949	0	18
1	19	1	320.27777777777777	69.10846560846561	0	19
1	20	1	491.70915619389586	75.02513464991023	0	20
1	21	1	305.9893992932862	81.06360424028269	0	21
1	22	1	427.5	91.21487603305785	0	22
1	23	1	461.9904420549582	88.86379928315412	0	23
1	24	1	117.4	93.89855072463769	0	24
1	25	1	53.453968253968256	98.14920634920635	0	25
1	26	1	82.27666666666667	97.18	0	26
1	27	1	23.515222482435597	103.52693208430914	0	27
1	28	1	172.72727272727272	105.12252964426878	0	28
1	29	1	380.20864661654133	109.72368421052632	0	29
1	30	1	269.0875386199794	109.28630278063852	0	30
1	31	1	237.9318854886476	115.35044422507404	0	31
1	32	1	67.93265993265993	118.72053872053873	0	32
1	33	1	45.114754098360656	120.96311475409836	0	33
1	34	1	104.19536423841059	125.56291390728477	0	34
1	35	1	14.083720930232559	127.61860465116278	0	35
1	36	1	433.48071979434445	128.84061696658097	0	36
1	37	1	131.80068728522338	136.79381443298968	0	37
1	38	1	365.3155737704918	138.50819672131146	0	38
1	39	1	215.93832599118943	140.22466960352423	0	39
1	40	1	48.40070921985816	141.68085106382978	0	40
1	41	1	172.0063424947146	150.1860465116279	0	41
1	42	1	56.07243816254417	157.9876325088339	0	42
1	43	1	391.77279305354557	159.70477568740955	0	43
1	44	1	298.664	158.88685714285714	0	44
1	45	1	477.4397905759162	174.86910994764398	0	45
1	46	1	502.1970705725699	180.9866844207723	0	46
1	47	1	440.9763779527559	181.34251968503938	0	47
1	48	1	105.65054945054945	186.07472527472527	0	48
1	49	1	188.38501026694044	185.24332648870637	0	49
1	50	1	419.3430962343096	190.51046025104603	0	50
1	51	1	123.25115207373273	199.85023041474653	0	51
1	52	1	48.43963553530752	213.53986332574033	0	52
1	53	1	338.0957746478873	211.32112676056337	0	53
1	54	1	249.55990783410138	216.1152073732719	0	54
1	55	1	416.31972789115645	216.97619047619048	0	55
1	56	1	108.4296435272045	219.15196998123827	0	56
1	57	1	294.3922305764411	230.37593984962405	0	57
1	58	1	450.13	240.6425	0	58
1	59	1	248.46019417475728	249.7378640776699	0	59
1	60	1	387.2849872773537	252.0916030534351	0	60
1	61	1	170.70964660936008	253.22922636103152	0	61
1	62	1	224.878125	254.134375	0	62
1	63	1	486.8874296435272	264.3076923076923	0	63
1	64	1	261.04741379310343	264.4008620689655	0	64
1	65	1	27.405566600397613	269.5427435387674	0	65
1	66	1	73.5561224489796	277.11224489795916	0	66
1	67	1	10.02662721893491	285.2721893491124	0	67
1	68	1	284.4347368421053	287.41473684210524	0	68
1	69	1	229.43872549019608	286.65686274509807	0	69
1	70	1	355.81180811808116	292.3247232472325	0	70
1	71	1	125.18881118881119	294.2960372960373	0	71
1	72	1	504.70666666666665	296.26666666666665	0	72
1	73	1	444.38579654510556	301.0710172744722	0	73
1	74	1	236.72068230277185	305.7164179104478	0	74
1	75	1	328.76553672316385	306.7994350282486	0	75
1	76	1	372.8416075650118	314.6548463356974	0	76
1	77	1	197.3615160349854	314.07580174927114	0	77
1	78	1	11.715189873417721	319.56962025316454	0	78
1	79	1	338.81849315068496	319.66438356164383	0	79
1	80	1	397.0826873385013	320.7519379844961	0	80
1	81	1	141.51696606786427	326.02794411177643	0	81
1	82	1	49.00958904109589	325.7013698630137	0	82
1	83	1	413.2566225165563	342.71854304635764	0	83
1	84	1	359.1069182389937	341.80817610062894	0	84
1	85	1	158.786355475763	346.0215439856373	0	85
1	86	1	493.61138613861385	345.769801980198	0	86
1	87	1	375.51027397260276	345.71061643835617	0	87
1	88	1	60.32335329341317	346.9760479041916	0	88
1	89	1	28.4635761589404	354.5408388520971	0	89
1	90	1	219.87836257309942	358.5777777777778	0	90
1	91	1	186.7611464968153	362.7356687898089	0	91
1	92	1	137.19430051813472	369.3730569948186	0	92
1	93	1	458.74603174603175	365.47777777777776	0	93
1	94	1	266.4675	372.1	0	94
1	95	1	3.5898876404494384	375.7865168539326	0	95
1	96	1	293.67865707434055	375.9832134292566	0	96
1	97	1	90.89213893967093	377.15539305301644	0	97
1	98	1	123.62654320987654	386.4753086419753	0	98
1	99	1	433.8975903614458	403.2530120481928	0	99
1	100	1	393.26769911504425	404.12610619469024	0	100
1	101	1	331.04336043360433	408.06233062330625	0	101
1	102	1	28.53512705530643	416.2869955156951	0	102
1	103	1	89.69791666666667	413.5286458333333	0	103
1	104	1	113.37268518518519	417.34027777777777	0	104
1	105	1	257.2445255474453	417.4288321167883	0	105
1	106	1	309.96143250688704	420.41322314049586	0	106
1	107	1	496.09822646657574	420.281036834925	0	107
1	108	1	8.101307189542483	423.66993464052285	0	108
1	109	1	221.6082621082621	424.28205128205127	0	109
1	110	1	351.43589743589746	430.50493096646943	0	110
1	111	1	432.3006329113924	437.5886075949367	0	111
1	112	1	466.41885625965995	449.6707882534776	0	112
1	113	1	28.33164983164983	458.1338383838384	0	113
1	114	1	296.4963503649635	461.2007299270073	0	114
1	115	1	338.35853976531945	466.55280312907433	0	115
1	116	1	267.6871794871795	464.71794871794873	0	116
1	117	1	434.8829931972789	478.8544217687075	0	117
1	118	1	364.45360824742266	481.6432989690722	0	118
1	119	1	494.25766871165644	483.3239263803681	0	119
1	120	1	60.54248366013072	492.125116713352	0	120
1	121	1	450.0217391304348	489.1358695652174	0	121
1	122	1	473.0480349344978	493.04366812227073	0	122
1	123	1	405.2869692532943	498.1756954612006	0	123
2	1	1	20.972081218274113	16.65989847715736	0	1
2	2	1	352.0100502512563	11.015075376884422	0	2
2	3	1	228.25245098039215	12.716911764705882	0	3
2	4	1	105.32835820895522	12.925373134328359	0	4
2	5	1	378.90871934604905	18.61307901907357	0	5
2	6	1	158.38585209003216	21.218649517684888	0	6
2	7	1	335.3453815261044	23.305220883534137	0	7
2	8	1	444.20654396728014	30.1799591002045	0	8
2	9	1	137.55442176870747	35.01020408163265	0	9
2	10	1	81.44743935309972	40.544474393531	0	10
2	11	1	162.84195804195804	45.52307692307692	0	11
2	12	1	220.91847826086956	54.57065217391305	0	12
2	13	1	426.33613445378154	56.94621848739496	0	13
2	14	1	299.575	64.63181818181818	0	14
2	15	1	88.06091370558376	69.4517766497462	0	15
2	16	1	351.48406676783003	70.35811836115326	0	16
2	17	1	108.40938166311301	73.02345415778251	0	17
2	18	1	471.43739837398374	72.28617886178861	0	18
2	19	1	425.91750841750843	80.18350168350169	0	19
2	20	1	59.927680798004985	87.24688279301746	0	20
2	21	1	89.66257668711657	87.86503067484662	0	21
2	22	1	347.8467289719626	94.43551401869159	0	22
2	23	1	239.3521657250471	94.70433145009416	0	23
2	24	1	133.26508620689654	103.42456896551724	0	24
2	25	1	260.39811912225707	104.32601880877743	0	25
2	26	1	29.05263157894737	108.02024291497976	0	26
2	27	1	54.755067567567565	109.29898648648648	0	27
2	28	1	151.85611510791367	109.38129496402878	0	28
2	29	1	328.0245901639344	109.00273224043715	0	29
2	30	1	236.3783783783784	113.58558558558559	0	30
2	31	1	499.18968692449357	119.55432780847146	0	31
2	32	1	383.8684971098266	118.57369942196532	0	32
2	33	1	120.31016042780749	121.17647058823529	0	33
2	34	1	193.20666666666668	120.55333333333333	0	34
2	35	1	6.881226053639847	133.49808429118775	0	35
2	36	1	431.72495088408647	133.48722986247543	0	36
2	37	1	242.89779559118236	135.3927855711423	0	37
2	38	1	339.8824626865672	136.11940298507463	0	38
2	39	1	71.54967948717949	147.52884615384616	0	39
2	40	1	257.009900990099	150.30693069306932	0	40
2	41	1	376.72902097902096	149.93706293706293	0	41
2	42	1	296.0609756097561	151.2334494773519	0	42
2	43	1	149.74576271186442	153.57062146892656	0	43
2	44	1	320.0693069306931	159.38118811881188	0	44
2	45	1	35.67956989247312	160.05806451612904	0	45
2	46	1	173.2956298200514	168.2133676092545	0	46
2	47	1	214.20743034055727	168.73839009287926	0	47
2	48	1	340.41779497098645	170.5164410058027	0	48
2	49	1	432.85630498533726	168.4941348973607	0	49
2	50	1	140.9378698224852	179.18639053254438	0	50
2	51	1	89.05639097744361	193.99812030075188	0	51
2	52	1	178.94042553191488	196.0936170212766	0	52
2	53	1	46.897271268057786	198.57784911717496	0	53
2	54	1	324.4634831460674	197.12640449438203	0	54
2	55	1	148.7110266159696	200.15589353612168	0	55
2	56	1	231.39690721649484	207.8762886597938	0	56
2	57	1	311.1169977924945	210.49668874172184	0	57
2	58	1	361.67495559502663	215.09591474245116	0	58
2	59	1	170.03725490196078	214.0843137254902	0	59
2	60	1	262.55721393034827	226.11691542288557	0	60
2	61	1	34.79371316306483	231.6286836935167	0	61
2	62	1	106.0548885077187	243.08404802744425	0	62
2	63	1	296.14159292035396	249.90796460176992	0	63
2	64	1	149.52682255845943	259.72489683631363	0	64
2	65	1	93.604	259.744	0	65
2	66	1	17.98170731707317	263.8262195121951	0	66
2	67	1	420.7257085020243	269.69838056680163	0	67
2	68	1	186.6120218579235	268.3806921675774	0	68
2	69	1	259.61965811965814	274.2692307692308	0	69
2	70	1	336.8566037735849	274.57924528301885	0	70
2	71	1	69.21491228070175	275.8377192982456	0	71
2	72	1	220.5601926163724	279.34831460674155	0	72
2	73	1	492.2583333333333	283.9033333333333	0	73
2	74	1	37.35960591133005	283.5927750410509	0	74
2	75	1	78.609900990099	295.0792079207921	0	75
2	76	1	249.55161787365176	305.26656394453005	0	76
2	77	1	272.74782608695654	308.30782608695654	0	77
2	78	1	418.2717948717949	305.8119658119658	0	78
2	79	1	355.67045454545456	312.1515151515151	0	79
2	80	1	181.76127320954907	316.12997347480103	0	80
2	81	1	131.098452883263	319.37693389592124	0	81
2	82	1	160.91062801932367	327.768115942029	0	82
2	83	1	339.45100502512565	331.65452261306535	0	83
2	84	1	381.66089965397924	328.61245674740485	0	84
2	85	1	4.655172413793103	337.176245210728	0	85
2	86	1	493.24719101123594	336.49213483146065	0	86
2	87	1	420.46634615384613	338.38461538461536	0	87
2	88	1	34.133204633204635	347.5482625482625	0	88
2	89	1	70.83641160949868	376.7150395778364	0	89
2	90	1	463.4559099437148	380.8818011257036	0	90
2	91	1	415.05588822355287	383.65868263473055	0	91
2	92	1	494.2830188679245	391.811320754717	0	92
2	93	1	316.70786516853934	403.810393258427	0	93
2	94	1	54.99303944315545	408.7865429234339	0	94
2	95	1	362.7901907356948	412.0653950953678	0	95
2	96	1	230.23185483870967	412.6209677419355	0	96
2	97	1	187.6506469500924	415.5674676524954	0	97
2	98	1	420.7849686847599	418.5031315240083	0	98
2	99	1	457.5377643504532	433.607250755287	0	99
2	100	1	337.41642228739005	434.6158357771261	0	100
2	101	1	250.94508301404852	430.0242656449553	0	101
2	102	1	216.8019093078759	440.79236276849645	0	102
2	103	1	439.08290155440415	437.92746113989637	0	103
2	104	1	18.764478764478763	459.7934362934363	0	104
2	105	1	424.72795698924733	465.76129032258063	0	105
2	106	1	170.87372708757638	466.09572301425663	0	106
2	107	1	281.6453488372093	471.9156976744186	0	107
2	108	1	338.45216049382714	477.5154320987654	0	108
2	109	1	483.17281728172816	481.8685868586859	0	109
2	110	1	103.96195652173913	484.0090579710145	0	110
2	111	1	450.07978723404256	489.1755319148936	0	111
2	112	1	150.59332023575638	491.4125736738703	0	112
2	113	1	47.83849557522124	498.28097345132744	0	113
2	114	1	205.37704918032787	504.5245901639344	0	114
3	1	1	404.2511013215859	5.035242290748899	0	1
3	2	1	425.6314102564103	6.961538461538462	0	2
3	3	1	469.8422712933754	8.053627760252366	0	3
3	4	1	174.73214285714286	9.66326530612245	0	4
3	5	1	31.46303501945525	17.019455252918288	0	5
3	6	1	281.3370165745856	22.151012891344383	0	6
3	7	1	55.08153477218225	23.72661870503597	0	7
3	8	1	501.2873831775701	28.911214953271028	0	8
3	9	1	360.52917505030183	34.37625754527163	0	9
3	10	1	459.2073643410853	33.48837209302326	0	10
3	11	1	172.22774327122153	38.49068322981366	0	11
3	12	1	320.0481099656357	38.70618556701031	0	12
3	13	1	231.31490384615384	36.22115384615385	0	13
3	14	1	499.377094972067	49.87988826815643	0	14
3	15	1	133.61484918793502	50.64965197215777	0	15
3	16	1	47.55530973451327	53.6283185840708	0	16
3	17	1	361.2264397905759	62.888743455497384	0	17
3	18	1	420.43325526932085	67.65573770491804	0	18
3	19	1	203.84717607973423	72.2126245847176	0	19
3	20	1	475.6773333333333	70.52533333333334	0	20
3	21	1	175.4451219512195	72.96646341463415	0	21
3	22	1	4.913793103448276	76.4396551724138	0	22
3	23	1	416.80898876404495	87.01123595505618	0	23
3	24	1	332.26339285714283	91.70833333333333	0	24
3	25	1	176.4065335753176	98.994555353902	0	25
3	26	1	269.8816568047337	99.90532544378698	0	26
3	27	1	461.8155844155844	104.87272727272727	0	27
3	28	1	319.61914460285135	107.89816700610999	0	28
3	29	1	93.85289256198347	111.50578512396694	0	29
3	30	1	229.6011235955056	111.0561797752809	0	30
3	31	1	147.68269230769232	119.8173076923077	0	31
3	32	1	365.62420382165607	129.79299363057325	0	32
3	33	1	390.24848484848485	128.0222222222222	0	33
3	34	1	446.39179632248937	127.22489391796323	0	34
3	35	1	187.97405189620758	128.10379241516966	0	35
3	36	1	77.56935817805383	133.08281573498965	0	36
3	37	1	43.0	142.9120879120879	0	37
3	38	1	13.135057471264368	148.58620689655172	0	38
3	39	1	467.8955752212389	151.78230088495576	0	39
3	40	1	503.7223974763407	165.3217665615142	0	40
3	41	1	117.3381088825215	167.69340974212034	0	41
3	42	1	331.9726688102894	167.7926045016077	0	42
3	43	1	18.507269789983845	172.39579967689824	0	43
3	44	1	426.187145557656	176.74669187145557	0	44
3	45	1	208.60714285714286	179.8131868131868	0	45
3	46	1	46.63723608445297	190.62763915547026	0	46
3	47	1	87.55291005291005	198.9047619047619	0	47
3	48	1	209.75409836065575	203.58196721311475	0	48
3	49	1	446.40208877284596	201.5248041775457	0	49
3	50	1	133.87528868360278	211.6512702078522	0	50
3	51	1	479.8710743801653	216.97190082644627	0	51
3	52	1	504.1551246537396	218.28254847645428	0	52
3	53	1	397.8485342019544	217.91205211726384	0	53
3	54	1	48.13709677419355	224.4334677419355	0	54
3	55	1	88.09714285714286	227.32	0	55
3	56	1	254.57175925925927	231.37962962962962	0	56
3	57	1	174.53287197231833	239.05017301038063	0	57
3	58	1	343.20477137176937	239.02186878727633	0	58
3	59	1	278.7100737100737	249.04668304668306	0	59
3	60	1	145.23	259.882	0	60
3	61	1	108.59809523809524	264.0438095238095	0	61
3	62	1	353.2721202003339	264.3238731218698	0	62
3	63	1	60.03754266211604	266.26962457337885	0	63
3	64	1	306.77464788732397	276.2696177062374	0	64
3	65	1	128.9155672823219	280.96569920844325	0	65
3	66	1	234.63905325443787	280.9704142011834	0	66
3	67	1	7.4179431072210065	287.7439824945295	0	67
3	68	1	24.93028322440087	293.1503267973856	0	68
3	69	1	211.84527220630372	292.93409742120343	0	69
3	70	1	179.29302325581395	298.80232558139534	0	70
3	71	1	88.78747940691927	309.4431630971993	0	71
3	72	1	158.35913312693498	311.41486068111453	0	72
3	73	1	358.2031007751938	326.94108527131783	0	73
3	74	1	65.22654867256637	335.64070796460175	0	74
3	75	1	268.84615384615387	337.3648915187377	0	75
3	76	1	334.54639175257734	342.82817869415805	0	76
3	77	1	155.8490990990991	350.93918918918916	0	77
3	78	1	11.687031082529474	369.31832797427654	0	78
3	79	1	218.2523540489642	370.47269303201506	0	79
3	80	1	279.1009523809524	372.26666666666665	0	80
3	81	1	44.58717105263158	379.7171052631579	0	81
3	82	1	104.32272727272728	379.8340909090909	0	82
3	83	1	337.9194499017682	381.0294695481336	0	83
3	84	1	278.84531590413945	401.0936819172113	0	84
3	85	1	181.56516290726816	396.6015037593985	0	85
3	86	1	256.94117647058823	411.22762148337597	0	86
3	87	1	10.192926045016078	425.491961414791	0	87
3	88	1	370.8185975609756	430.2606707317073	0	88
3	89	1	314.56018518518516	431.6388888888889	0	89
3	90	1	248.6328502415459	439.94202898550725	0	90
3	91	1	18.307977736549166	446.57328385899814	0	91
3	92	1	149.3745247148289	449.3688212927757	0	92
3	93	1	220.49256505576207	451.85873605947955	0	93
3	94	1	166.55094991364422	471.8117443868739	0	94
3	95	1	327.7547892720307	468.9655172413793	0	95
3	96	1	463.8092105263158	474.5296052631579	0	96
3	97	1	318.76404494382024	478.2584269662921	0	97
3	98	1	437.5189189189189	490.6	0	98
3	99	1	450.1472081218274	489.0913705583756	0	99
3	100	1	487.0619469026549	490.8053097345133	0	100
3	101	1	469.6011235955056	492.2696629213483	0	101
3	102	1	270.94670846394985	499.84012539184954	0	102
3	103	1	313.5055679287305	501.20489977728283	0	103
