ImageNumber	ObjectNumber	Children_PLA_Count	Location_Center_X	Location_Center_Y	Location_Center_Z	Number_Object_Number	Parent_Nuclei
1	1	0	178.29276315789474	6.506578947368421	0	1	1
1	2	0	208.93487698986976	8.529667149059334	0	2	2
1	3	0	320.83159463487334	6.032786885245901	0	3	3
1	4	0	399.6335970785149	16.5203895313451	0	4	4
1	5	0	20.705248990578735	9.266487213997308	0	5	5
1	6	0	98.0455486542443	11.343685300207039	0	6	6
1	7	0	77.99073001158749	18.552723059096177	0	7	7
1	8	0	54.73519553072626	17.058100558659216	0	8	8
1	9	1	115.5148717948718	19.902564102564103	0	9	9
1	10	0	148.44699777613047	17.582653817642697	0	10	10
1	11	0	279.45845110231767	22.768795929903902	0	11	11
1	12	0	480.1771561771562	27.394405594405594	0	12	12
1	13	0	195.9162393162393	30.353846153846153	0	13	13
1	14	0	25.841766329346825	34.32014719411224	0	14	14
1	15	0	244.23583662714097	34.52832674571805	0	15	15
1	16	0	321.57711693548384	38.440524193548384	0	16	16
1	17	0	173.53583241455348	43.977949283351705	0	17	17
1	18	0	366.0328073089701	51.08637873754153	0	18	18
1	19	0	116.4723076923077	52.40769230769231	0	19	19
1	20	0	42.37220338983051	57.27593220338983	0	20	20
1	21	0	91.56390977443608	50.70139634801289	0	21	21
1	22	0	224.75283446712018	56.233560090702944	0	22	22
1	23	0	142.45670852610706	57.75479180436219	0	23	23
1	24	0	291.09375	62.497093023255815	0	24	24
1	25	0	71.19469759734879	72.8019884009942	0	25	25
1	26	0	185.2364149611856	73.22230063514468	0	26	26
1	27	0	96.38745800671893	87.01343784994401	0	27	27
1	28	0	137.79818887451486	87.57956015523932	0	28	28
1	29	0	263.0419026047565	87.34258210645527	0	29	29
1	30	0	115.38079470198676	91.74172185430463	0	30	30
1	31	0	226.0671009771987	95.47882736156352	0	31	31
1	32	0	446.12785891430144	97.2400110223202	0	32	32
1	33	0	491.2654723127036	106.98127035830619	0	33	33
1	34	0	197.34363411619282	103.27441285537701	0	34	34
1	35	0	110.05111294311624	115.56141797197031	0	35	35
1	36	0	191.26150121065376	120.49636803874093	0	36	36
1	37	0	166.79689415610952	122.94401307723743	0	37	37
1	38	0	137.45348837209303	119.90365448504983	0	38	38
1	39	0	500.917004048583	135.86437246963564	0	39	39
1	40	0	20.09512893982808	125.95472779369628	0	40	40
1	41	0	47.4188829787234	138.1343085106383	0	41	41
1	42	0	78.45009074410163	135.1742286751361	0	42	42
1	43	0	20.998305084745763	158.52542372881356	0	43	43
1	44	0	128.72866242038216	157.11146496815286	0	44	44
1	45	0	4.658914728682171	171.48062015503876	0	45	45
1	46	0	283.70639354438237	158.61328367473618	0	46	46
1	47	0	429.03802008608324	160.02510760401722	0	47	47
1	48	0	178.7934306569343	173.6795620437956	0	48	48
1	49	0	100.01225323349217	171.3846153846154	0	49	49
1	50	0	153.02356406480118	170.06185567010309	0	50	50
1	51	0	69.23037974683544	175.5856540084388	0	51	51
1	52	0	25.673873873873873	177.2108108108108	0	52	52
1	53	0	242.01088139281828	169.0038084874864	0	53	53
1	54	0	409.90441176470586	183.42555147058823	0	54	54
1	55	0	301.3018134715026	180.0621761658031	0	55	55
1	56	0	44.271028037383175	188.39875389408098	0	56	56
1	57	0	467.18410041841	179.39450089659294	0	57	57
1	58	0	155.78879310344828	194.57974137931035	0	58	58
1	59	0	234.6648879402348	205.71291355389542	0	59	59
1	60	0	315.03550295857985	198.44260355029587	0	60	60
1	61	0	458.5466377440347	210.84468546637743	0	61	61
1	62	0	276.7870813397129	200.4700956937799	0	62	62
1	63	0	341.97872340425533	201.31520882584712	0	63	63
1	64	0	125.65992414664981	199.7977243994943	0	64	64
1	65	0	388.3001269035533	201.86294416243655	0	65	65
1	66	1	15.281944444444445	214.0013888888889	0	66	66
1	67	0	104.95693367786392	216.30318690783807	0	67	67
1	68	0	363.9719917012448	219.94917012448133	0	68	68
1	69	0	148.28885135135135	218.94256756756758	0	69	69
1	70	0	186.60694896851248	225.3615635179153	0	70	70
1	71	0	285.6438208310847	228.39341608202915	0	71	71
1	72	0	420.0493753718025	230.96014277215943	0	72	72
1	73	0	321.0475663716814	238.34070796460176	0	73	73
1	74	0	222.49962149886449	241.68205904617713	0	74	74
1	75	0	419.7590361445783	253.6265060240964	0	75	75
1	76	0	96.89862204724409	244.8021653543307	0	76	76
1	77	1	71.21573301549464	249.35876042908225	0	77	77
1	78	1	343.83574007220216	258.2703068592058	0	78	78
1	79	0	134.83683559950558	256.29913473423983	0	79	79
1	80	0	392.2161361954108	257.4566987416728	0	80	80
1	81	0	20.16450471698113	256.17099056603774	0	81	81
1	82	1	184.11721854304636	263.71523178807945	0	82	82
1	83	0	105.87824675324676	269.9983766233766	0	83	83
1	84	0	232.31121642969984	267.40995260663504	0	84	84
1	85	0	275.3662306777646	262.512485136742	0	85	85
1	86	0	500.6693386773547	268.0390781563126	0	86	86
1	87	0	444.28042704626336	268.17224199288256	0	87	87
1	88	0	315.95992366412213	279.9790076335878	0	88	88
1	89	0	406.585626911315	280.62079510703364	0	89	89
1	90	0	171.789898989899	283.6191919191919	0	90	90
1	91	0	76.29748482220295	282.11361665221165	0	91	91
1	92	0	41.95448079658606	282.36842105263156	0	92	92
1	93	0	297.80584795321636	291.20701754385965	0	93	93
1	94	0	14.371546961325967	290.1671270718232	0	94	94
1	95	0	441.85714285714283	293.3646616541353	0	95	95
1	96	0	265.7149758454106	287.9967793880837	0	96	96
1	97	2	379.41784989858013	298.9847870182556	0	97	97
1	98	0	401.5983436853002	301.9296066252588	0	98	98
1	99	0	56.832605531295485	305.4614264919942	0	99	99
1	100	0	175.11858190709046	308.0330073349633	0	100	100
1	101	0	258.1073124406458	308.31433998100664	0	101	101
1	102	0	349.40371081254	307.0914907229687	0	102	102
1	103	0	29.228316326530614	313.3494897959184	0	103	103
1	104	1	225.7425658453696	305.8351741716228	0	104	104
1	105	0	114.71642969984202	302.74012638230647	0	105	105
1	106	0	421.8861646234676	308.05954465849385	0	106	106
1	107	0	286.4654255319149	313.4335106382979	0	107	107
1	108	0	148.46309601567603	310.23514043109077	0	108	108
1	109	0	82.50214961306965	315.7067927773001	0	109	109
1	110	0	463.0173243503369	313.93262752646774	0	110	110
1	111	0	6.058407079646018	321.61592920353985	0	111	111
1	112	0	129.91496598639455	321.35714285714283	0	112	112
1	113	0	404.5644599303136	323.0522648083624	0	113	113
1	114	0	441.40055248618785	329.90055248618785	0	114	114
1	115	0	317.130849220104	314.98093587521663	0	115	115
1	116	0	262.55555555555554	334.579012345679	0	116	116
1	117	0	373.79786096256686	331.2032085561497	0	117	117
1	118	0	114.60675381263617	337.07080610021785	0	118	118
1	119	0	290.55609167671895	338.2002412545235	0	119	119
1	120	0	411.29834254143645	337.30018416206264	0	120	120
1	121	1	196.56183301946012	330.93157564344006	0	121	121
1	122	0	32.458921694480104	341.86136071887034	0	122	122
1	123	0	321.6127450980392	342.92483660130716	0	123	123
1	124	0	500.5939393939394	342.54848484848486	0	124	124
1	125	1	74.73874538745387	349.1261992619926	0	125	125
1	126	0	472.61656228253304	351.29436325678495	0	126	126
1	127	0	383.4338521400778	354.7568093385214	0	127	127
1	128	0	424.82285115303984	353.853249475891	0	128	128
1	129	0	237.11336032388664	352.79706477732793	0	129	129
1	130	0	115.83380681818181	359.38778409090907	0	130	130
1	131	0	342.2217125382263	357.0833333333333	0	131	131
1	132	0	142.11409395973155	357.8076062639821	0	132	132
1	133	0	206.70692431561997	365.47342995169083	0	133	133
1	134	0	283.9958298582152	371.68306922435363	0	134	134
1	135	0	176.3832731648616	368.03489771359807	0	135	135
1	136	0	54.10177705977383	370.54604200323104	0	136	136
1	137	0	308.6129441624365	371.502538071066	0	137	137
1	138	0	77.30506329113923	381.38354430379746	0	138	138
1	139	0	360.17174515235456	380.5235457063712	0	139	139
1	140	0	451.19310344827585	382.09655172413795	0	140	140
1	141	0	100.6512077294686	385.66280193236713	0	141	141
1	142	0	37.07339449541284	380.0611620795107	0	142	142
1	143	0	149.2945351312988	389.84102200141945	0	143	143
1	144	0	7.669847328244275	378.6832061068702	0	144	144
1	145	0	390.2779632721202	385.10434056761267	0	145	145
1	146	0	215.18075639599556	395.2068965517241	0	146	146
1	147	0	415.33861834654584	393.26727066817665	0	147	147
1	148	0	25.675728155339804	398.1747572815534	0	148	148
1	149	0	8.447619047619048	402.9015873015873	0	149	149
1	150	0	120.43881856540085	399.9789029535865	0	150	150
1	151	0	316.01242829827913	398.5831739961759	0	151	151
1	152	0	343.1984	396.8656	0	152	152
1	153	0	259.3543956043956	398.19871794871796	0	153	153
1	154	0	44.6892797319933	416.8174204355109	0	154	154
1	155	0	281.7219031993437	416.47990155865466	0	155	155
1	156	0	328.84288354898337	419.97042513863215	0	156	156
1	157	0	138.7124518613607	416.74839537869065	0	157	157
1	158	1	227.75510204081633	420.3734693877551	0	158	158
1	159	0	357.8189655172414	418.2284482758621	0	159	159
1	160	0	386.7393092105263	418.6702302631579	0	160	160
1	161	0	94.13886900501073	420.2705798138869	0	161	161
1	162	0	436.93607800650057	423.99241603466953	0	162	162
1	163	0	15.135036496350365	424.735401459854	0	163	163
1	164	0	177.7403314917127	423.49013417521707	0	164	164
1	165	0	132.47842401500938	433.390243902439	0	165	165
1	166	0	247.68678459937564	437.9396462018731	0	166	166
1	167	0	338.4412733260154	441.8935236004391	0	167	167
1	168	0	384.3052772211089	448.9512358049432	0	168	168
1	169	0	297.54893350062736	444.57528230865745	0	169	169
1	170	0	198.49177330895796	440.0530164533821	0	170	170
1	171	0	8.151098901098901	451.57554945054943	0	171	171
1	172	0	59.28135828135828	445.9050589050589	0	172	172
1	173	0	121.64357682619648	451.3690176322418	0	173	173
1	174	0	152.53082191780823	446.472602739726	0	174	174
1	175	0	91.77678571428571	449.92261904761904	0	175	175
1	176	0	71.82327586206897	460.5560344827586	0	176	176
1	177	0	420.27224576271186	453.76588983050846	0	177	177
1	178	0	28.293624161073826	462.18372483221475	0	178	178
1	179	0	472.939513477975	445.90466798159105	0	179	179
1	180	0	185.66989436619718	462.30721830985914	0	180	180
1	181	0	248.662100456621	460.54794520547944	0	181	181
1	182	0	267.5261744966443	468.048322147651	0	182	182
1	183	0	443.7732426303855	464.6666666666667	0	183	183
1	184	0	91.31390977443608	469.25563909774434	0	184	184
1	185	0	366.089519650655	467.96288209606985	0	185	185
1	186	0	486.28410008071023	473.3309120258273	0	186	186
1	187	1	163.63278388278388	478.1043956043956	0	187	187
1	188	0	216.9853235490327	468.6050700466978	0	188	188
1	189	0	139.80981595092024	478.15644171779144	0	189	189
1	190	0	327.97266401590457	474.15208747514913	0	190	190
1	191	0	434.8776796973518	484.0390920554855	0	191	191
1	192	0	121.1005291005291	485.82645502645505	0	192	192
1	193	0	80.43928035982009	491.66191904047975	0	193	193
1	194	0	404.20507936507937	490.3542857142857	0	194	194
1	195	0	39.89181879648411	493.8708586883029	0	195	195
1	196	0	239.5014705882353	496.28161764705885	0	196	196
1	197	0	281.5667429443173	491.9397406559878	0	197	197
1	198	0	363.7993265993266	495.96430976430975	0	198	198
1	199	0	465.5761047463175	497.8510638297872	0	199	199
1	200	0	428.8112244897959	507.9540816326531	0	200	200
1	201	0	10.268408551068884	502.62945368171023	0	201	201
1	202	0	108.95411089866157	504.90248565965584	0	202	202
1	203	0	191.58703939008893	500.76111817026685	0	203	203
1	204	0	308.89078498293514	502.22525597269623	0	204	204
2	1	0	11.044368600682594	6.580204778156997	0	1	1
2	2	0	37.90625	18.992559523809526	0	2	2
2	3	0	66.11940298507463	5.0	0	3	3
2	4	0	151.010889292196	4.9891107078039925	0	4	4
2	5	8	203.93820224719101	9.719101123595506	0	5	5
2	6	0	476.2291149710505	14.019023986765923	0	6	6
2	7	0	163.2382528127068	22.73990734612839	0	7	7
2	8	0	422.7597254004577	15.628146453089245	0	8	8
2	9	0	70.4053651266766	23.852459016393443	0	9	9
2	10	0	11.032911392405063	31.551898734177215	0	10	10
2	11	0	98.01074053137366	27.778405879027698	0	11	11
2	12	0	380.97228464419476	35.90337078651685	0	12	12
2	13	0	409.0110935023772	42.13708399366086	0	13	13
2	14	0	70.24080267558529	55.028985507246375	0	14	14
2	15	0	46.267895878524946	56.44251626898048	0	15	15
2	16	0	467.9698397737983	47.709707822808674	0	16	16
2	17	0	495.606008583691	45.758798283261804	0	17	17
2	18	0	178.56676557863503	53.489614243323444	0	18	18
2	19	0	444.99568655643424	56.388209920920204	0	19	19
2	20	0	148.12451737451738	52.32915057915058	0	20	20
2	21	0	425.30992196209587	74.25529542920847	0	21	21
2	22	0	502.35169491525426	72.20762711864407	0	22	22
2	23	0	15.874476987447698	68.54323570432356	0	23	23
2	24	0	117.53988603988604	64.71296296296296	0	24	24
2	25	0	162.44419134396355	79.57175398633258	0	25	25
2	26	0	263.87212276214836	68.25063938618926	0	26	26
2	27	0	300.965872156013	67.08613217768148	0	27	27
2	28	0	230.02426160337552	72.23628691983123	0	28	28
2	29	0	202.186626746507	78.00798403193613	0	29	29
2	30	0	182.3495145631068	80.65631067961165	0	30	30
2	31	0	473.8650246305419	86.9064039408867	0	31	31
2	32	0	144.94749403341288	92.49045346062053	0	32	32
2	33	0	498.1182432432432	91.19932432432432	0	33	33
2	34	0	79.72251007484168	91.05814622913068	0	34	34
2	35	0	392.0773519163763	84.94564459930314	0	35	35
2	36	0	332.90342205323196	84.13916349809885	0	36	36
2	37	0	38.40375123395854	90.40868706811452	0	37	37
2	38	0	109.91107078039927	93.67695099818512	0	38	38
2	39	0	226.2018348623853	99.98165137614679	0	39	39
2	40	0	254.75	102.72302904564316	0	40	40
2	41	0	349.8130990415335	102.91693290734824	0	41	41
2	42	0	501.95359281437123	111.16616766467065	0	42	42
2	43	0	281.7067545304778	108.14744645799011	0	43	43
2	44	0	120.91271820448878	110.34663341645886	0	44	44
2	45	0	373.5090361445783	105.0421686746988	0	45	45
2	46	0	37.092065868263475	114.61751497005989	0	46	46
2	47	0	213.64310954063603	112.6678445229682	0	47	47
2	48	0	393.9596977329975	114.31234256926952	0	48	48
2	49	0	186.0470500373413	115.00298730395818	0	49	49
2	50	0	362.37745098039215	116.54166666666667	0	50	50
2	51	0	319.38837638376384	117.13745387453875	0	51	51
2	52	0	10.507865168539325	121.14157303370787	0	52	52
2	53	0	304.6140350877193	124.15087719298245	0	53	53
2	54	0	435.48064918851435	115.70099875156055	0	54	54
2	55	0	138.2810218978102	125.08576642335767	0	55	55
2	56	0	346.5480769230769	132.58493589743588	0	56	56
2	57	0	401.4470246734398	133.4455732946299	0	57	57
2	58	0	483.743450767841	129.03432700993676	0	58	58
2	59	0	461.61182994454714	133.27449168207025	0	59	59
2	60	0	165.65345528455285	132.14939024390245	0	60	60
2	61	0	221.3671875	128.1796875	0	61	61
2	62	0	106.86785449146251	137.97995545657017	0	62	62
2	63	0	26.38364779874214	141.1006289308176	0	63	63
2	64	0	300.9327868852459	138.52459016393442	0	64	64
2	65	0	8.230936819172113	142.6884531590414	0	65	65
2	66	0	427.8014629049112	148.65830721003135	0	66	66
2	67	0	248.12605042016807	135.49459783913565	0	67	67
2	68	0	369.3109243697479	144.34173669467788	0	68	68
2	69	0	46.913078797725426	150.77091795288382	0	69	69
2	70	0	222.03720930232558	150.90581395348838	0	70	70
2	71	0	72.88086303939963	137.47560975609755	0	71	71
2	72	0	144.67559523809524	147.86011904761904	0	72	72
2	73	0	274.14142857142855	145.47142857142856	0	73	73
2	74	0	84.19792648444863	165.05843543826578	0	74	74
2	75	0	132.43682310469313	163.78158844765343	0	75	75
2	76	0	501.88110964332895	153.63804491413475	0	76	76
2	77	0	342.39902080783355	155.8261933904529	0	77	77
2	78	0	197.32218091697646	158.12515489467162	0	78	78
2	79	0	402.54815481548155	162.8190819081908	0	79	79
2	80	0	175.40621403912544	166.5891829689298	0	80	80
2	81	0	299.6253494874185	163.25256290773532	0	81	81
2	82	0	249.9358059914408	165.35235378031385	0	82	82
2	83	0	339.14285714285717	174.35225048923678	0	83	83
2	84	0	9.467625899280575	167.82014388489208	0	84	84
2	85	0	476.5934959349593	170.1168699186992	0	85	85
2	86	1	374.58859975216853	172.7546468401487	0	86	86
2	87	0	153.67936925098556	179.11169513797634	0	87	87
2	88	0	271.25598404255317	184.86635638297872	0	88	88
2	89	0	110.60533707865169	184.23525280898878	0	89	89
2	90	0	221.01311475409835	180.48196721311476	0	90	90
2	91	0	314.86368715083796	184.51843575418994	0	91	91
2	92	0	453.4008594229589	183.71025168815225	0	92	92
2	93	0	29.37526804860615	183.80200142959256	0	93	93
2	94	0	500.01371742112485	190.17421124828533	0	94	94
2	95	0	391.1353001017294	193.26246185147508	0	95	95
2	96	0	335.8346007604563	199.3374524714829	0	96	96
2	97	0	204.0848089468779	203.40726933830382	0	97	97
2	98	0	429.44080604534	204.19143576826195	0	98	98
2	99	0	178.43961352657004	204.98067632850243	0	99	99
2	100	0	358.09558823529414	206.8	0	100	100
2	101	0	278.6255230125523	211.42991631799163	0	101	101
2	102	0	148.6703967446592	207.4587995930824	0	102	102
2	103	0	34.70945945945946	211.26351351351352	0	103	103
2	104	1	59.75294985250738	208.60176991150442	0	104	104
2	105	0	448.31390134529147	215.04484304932734	0	105	105
2	106	0	79.07864077669903	218.23106796116505	0	106	106
2	107	0	8.253119429590019	215.98217468805703	0	107	107
2	108	0	116.46070460704607	216.88346883468836	0	108	108
2	109	0	253.82037037037037	215.7277777777778	0	109	109
2	110	0	499.1864406779661	217.979969183359	0	110	110
2	111	0	231.96759675967596	215.8199819981998	0	111	111
2	112	0	466.8978405315615	222.05232558139534	0	112	112
2	113	0	411.2396449704142	224.45463510848126	0	113	113
2	114	0	376.7754677754678	223.04054054054055	0	114	114
2	115	0	343.91531755915315	230.14570361145704	0	115	115
2	116	0	157.0962199312715	230.07731958762886	0	116	116
2	117	0	99.38607594936708	239.22423146473778	0	117	117
2	118	0	301.1786469344609	229.3551797040169	0	118	118
2	119	0	19.49163879598662	240.5139353400223	0	119	119
2	120	1	253.31967213114754	240.0122950819672	0	120	120
2	121	0	387.6924603174603	239.82142857142858	0	121	121
2	122	0	325.76366322008863	241.54652880354504	0	122	122
2	123	0	271.7207792207792	246.14675324675324	0	123	123
2	124	1	144.92541254125413	253.5075907590759	0	124	124
2	125	1	198.15958815958817	241.92406692406692	0	125	125
2	126	0	177.91036717062636	250.93196544276458	0	126	126
2	127	0	226.00665188470066	249.21064301552107	0	127	127
2	128	0	40.46783625730994	252.5438596491228	0	128	128
2	129	0	498.862660944206	252.13562231759656	0	129	129
2	130	0	311.57037037037037	257.9851851851852	0	130	130
2	131	0	424.55652936021033	255.03943908851883	0	131	131
2	132	0	473.53471074380167	257.43388429752065	0	132	132
2	133	0	83.59274673008323	266.7098692033294	0	133	133
2	134	0	366.02127659574467	259.444568868981	0	134	134
2	135	0	395.45580110497235	262.30386740331494	0	135	135
2	136	0	280.65880217785843	269.5154264972777	0	136	136
2	137	0	340.7220172201722	268.57072570725705	0	137	137
2	138	0	246.30663329161453	270.7909887359199	0	138	138
2	139	0	455.00081699346407	270.55473856209153	0	139	139
2	140	2	207.75254237288135	275.4008474576271	0	140	140
2	141	0	49.919928825622776	275.0818505338078	0	141	141
2	142	0	365.89067524115757	282.3762057877814	0	142	142
2	143	1	307.80789022298455	283.74614065180106	0	143	143
2	144	0	20.640194489465156	278.1150729335494	0	144	144
2	145	0	119.56880733944953	281.52490170380077	0	145	145
2	146	0	25.995726495726494	296.86752136752136	0	146	146
2	147	0	241.54179254783483	294.6475327291037	0	147	147
2	148	0	393.84547311095986	293.44588155207623	0	148	148
2	149	0	449.3683360258481	294.93861066235866	0	149	149
2	150	0	148.44615384615383	294.4786324786325	0	150	150
2	151	0	182.42914438502675	291.0013368983957	0	151	151
2	152	0	166.81668946648426	300.30232558139534	0	152	152
2	153	0	129.38153846153847	302.0338461538461	0	153	153
2	154	0	356.1362445414847	301.11353711790395	0	154	154
2	155	0	59.106876553438276	300.62717481358743	0	155	155
2	156	0	412.8529163144548	312.78951817413355	0	156	156
2	157	0	207.62413793103448	304.8189655172414	0	157	157
2	158	0	300.1006825938567	307.2935153583618	0	158	158
2	159	0	10.623145400593472	313.6290801186944	0	159	159
2	160	0	238.35338345864662	315.9323308270677	0	160	160
2	161	0	117.54665314401623	316.2312373225152	0	161	161
2	162	0	471.83976261127594	316.95944609297726	0	162	162
2	163	0	503.0827489481066	317.8246844319776	0	163	163
2	164	2	271.24839596700275	319.64069660861594	0	164	164
2	165	0	61.89281210592686	322.4136191677175	0	165	165
2	166	0	345.6750380517504	324.94596651445966	0	166	166
2	167	0	158.81102362204723	329.69192913385825	0	167	167
2	168	0	196.87712206952304	328.7081649151172	0	168	168
2	169	0	437.5658536585366	326.7268292682927	0	169	169
2	170	0	25.88969258589512	334.42676311030743	0	170	170
2	171	0	239.6459554513482	336.852286049238	0	171	171
2	172	0	42.670753064798596	340.861646234676	0	172	172
2	173	0	133.17090909090908	343.09939393939396	0	173	173
2	174	0	484.39888268156426	339.8100558659218	0	174	174
2	175	0	381.00292740046837	346.6861826697892	0	175	175
2	176	0	69.15698924731183	344.9741935483871	0	176	176
2	177	0	98.23967774420947	345.9828801611279	0	177	177
2	178	0	304.44087523277466	345.54748603351953	0	178	178
2	179	0	9.53343949044586	346.4108280254777	0	179	179
2	180	0	260.7631578947368	351.85263157894735	0	180	180
2	181	0	423.7430769230769	349.88461538461536	0	181	181
2	182	0	462.22033898305085	350.2542372881356	0	182	182
2	183	0	37.15853658536585	359.650406504065	0	183	183
2	184	0	449.4969696969697	354.4848484848485	0	184	184
2	185	0	197.79617834394904	355.21656050955414	0	185	185
2	186	0	217.56068601583112	358.1372031662269	0	186	186
2	187	0	342.7362637362637	363.926510989011	0	187	187
2	188	0	177.09635416666666	353.7109375	0	188	188
2	189	0	61.05982905982906	363.96866096866097	0	189	189
2	190	0	501.3942786069652	363.9365671641791	0	190	190
2	191	0	165.24574669187146	365.79395085066164	0	191	191
2	192	2	412.1338854382333	372.5576259489303	0	192	192
2	193	0	250.50487804878048	370.6560975609756	0	193	193
2	194	0	446.8216340621404	375.6651323360184	0	194	194
2	195	0	136.40967741935484	372.22983870967744	0	195	195
2	196	0	187.36666666666667	382.2026666666667	0	196	196
2	197	0	26.544419134396357	373.38268792710704	0	197	197
2	198	0	8.519434628975265	376.7226148409894	0	198	198
2	199	0	476.46165191740414	372.9778761061947	0	199	199
2	200	0	236.47058823529412	373.4967320261438	0	200	200
2	201	0	288.1328413284133	384.1623616236162	0	201	201
2	202	0	207.74330708661418	389.5748031496063	0	202	202
2	203	0	45.731078904991946	384.7117552334944	0	203	203
2	204	1	234.24400234055003	400.8150965476887	0	204	204
2	205	0	77.6598272138229	383.9276457883369	0	205	205
2	206	0	474.41581920903957	396.1322033898305	0	206	206
2	207	0	369.24026946107784	390.1167664670659	0	207	207
2	208	0	143.10499359795134	397.21382842509604	0	208	208
2	209	0	167.47218628719276	400.6934023285899	0	209	209
2	210	0	502.3995433789954	396.08447488584477	0	210	210
2	211	0	96.5510616784631	400.5237613751264	0	211	211
2	212	0	322.6717607973422	401.4724252491694	0	212	212
2	213	0	40.111492281303605	407.79245283018867	0	213	213
2	214	0	16.107249255213507	406.708043694141	0	214	214
2	215	0	59.83355704697986	415.46040268456375	0	215	215
2	216	0	191.7442865966646	423.56578134651016	0	216	216
2	217	0	387.17589082638364	423.07960576194085	0	217	217
2	218	0	498.27348643006263	414.8580375782881	0	218	218
2	219	1	354.1977240398293	419.0184921763869	0	219	219
2	220	0	85.93646759847522	425.97839898348155	0	220	220
2	221	0	16.84805194805195	434.16623376623374	0	221	221
2	222	0	132.92428439519853	420.24192059095105	0	222	222
2	223	0	499.10473457675755	436.87374461979914	0	223	223
2	224	0	456.4715568862275	430.8428143712575	0	224	224
2	225	0	262.8453079178886	424.43475073313783	0	225	225
2	226	0	112.85009140767825	434.0420475319927	0	226	226
2	227	0	479.91263157894736	442.9452631578947	0	227	227
2	228	0	286.4497777777778	443.4266666666667	0	228	228
2	229	0	325.82522123893807	439.03171091445427	0	229	229
2	230	0	49.308664259927795	443.7870036101083	0	230	230
2	231	0	151.1063122923588	448.6921373200443	0	231	231
2	232	0	371.06105263157895	448.3221052631579	0	232	232
2	233	0	6.868055555555555	450.71875	0	233	233
2	234	0	95.92703150912106	448.2520729684909	0	234	234
2	235	1	225.21477343265053	450.1384233395407	0	235	235
2	236	0	60.49744897959184	462.8813775510204	0	236	236
2	237	0	251.65702479338842	456.06404958677683	0	237	237
2	238	0	343.97008973080756	463.1445663010967	0	238	238
2	239	0	111.8171247357294	468.93023255813955	0	239	239
2	240	0	260.5396984924623	474.3246231155779	0	240	240
2	241	0	192.9139344262295	465.0027322404372	0	241	241
2	242	0	20.75098502758077	471.51063829787233	0	242	242
2	243	0	79.016713091922	476.68337975858867	0	243	243
2	244	0	414.5637630662021	473.77142857142854	0	244	244
2	245	0	443.4535974973931	474.24504692387904	0	245	245
2	246	0	321.64299242424244	481.4734848484849	0	246	246
2	247	0	475.9841945288754	484.493009118541	0	247	247
2	248	0	286.34850746268654	485.5813432835821	0	248	248
2	249	0	367.30418604651163	482.4381395348837	0	249	249
2	250	0	501.9024064171123	488.3155080213904	0	250	250
2	251	0	391.9280742459397	480.0997679814385	0	251	251
2	252	0	153.71730382293762	484.74346076458755	0	252	252
2	253	0	118.80661840744571	492.4208893485005	0	253	253
2	254	0	388.036036036036	500.987987987988	0	254	254
2	255	0	210.62787878787879	493.47030303030306	0	255	255
2	256	0	179.82666666666665	492.7614814814815	0	256	256
2	257	0	23.666156202143952	498.9326186830015	0	257	257
2	258	0	55.63249516441006	497.9110251450677	0	258	258
2	259	0	446.22549019607845	502.22408963585434	0	259	259
2	260	0	138.39069767441862	505.1209302325581	0	260	260
2	261	0	172.9170305676856	507.70305676855895	0	261	261
2	262	0	6.62962962962963	506.2962962962963	0	262	262
2	263	0	236.45631067961165	501.7614424410541	0	263	263
2	264	0	332.0359435173299	503.0629011553273	0	264	264
3	1	0	67.02947845804988	9.113378684807257	0	1	1
3	2	0	227.0240480961924	10.446893787575151	0	2	2
3	3	0	269.56089193825045	8.284734133790737	0	3	3
3	4	0	389.6909340659341	8.307692307692308	0	4	4
3	5	0	159.9927797833935	9.532490974729242	0	5	5
3	6	0	38.66419981498613	14.145235892691952	0	6	6
3	7	0	343.476404494382	9.864044943820225	0	7	7
3	8	0	467.01601830663617	13.718535469107552	0	8	8
3	9	0	304.37966101694917	10.987570621468926	0	9	9
3	10	0	114.90450928381964	9.111405835543767	0	10	10
3	11	0	186.30673316708229	23.370947630922693	0	11	11
3	12	0	94.96616541353383	14.829573934837093	0	12	12
3	13	0	129.49478563151797	20.845886442641948	0	13	13
3	14	0	424.52061855670104	20.400343642611684	0	14	14
3	15	0	359.2772466539197	22.478011472275334	0	15	15
3	16	0	149.40386571719228	35.83418107833164	0	16	16
3	17	0	253.28703703703704	33.03703703703704	0	17	17
3	18	0	447.1885521885522	28.555555555555557	0	18	18
3	19	0	395.68387096774194	31.513978494623657	0	19	19
3	20	0	300.8579175704989	32.35140997830803	0	20	20
3	21	0	435.7945205479452	34.78538812785388	0	21	21
3	22	0	90.92798353909465	33.757201646090536	0	22	22
3	23	0	375.321608040201	34.11055276381909	0	23	23
3	24	0	506.72108843537416	27.077097505668934	0	24	24
3	25	0	360.4274028629857	41.306748466257666	0	25	25
3	26	0	500.94736842105266	42.56346749226006	0	26	26
3	27	0	338.51362683438157	39.0293501048218	0	27	27
3	28	0	484.819089900111	36.806881243063266	0	28	28
3	29	1	67.02680798004988	44.18079800498753	0	29	29
3	30	0	321.32460136674257	54.56833712984054	0	30	30
3	31	0	397.164	53.208	0	31	31
3	32	0	453.9211324570273	54.08392315470172	0	32	32
3	33	0	111.10861423220973	48.649812734082396	0	33	33
3	34	0	408.6407766990291	56.640776699029125	0	34	34
3	35	0	28.46183415705656	53.75343218012081	0	35	35
3	36	0	374.5966850828729	57.65745856353591	0	36	36
3	37	0	124.6923076923077	63.17806267806268	0	37	37
3	38	0	288.57081545064375	59.36480686695279	0	38	38
3	39	0	352.922	68.388	0	39	39
3	40	0	425.68786692759295	66.41976516634051	0	40	40
3	41	0	487.8532455315146	69.67826904985888	0	41	41
3	42	0	93.25251509054326	72.59859154929578	0	42	42
3	43	0	240.384778012685	61.911205073995774	0	43	43
3	44	0	231.17961165048544	82.66504854368932	0	44	44
3	45	0	260.2761194029851	80.55756929637526	0	45	45
3	46	0	384.38907849829354	82.63225255972696	0	46	46
3	47	0	327.7631027253669	83.9119496855346	0	47	47
3	48	0	25.409862142099684	90.32926829268293	0	48	48
3	49	0	305.0160349854227	95.1865889212828	0	49	49
3	50	0	470.9374471682164	90.80473372781066	0	50	50
3	51	0	348.64811133200794	97.82007952286283	0	51	51
3	52	0	441.6182519280206	95.0758354755784	0	52	52
3	53	0	211.2802734375	89.5029296875	0	53	53
3	54	0	133.7608695652174	96.65144927536232	0	54	54
3	55	0	173.77614678899081	93.56788990825689	0	55	55
3	56	0	275.50904799370574	106.74586939417782	0	56	56
3	57	0	502.6528239202658	100.46843853820597	0	57	57
3	58	0	392.9473039215686	110.7904411764706	0	58	58
3	59	0	415.93491124260356	100.06311637080867	0	59	59
3	60	0	218.61957868649318	115.4993804213135	0	60	60
3	61	0	102.10035005834305	110.33313885647608	0	61	61
3	62	0	245.22575757575757	113.9121212121212	0	62	62
3	63	0	460.0216049382716	119.92386831275721	0	63	63
3	64	0	337.83155650319827	122.81876332622602	0	64	64
3	65	0	146.0620592383639	127.22566995768689	0	65	65
3	66	0	173.70795795795794	135.37312312312312	0	66	66
3	67	0	429.895154185022	133.72246696035242	0	67	67
3	68	0	33.81152647975078	132.40887850467288	0	68	68
3	69	0	493.7252941176471	137.39235294117648	0	69	69
3	70	0	8.785714285714286	136.94387755102042	0	70	70
3	71	0	70.60116873630388	140.5854638422206	0	71	71
3	72	0	315.36486486486484	140.3976833976834	0	72	72
3	73	0	291.7865470852018	144.47713004484305	0	73	73
3	74	0	369.97972972972974	139.44594594594594	0	74	74
3	75	0	404.6366855524079	149.05878186968837	0	75	75
3	76	0	270.10988251554943	153.06772633033864	0	76	76
3	77	0	222.5210792580101	147.1450252951096	0	77	77
3	78	0	345.92641046606707	156.68029435813574	0	78	78
3	79	0	244.33653846153845	144.29326923076923	0	79	79
3	80	0	470.83737024221455	151.14186851211073	0	80	80
3	81	0	115.12721712538226	154.91009174311927	0	81	81
3	82	0	384.3693009118541	165.4741641337386	0	82	82
3	83	0	138.29970326409494	167.8100890207715	0	83	83
3	84	0	257.3142144638404	175.49501246882792	0	84	84
3	85	0	14.27626050420168	166.83928571428572	0	85	85
3	86	0	181.43099897013388	174.30947476828013	0	86	86
3	87	1	464.99116424116426	172.6891891891892	0	87	87
3	88	1	230.23514211886305	177.53100775193798	0	88	88
3	89	0	53.146909827760894	178.56737588652481	0	89	89
3	90	0	34.86799501867995	191.36363636363637	0	90	90
3	91	0	319.3887323943662	185.3950704225352	0	91	91
3	92	0	374.2920792079208	195.4164603960396	0	92	92
3	93	1	458.9041218637993	198.55017921146953	0	93	93
3	94	0	150.93060200668896	197.16304347826087	0	94	94
3	95	0	96.3558246828143	194.42560553633217	0	95	95
3	96	0	350.42238267148014	202.1468110709988	0	96	96
3	97	1	228.32758620689654	197.7198275862069	0	97	97
3	98	0	501.65388213283444	197.56688493919552	0	98	98
3	99	0	8.398576512455517	200.16014234875445	0	99	99
3	100	0	218.31786339754817	217.50700525394046	0	100	100
3	101	0	408.7089715536105	209.97884755652808	0	101	101
3	102	0	332.53333333333336	221.44166666666666	0	102	102
3	103	0	21.879963065558634	220.62880886426592	0	103	103
3	104	0	162.4830827067669	219.41917293233084	0	104	104
3	105	0	276.07394957983195	210.71848739495798	0	105	105
3	106	0	60.609205020920506	217.58326359832637	0	106	106
3	107	0	305.0190476190476	224.1312925170068	0	107	107
3	108	0	105.58818011257036	223.75234521575985	0	108	108
3	109	0	433.8489535941765	228.10555050045497	0	109	109
3	110	0	459.7445255474453	235.278102189781	0	110	110
3	111	0	486.9884853852967	234.60938883968115	0	111	111
3	112	0	384.276013143483	234.69441401971523	0	112	112
3	113	0	124.73210161662817	237.87413394919167	0	113	113
3	114	0	245.02164948453608	237.9938144329897	0	114	114
3	115	0	271.0094212651413	242.01749663526246	0	115	115
3	116	1	66.67238689547582	244.41029641185648	0	116	116
3	117	0	181.64461994076999	238.31688055281342	0	117	117
3	118	0	215.63387423935092	245.9574036511156	0	118	118
3	119	0	88.20341614906832	245.87422360248448	0	119	119
3	120	0	145.3851030110935	245.6339144215531	0	120	120
3	121	0	49.767253044654936	250.92963464140732	0	121	121
3	122	0	7.044072948328267	253.86322188449847	0	122	122
3	123	0	198.5835380835381	264.9164619164619	0	123	123
3	124	1	413.12040133779266	256.24080267558526	0	124	124
3	125	0	365.42424242424244	255.47558922558923	0	125	125
3	126	0	29.603690685413007	261.24692442882247	0	126	126
3	127	0	103.33333333333333	265.93939393939394	0	127	127
3	128	0	131.06523955147807	271.65443425076455	0	128	128
3	129	0	261.75717610550817	268.7253685027153	0	129	129
3	130	0	390.4875346260388	275.11357340720224	0	130	130
3	131	0	160.41279799247178	267.8971141781681	0	131	131
3	132	0	488.61707523245985	266.0929839391378	0	132	132
3	133	0	178.13184584178498	275.3610547667343	0	133	133
3	134	0	83.84352517985612	273.36870503597123	0	134	134
3	135	0	299.68948482709953	268.985179957657	0	135	135
3	136	0	326.84803493449783	281.3248908296943	0	136	136
3	137	0	471.5642076502732	284.9385245901639	0	137	137
3	138	1	224.95928500496524	282.3078450844091	0	138	138
3	139	0	435.4199475065617	282.48818897637796	0	139	139
3	140	0	33.6413407821229	292.31284916201116	0	140	140
3	141	0	107.28318584070796	290.7367256637168	0	141	141
3	142	0	84.7127659574468	294.8553191489362	0	142	142
3	143	0	63.186356073211314	284.3627287853577	0	143	143
3	144	0	413.0083682008368	294.59553695955367	0	144	144
3	145	0	194.11819021237304	301.2373037857802	0	145	145
3	146	0	490.3492496589359	299.87858117326056	0	146	146
3	147	1	284.84984025559106	300.4078807241747	0	147	147
3	148	0	144.27659574468086	298.87561374795416	0	148	148
3	149	1	251.38162162162163	300.08216216216215	0	149	149
3	150	0	369.6688014638609	299.7785910338518	0	150	150
3	151	1	448.5876010781671	304.97574123989216	0	151	151
3	152	0	507.0235294117647	304.7019607843137	0	152	152
3	153	0	60.350746268656714	307.38432835820896	0	153	153
3	154	0	344.33077765607885	299.02081051478643	0	154	154
3	155	0	225.739663093415	311.7840735068913	0	155	155
3	156	0	168.37962962962962	310.9555555555556	0	156	156
3	157	0	15.79627714581179	304.45398138572904	0	157	157
3	158	0	96.31666666666666	309.33	0	158	158
3	159	0	127.26770929162834	314.1011959521619	0	159	159
3	160	0	411.64505119453923	317.4470989761092	0	160	160
3	161	0	261.16368286445015	323.4040920716113	0	161	161
3	162	0	389.1666666666667	317.5673289183223	0	162	162
3	163	0	459.2465483234714	325.0591715976331	0	163	163
3	164	0	488.839255499154	321.59560067681895	0	164	164
3	165	0	102.08476658476658	326.8181818181818	0	165	165
3	166	0	295.24059139784947	328.7231182795699	0	166	166
3	167	0	314.9969450101833	324.19450101832996	0	167	167
3	168	0	4.093645484949833	325.3444816053512	0	168	168
3	169	0	214.60211267605635	334.3408450704225	0	169	169
3	170	1	342.7198192382182	336.85280826339573	0	170	170
3	171	0	15.475841874084919	338.9765739385066	0	171	171
3	172	0	159.23110151187905	332.9222462203024	0	172	172
3	173	0	64.36263736263736	333.26465201465203	0	173	173
3	174	0	493.9175911251981	339.66244057052296	0	174	174
3	175	0	429.33997343957503	338.4116865869854	0	175	175
3	176	0	36.15325077399381	340.36687306501545	0	176	176
3	177	0	403.373232799246	351.61828463713476	0	177	177
3	178	0	467.77113402061855	343.02886597938146	0	178	178
3	179	0	54.24285714285714	352.5314285714286	0	179	179
3	180	1	137.86144578313252	347.70602409638553	0	180	180
3	181	0	86.79479768786128	349.71387283236993	0	181	181
3	182	0	281.7630480167015	350.68997912317326	0	182	182
3	183	0	450.46962391513983	357.36933461909354	0	183	183
3	184	0	106.87651122625216	361.2262521588946	0	184	184
3	185	0	253.89411764705883	358.14485294117645	0	185	185
3	186	0	172.38897763578274	355.23083067092654	0	186	186
3	187	0	368.26525529265257	356.6077210460772	0	187	187
3	188	0	204.2784935579782	362.3974231912785	0	188	188
3	189	0	23.267482517482517	370.53146853146853	0	189	189
3	190	0	41.43578643578643	373.95238095238096	0	190	190
3	191	0	474.9210053859964	371.20287253141834	0	191	191
3	192	0	497.3690036900369	366.5252152521525	0	192	192
3	193	0	7.329479768786127	371.71290944123314	0	193	193
3	194	0	146.5236593059937	369.87697160883283	0	194	194
3	195	0	294.47171381031615	377.38269550748754	0	195	195
3	196	0	176.92318244170096	385.02743484224965	0	196	196
3	197	0	66.48546042003231	383.31098546042006	0	197	197
3	198	0	231.9202947086403	385.0582719356999	0	198	198
3	199	0	444.34464475079534	381.40615058324494	0	199	199
3	200	0	408.62457722660656	379.6009019165727	0	200	200
3	201	0	129.2343594836147	391.6007944389275	0	201	201
3	202	0	150.38412291933417	395.2548015364917	0	202	202
3	203	0	362.0592734225621	393.1784576163161	0	203	203
3	204	0	201.7447595561036	395.94451294697905	0	204	204
3	205	0	321.1709265175719	393.6821086261981	0	205	205
3	206	0	88.3879716981132	400.0931603773585	0	206	206
3	207	0	107.3649193548387	404.898185483871	0	207	207
3	208	0	480.959807073955	394.363344051447	0	208	208
3	209	0	11.589915966386554	399.45714285714286	0	209	209
3	210	0	267.13822688274547	402.697807435653	0	210	210
3	211	0	438.620166793025	411.17892342683854	0	211	211
3	212	0	506.90954773869345	403.56281407035175	0	212	212
3	213	0	399.38118214716525	410.58082026538	0	213	213
3	214	0	492.6524390243902	412.0528455284553	0	214	214
3	215	0	468.6686046511628	416.67151162790697	0	215	215
3	216	0	51.513966480446925	412.6005586592179	0	216	216
3	217	0	30.680781758957654	414.9554831704669	0	217	217
3	218	0	292.12803738317757	417.60934579439254	0	218	218
3	219	0	6.0874125874125875	422.23776223776224	0	219	219
3	220	0	248.96827411167513	419.1586294416244	0	220	220
3	221	0	164.46360917248256	418.16849451645066	0	221	221
3	222	0	198.11078998073216	423.0279383429672	0	222	222
3	223	0	503.6469298245614	429.7675438596491	0	223	223
3	224	0	331.03290246768506	428.37485311398353	0	224	224
3	225	0	62.421135646687695	438.25867507886437	0	225	225
3	226	0	226.24228250701591	434.377923292797	0	226	226
3	227	0	482.09636363636366	438.39272727272726	0	227	227
3	228	0	85.70679380214541	443.60190703218115	0	228	228
3	229	1	116.47046703296704	441.8557692307692	0	229	229
3	230	0	144.59756097560975	441.9268292682927	0	230	230
3	231	0	304.31548480463096	437.27062228654125	0	231	231
3	232	0	251.6925925925926	443.9092592592593	0	232	232
3	233	0	18.673524150268335	445.43828264758497	0	233	233
3	234	0	366.0921110621419	443.11414720141033	0	234	234
3	235	0	181.244140625	447.359375	0	235	235
3	236	0	339.0806451612903	452.3494623655914	0	236	236
3	237	0	469.0318725099602	452.47808764940237	0	237	237
3	238	0	409.6084778420039	456.9387283236994	0	238	238
3	239	0	498.8265306122449	459.39212827988337	0	239	239
3	240	0	312.3562091503268	461.7538126361656	0	240	240
3	241	0	219.22496749024708	461.2847854356307	0	241	241
3	242	0	277.1050041017227	459.1952420016407	0	242	242
3	243	0	451.51201325600664	464.77133388566693	0	243	243
3	244	0	41.20917135961384	470.65164923572	0	244	244
3	245	0	153.59490740740742	470.7083333333333	0	245	245
3	246	0	9.137450199203187	473.5836653386454	0	246	246
3	247	0	340.0380761523046	479.2324649298597	0	247	247
3	248	0	219.5657546337158	491.1341571050309	0	248	248
3	249	0	194.05693069306932	485.2937293729373	0	249	249
3	250	0	493.71493212669685	483.40158371040724	0	250	250
3	251	0	173.58519793459553	488.4698795180723	0	251	251
3	252	0	305.964200477327	486.4415274463007	0	252	252
3	253	0	91.65743944636678	486.7266435986159	0	253	253
3	254	0	7.369272237196766	497.49865229110515	0	254	254
3	255	0	431.6570996978852	492.0823262839879	0	255	255
3	256	0	27.69242424242424	498.43939393939394	0	256	256
3	257	0	58.34396809571286	496.47258225324026	0	257	257
3	258	0	492.948310139165	501.7733598409543	0	258	258
3	259	0	108.58812615955473	500.4842300556586	0	259	259
3	260	0	150.74012291483757	498.6549604916593	0	260	260
3	261	0	327.1871727748691	501.0418848167539	0	261	261
3	262	0	361.7195945945946	499.4087837837838	0	262	262
3	263	0	389.0409090909091	501.66212121212124	0	263	263
3	264	0	450.9656357388316	504.84192439862545	0	264	264
3	265	0	470.2336842105263	500.49894736842106	0	265	265
