ImageNumber	ObjectNumber	Children_Cells_Count	Children_PLA_Count	Location_Center_X	Location_Center_Y	Location_Center_Z	Number_Object_Number
1	1	1	0	63.483870967741936	3.411290322580645	0	1
1	2	1	1	127.81311475409836	7.111475409836066	0	2
1	3	1	0	156.24932249322492	5.67479674796748	0	3
1	4	1	0	200.34444444444443	5.9148148148148145	0	4
1	5	1	0	250.43975903614458	6.686746987951807	0	5
1	6	1	0	406.57272727272726	2.1454545454545455	0	6
1	7	1	0	327.3325581395349	8.788372093023256	0	7
1	8	1	19	377.27513227513225	10.346560846560847	0	8
1	9	1	0	277.79229122055676	11.580299785867238	0	9
1	10	1	1	49.51672240802676	16.237458193979933	0	10
1	11	1	1	227.20863309352518	20.083932853717027	0	11
1	12	1	0	472.1888111888112	19.755244755244757	0	12
1	13	1	1	163.26268656716417	21.686567164179106	0	13
1	14	1	0	3.0103092783505154	18.74742268041237	0	14
1	15	1	0	408.4100294985251	25.766961651917406	0	15
1	16	1	0	349.89453125	31.3828125	0	16
1	17	1	1	296.657196969697	28.388257575757574	0	17
1	18	1	0	377.88641425389756	40.224944320712694	0	18
1	19	1	0	108.3882618510158	42.02483069977426	0	19
1	20	1	0	73.04782608695652	41.06521739130435	0	20
1	21	1	0	419.1076388888889	43.03819444444444	0	21
1	22	1	0	217.05070422535212	46.07887323943662	0	22
1	23	1	1	193.90024330900243	47.49148418491484	0	23
1	24	1	17	18.974206349206348	50.62103174603175	0	24
1	25	1	0	364.125	52.357142857142854	0	25
1	26	1	0	79.0965909090909	63.93181818181818	0	26
1	27	1	0	273.1578014184397	67.7517730496454	0	27
1	28	1	0	174.046875	67.33854166666667	0	28
1	29	1	1	14.006993006993007	70.7132867132867	0	29
1	30	1	2	49.86078431372549	71.91764705882353	0	30
1	31	1	0	336.43447037701975	72.87073608617594	0	31
1	32	1	1	138.97635933806146	71.44444444444444	0	32
1	33	1	1	242.5909090909091	78.06818181818181	0	33
1	34	1	1	189.00824175824175	80.12637362637362	0	34
1	35	1	0	221.93409742120343	80.48710601719198	0	35
1	36	1	0	160.88951841359773	82.43626062322946	0	36
1	37	1	0	366.59053497942386	85.0843621399177	0	37
1	38	1	0	482.923487544484	80.75266903914591	0	38
1	39	1	0	421.4852071005917	87.96005917159763	0	39
1	40	1	0	455.7037974683544	95.80253164556962	0	40
1	41	1	1	78.26326963906581	92.92356687898089	0	41
1	42	1	0	29.827683615819208	100.37288135593221	0	42
1	43	1	0	119.74825174825175	98.5081585081585	0	43
1	44	1	0	302.87225548902194	101.55888223552894	0	44
1	45	1	1	75.48571428571428	109.60357142857143	0	45
1	46	1	32	12.608778625954198	113.04961832061069	0	46
1	47	1	0	181.400871459695	113.84313725490196	0	47
1	48	1	0	89.36682242990655	117.6355140186916	0	48
1	49	1	0	272.0789946140036	117.19210053859965	0	49
1	50	1	1	350.5134529147982	122.95515695067265	0	50
1	51	1	1	420.3922261484099	124.35689045936395	0	51
1	52	1	1	204.71138211382114	124.1239837398374	0	52
1	53	1	0	468.272	130.16	0	53
1	54	1	0	483.1883408071749	136.85201793721973	0	54
1	55	1	1	321.8982683982684	138.3160173160173	0	55
1	56	1	5	385.8959537572254	140.4450867052023	0	56
1	57	1	1	159.35714285714286	138.19897959183675	0	57
1	58	1	3	56.56818181818182	143.6098484848485	0	58
1	59	1	0	169.94761904761904	145.74285714285713	0	59
1	60	1	0	287.06675392670155	152.52486910994764	0	60
1	61	1	0	16.288732394366196	157.19014084507043	0	61
1	62	1	2	140.98655256723717	152.29706601466992	0	62
1	63	1	0	484.6275659824047	156.60703812316714	0	63
1	64	1	1	364.916179337232	159.40545808966863	0	64
1	65	1	1	456.875	162.58333333333334	0	65
1	66	1	1	91.29857819905213	162.260663507109	0	66
1	67	1	1	106.05496828752642	165.10993657505284	0	67
1	68	1	3	229.89381933438986	164.58161648177497	0	68
1	69	1	0	34.34905660377358	169.70754716981133	0	69
1	70	1	0	420.754	171.18	0	70
1	71	1	0	80.75800711743773	177.6387900355872	0	71
1	72	1	0	196.02923976608187	174.97368421052633	0	72
1	73	1	0	4.890243902439025	182.4268292682927	0	73
1	74	1	1	166.96408839779005	181.92265193370164	0	74
1	75	1	0	60.58644859813084	182.2032710280374	0	75
1	76	1	0	488.70031545741324	191.97160883280756	0	76
1	77	1	0	239.67337807606265	191.81208053691276	0	77
1	78	1	2	334.24449339207047	192.46696035242292	0	78
1	79	1	2	169.42814371257484	197.9251497005988	0	79
1	80	1	1	374.04957264957267	201.74188034188035	0	80
1	81	1	1	263.96881091617934	204.13060428849903	0	81
1	82	1	0	468.31065088757396	202.75147928994082	0	82
1	83	1	4	402.815625	203.8765625	0	83
1	84	1	0	22.77310924369748	208.32100840336133	0	84
1	85	1	0	304.0595744680851	210.84255319148937	0	85
1	86	1	0	6.677261613691932	210.77750611246944	0	86
1	87	1	0	249.24598930481284	218.3903743315508	0	87
1	88	1	0	53.842287694974004	216.64298093587522	0	88
1	89	1	21	140.90704225352113	218.53521126760563	0	89
1	90	1	1	209.2619589977221	222.2346241457859	0	90
1	91	1	1	171.4126984126984	222.92857142857142	0	91
1	92	1	1	451.43570057581576	226.30134357005758	0	92
1	93	1	0	271.40909090909093	232.1098484848485	0	93
1	94	1	0	469.44300518134713	231.27461139896374	0	94
1	95	1	1	106.72093023255815	231.30749354005167	0	95
1	96	1	2	158.8288043478261	235.0516304347826	0	96
1	97	1	0	136.18731117824774	239.66767371601208	0	97
1	98	1	2	75.62	238.1325	0	98
1	99	1	0	177.81770833333334	238.85416666666666	0	99
1	100	1	1	294.7069486404834	245.73413897280966	0	100
1	101	1	1	339.66075949367087	245.70126582278482	0	101
1	102	1	1	190.12396694214877	250.9944903581267	0	102
1	103	1	0	214.3783783783784	253.002457002457	0	103
1	104	1	0	373.02950819672134	252.2377049180328	0	104
1	105	1	0	55.11055276381909	258.16582914572865	0	105
1	106	1	0	499.90813648293965	266.18635170603676	0	106
1	107	1	0	442.71875	266.7867647058824	0	107
1	108	1	32	175.87868852459016	269.9016393442623	0	108
1	109	1	0	85.6682808716707	272.1670702179177	0	109
1	110	1	0	343.0865800865801	272.66883116883116	0	110
1	111	1	0	125.54065040650407	272.1321138211382	0	111
1	112	1	0	104.04103671706264	275.76889848812095	0	112
1	113	1	2	28.746268656716417	278.19651741293535	0	113
1	114	1	0	231.6468330134357	281.36660268714013	0	114
1	115	1	0	369.50493096646943	279.7573964497041	0	115
1	116	1	3	163.15	285.725	0	116
1	117	1	0	254.15384615384616	284.54907161803715	0	117
1	118	1	1	392.8447488584475	293.46118721461187	0	118
1	119	1	0	68.19953051643192	295.8380281690141	0	119
1	120	1	1	142.04918032786884	302.2950819672131	0	120
1	121	1	0	472.6269035532995	300.61167512690355	0	121
1	122	1	1	209.54	306.0875	0	122
1	123	1	1	12.160839160839162	309.1771561771562	0	123
1	124	1	0	241.19753086419752	308.41975308641975	0	124
1	125	1	0	257.64383561643837	312.2191780821918	0	125
1	126	1	2	287.29289940828403	318.2189349112426	0	126
1	127	1	4	123.85406698564593	315.4162679425837	0	127
1	128	1	4	178.8062893081761	311.7496855345912	0	128
1	129	1	0	339.07423580786025	314.5043668122271	0	129
1	130	1	0	36.71529411764706	319.3341176470588	0	130
1	131	1	0	465.90625	320.37152777777777	0	131
1	132	1	0	249.92207792207793	320.461038961039	0	132
1	133	1	0	372.7654028436019	329.24881516587675	0	133
1	134	1	15	102.61764705882354	332.2878151260504	0	134
1	135	1	0	493.57004830917873	331.6280193236715	0	135
1	136	1	0	178.50263157894736	336.0315789473684	0	136
1	137	1	3	73.60253164556963	337.1341772151899	0	137
1	138	1	1	248.46682464454977	343.4265402843602	0	138
1	139	1	0	222.7741273100616	347.07392197125256	0	139
1	140	1	0	383.60074626865674	349.9365671641791	0	140
1	141	1	0	268.87631578947367	354.5815789473684	0	141
1	142	1	0	89.0130293159609	356.4299674267101	0	142
1	143	1	0	4.734939759036145	359.6807228915663	0	143
1	144	1	0	429.48936170212767	362.5200945626477	0	144
1	145	1	2	393.02777777777777	364.2425925925926	0	145
1	146	1	0	81.47872340425532	368.43971631205676	0	146
1	147	1	0	148.18961038961038	368.74545454545455	0	147
1	148	1	0	59.45790554414784	370.82956878850104	0	148
1	149	1	0	42.30259365994236	370.53314121037465	0	149
1	150	1	3	30.76063829787234	375.25	0	150
1	151	1	0	125.43044619422572	375.98950131233596	0	151
1	152	1	0	244.05405405405406	373.89414414414415	0	152
1	153	1	0	168.53633720930233	374.1889534883721	0	153
1	154	1	0	472.1526717557252	379.0496183206107	0	154
1	155	1	1	28.121739130434783	383.55652173913046	0	155
1	156	1	0	302.5054151624549	382.81227436823104	0	156
1	157	1	0	341.05720338983053	382.8008474576271	0	157
1	158	1	0	77.49853372434018	387.5190615835777	0	158
1	159	1	0	15.462962962962964	390.14074074074074	0	159
1	160	1	0	113.37823834196891	391.2901554404145	0	160
1	161	1	0	154.18475750577366	397.0392609699769	0	161
1	162	1	0	301.63138686131384	403.81021897810217	0	162
1	163	1	1	249.435	407.4175	0	163
1	164	1	2	179.51818181818183	409.0030303030303	0	164
1	165	1	0	145.82315112540192	415.6848874598071	0	165
1	166	1	24	76.52416356877323	421.7453531598513	0	166
1	167	1	0	376.72320217096336	422.078697421981	0	167
1	168	1	0	267.3375	427.0125	0	168
1	169	1	1	204.99697885196375	426.59818731117826	0	169
1	170	1	1	290.72124756335285	431.99415204678365	0	170
1	171	1	2	194.52225519287833	437.9792284866469	0	171
1	172	1	0	178.78680203045684	434.83502538071065	0	172
1	173	1	15	113.71890971039183	442.30494037478707	0	173
1	174	1	0	243.5718954248366	442.61764705882354	0	174
1	175	1	0	50.98809523809524	443.41964285714283	0	175
1	176	1	0	271.2735042735043	443.0683760683761	0	176
1	177	1	2	154.0307328605201	445.25768321513004	0	177
1	178	1	0	5.9300411522633745	456.51851851851853	0	178
1	179	1	0	35.503921568627455	455.65294117647056	0	179
1	180	1	8	226.26119402985074	455.43532338308455	0	180
1	181	1	0	416.4209748892171	455.4992614475628	0	181
1	182	1	11	147.06484641638227	460.1160409556314	0	182
1	183	1	0	359.4977477477477	458.2027027027027	0	183
1	184	1	0	318.81802721088434	461.23639455782313	0	184
1	185	1	0	19.532299741602067	466.1653746770026	0	185
1	186	1	2	224.95901639344262	470.84016393442624	0	186
1	187	1	0	122.16764705882353	468.91764705882355	0	187
1	188	1	0	101.96733668341709	470.81909547738695	0	188
1	189	1	0	75.65439093484419	472.4390934844193	0	189
1	190	1	0	240.09504132231405	478.82851239669424	0	190
1	191	1	0	26.5	484.95887445887445	0	191
1	192	1	0	182.72058823529412	485.79901960784315	0	192
1	193	1	0	369.82456140350877	490.60818713450294	0	193
1	194	1	0	207.4934210526316	494.5855263157895	0	194
1	195	1	0	114.90314769975787	494.0944309927361	0	195
1	196	1	0	12.714285714285714	497.3664596273292	0	196
1	197	1	0	282.0042735042735	500.1559829059829	0	197
1	198	1	0	383.46753246753246	505.3939393939394	0	198
1	199	1	0	18.1864406779661	507.61581920903956	0	199
1	200	1	0	132.56599552572706	503.6420581655481	0	200
1	201	1	0	219.92857142857142	509.4183673469388	0	201
1	202	1	0	316.19444444444446	502.3425925925926	0	202
1	203	1	0	342.05982905982904	507.94017094017096	0	203
2	1	1	0	4.191256830601093	8.475409836065573	0	1
2	2	1	0	89.35746606334841	4.090497737556561	0	2
2	3	1	0	216.26388888888889	7.875	0	3
2	4	1	0	240.14285714285714	4.826530612244898	0	4
2	5	1	0	417.78632478632477	3.8034188034188032	0	5
2	6	1	0	435.83252427184465	8.28640776699029	0	6
2	7	1	0	47.79953917050691	9.264976958525345	0	7
2	8	1	0	281.5054347826087	16.932971014492754	0	8
2	9	1	0	463.15706806282725	21.094240837696336	0	9
2	10	1	0	182.93010752688173	22.155913978494624	0	10
2	11	1	0	103.73713235294117	27.735294117647058	0	11
2	12	1	0	133.0654911838791	28.438287153652393	0	12
2	13	1	2	232.70857142857142	28.268571428571427	0	13
2	14	1	0	449.2025316455696	31.0126582278481	0	14
2	15	1	1	156.728125	36.5	0	15
2	16	1	0	32.374517374517374	38.78185328185328	0	16
2	17	1	0	497.10504201680675	42.40966386554622	0	17
2	18	1	1	263.3606557377049	48.01092896174863	0	18
2	19	1	0	112.94475138121547	48.187845303867405	0	19
2	20	1	0	436.13019891500903	48.292947558770344	0	20
2	21	1	0	175.6466346153846	48.87019230769231	0	21
2	22	1	0	102.43478260869566	60.40217391304348	0	22
2	23	1	0	198.5	64.66473988439306	0	23
2	24	1	1	20.99089253187614	65.85974499089254	0	24
2	25	1	0	69.7218649517685	65.03697749196141	0	25
2	26	1	2	259.8484210526316	79.87789473684211	0	26
2	27	1	0	339.082304526749	78.93621399176955	0	27
2	28	1	0	104.61631944444444	81.19618055555556	0	28
2	29	1	0	143.57544757033247	83.10997442455243	0	29
2	30	1	0	176.85666666666665	82.66	0	30
2	31	1	1	401.2525773195876	87.22680412371135	0	31
2	32	1	0	228.63863636363635	86.42045454545455	0	32
2	33	1	1	73.97597597597597	91.65165165165165	0	33
2	34	1	30	424.5987261146497	101.05254777070064	0	34
2	35	1	0	176.87616099071207	102.41795665634675	0	35
2	36	1	0	320.03105590062114	107.54037267080746	0	36
2	37	1	0	383.6216216216216	102.80922098569157	0	37
2	38	1	25	8.40072202166065	109.20938628158845	0	38
2	39	1	38	266.36893203883494	106.42071197411003	0	39
2	40	1	0	27.537634408602152	109.01881720430107	0	40
2	41	1	0	244.72058823529412	115.28676470588235	0	41
2	42	1	11	3.595419847328244	124.69465648854961	0	42
2	43	1	1	126.25555555555556	123.36296296296297	0	43
2	44	1	0	67.66893424036282	130.00680272108843	0	44
2	45	1	0	294.9541595925297	128.2835314091681	0	45
2	46	1	0	252.0895061728395	130.59259259259258	0	46
2	47	1	0	350.0099573257468	136.4637268847795	0	47
2	48	1	0	224.54117647058823	140.84411764705882	0	48
2	49	1	0	202.51038575667656	141.7774480712166	0	49
2	50	1	1	23.83617747440273	142.0273037542662	0	50
2	51	1	4	41.82420749279539	149.22766570605188	0	51
2	52	1	0	95.78947368421052	146.45488721804512	0	52
2	53	1	0	148.97307692307692	157.46923076923076	0	53
2	54	1	2	181.73095623987035	159.7941653160454	0	54
2	55	1	0	267.7250996015936	157.76494023904382	0	55
2	56	1	0	322.7795454545454	160.09318181818182	0	56
2	57	1	0	74.54838709677419	161.60703812316714	0	57
2	58	1	1	247.09961685823754	165.9655172413793	0	58
2	59	1	0	19.35857461024499	164.17149220489978	0	59
2	60	1	0	48.04587155963303	169.1559633027523	0	60
2	61	1	0	162.18707482993196	174.4047619047619	0	61
2	62	1	0	226.5982905982906	174.89743589743588	0	62
2	63	1	1	262.3885714285714	177.13142857142856	0	63
2	64	1	0	127.57913669064749	179.01438848920864	0	64
2	65	1	1	366.02492211838006	187.80996884735202	0	65
2	66	1	0	384.11052631578946	197.53684210526316	0	66
2	67	1	1	335.9377593360996	197.95435684647302	0	67
2	68	1	0	43.903342366757	196.95844625112917	0	68
2	69	1	2	226.05405405405406	197.18693693693695	0	69
2	70	1	0	14.365313653136532	200.3210332103321	0	70
2	71	1	1	82.07878787878788	199.7	0	71
2	72	1	25	188.0192926045016	201.23472668810288	0	72
2	73	1	15	207.44736842105263	201.08333333333334	0	73
2	74	1	3	146.57464788732395	201.6	0	74
2	75	1	0	318.775956284153	201.3551912568306	0	75
2	76	1	2	244.98060344827587	214.79094827586206	0	76
2	77	1	0	72.03181818181818	220.6409090909091	0	77
2	78	1	1	160.02243589743588	221.99358974358975	0	78
2	79	1	0	3.52	225.475	0	79
2	80	1	1	366.5429234338747	225.08816705336426	0	80
2	81	1	0	30.237037037037037	223.9925925925926	0	81
2	82	1	0	434.7317073170732	228.630081300813	0	82
2	83	1	7	106.3625	229.2888888888889	0	83
2	84	1	0	483.9424460431655	235.15107913669064	0	84
2	85	1	1	36.75909090909091	235.21818181818182	0	85
2	86	1	1	196.55434782608697	235.40579710144928	0	86
2	87	1	0	412.3693379790941	236.39721254355402	0	87
2	88	1	0	464.36	241.81142857142856	0	88
2	89	1	3	448.73037542662115	246.23549488054607	0	89
2	90	1	1	352.966573816156	246.83565459610028	0	90
2	91	1	0	243.03418803418805	245.0811965811966	0	91
2	92	1	3	51.63986013986014	249.3951048951049	0	92
2	93	1	1	291.6997455470738	253.05089058524172	0	93
2	94	1	0	504.02508960573476	255.31182795698925	0	94
2	95	1	28	105.51969981238274	255.20262664165102	0	95
2	96	1	38	31.055	259.0475	0	96
2	97	1	1	375.0112781954887	259.6616541353383	0	97
2	98	1	0	80.8170731707317	264.4146341463415	0	98
2	99	1	0	59.80368098159509	268.65644171779144	0	99
2	100	1	0	398.10903426791276	265.02803738317755	0	100
2	101	1	3	219.06783369803063	270.48140043763675	0	101
2	102	1	0	165.54922279792746	266.92487046632124	0	102
2	103	1	0	435.6125	270.75357142857143	0	103
2	104	1	13	130.58258928571428	272.09598214285717	0	104
2	105	1	0	335.9100529100529	274.74867724867727	0	105
2	106	1	1	180.9618320610687	275.91348600508906	0	106
2	107	1	0	281.3353293413174	278.33233532934133	0	107
2	108	1	0	377.6101694915254	279.0433145009416	0	108
2	109	1	1	8.621342512908779	279.8726333907057	0	109
2	110	1	1	99.85516372795969	280.70906801007555	0	110
2	111	1	0	77.01149425287356	285.1111111111111	0	111
2	112	1	5	151.79399585921325	290.83850931677017	0	112
2	113	1	0	269.396265560166	295.798755186722	0	113
2	114	1	1	241.0761421319797	303.39340101522845	0	114
2	115	1	0	498.5	308.6625	0	115
2	116	1	0	400.8953722334004	308.5774647887324	0	116
2	117	1	0	426.8888888888889	309.3174603174603	0	117
2	118	1	0	455.4873949579832	309.6806722689076	0	118
2	119	1	5	286.9616368286445	314.9079283887468	0	119
2	120	1	0	330.0285714285714	316.4337662337662	0	120
2	121	1	0	217.50539956803456	318.6803455723542	0	121
2	122	1	3	60.29938900203666	318.44195519348267	0	122
2	123	1	1	28.149350649350648	324.26623376623377	0	123
2	124	1	0	432.5080459770115	329.0597701149425	0	124
2	125	1	19	366.6622516556291	324.1788079470199	0	125
2	126	1	2	190.7738791423002	326.5711500974659	0	126
2	127	1	1	250.74471299093656	328.2522658610272	0	127
2	128	1	1	97.69554455445545	328.2227722772277	0	128
2	129	1	1	491.2382671480144	327.47292418772565	0	129
2	130	1	0	408.25783972125436	326.4320557491289	0	130
2	131	1	0	275.47169811320754	331.5919811320755	0	131
2	132	1	0	6.890151515151516	334.70075757575756	0	132
2	133	1	0	348.3824175824176	338.93186813186816	0	133
2	134	1	1	390.3269754768392	335.46866485013624	0	134
2	135	1	1	134.90021231422506	343.04458598726114	0	135
2	136	1	0	501.43356643356645	355.53846153846155	0	136
2	137	1	0	95.87153652392946	356.6926952141058	0	137
2	138	1	0	148.30383480825958	357.3480825958702	0	138
2	139	1	0	77.79478827361564	360.5081433224756	0	139
2	140	1	4	437.72910662824205	355.5936599423631	0	140
2	141	1	0	9.298947368421052	360.65473684210525	0	141
2	142	1	0	27.241610738255034	364.2013422818792	0	142
2	143	1	0	52.301587301587304	363.58730158730157	0	143
2	144	1	0	212.93822393822393	365.56370656370655	0	144
2	145	1	3	432.9933222036728	377.42570951585975	0	145
2	146	1	2	154.18410852713177	378.75581395348837	0	146
2	147	1	4	285.7570093457944	378.04587935429055	0	147
2	148	1	23	460.3434650455927	380.85410334346506	0	148
2	149	1	1	39.00934579439252	380.53582554517135	0	149
2	150	1	0	219.5761421319797	382.21319796954316	0	150
2	151	1	0	498.00216919739694	383.9566160520607	0	151
2	152	1	0	378.8491921005386	387.5439856373429	0	152
2	153	1	0	253.73157894736843	391.4184210526316	0	153
2	154	1	0	479.9491525423729	394.3135593220339	0	154
2	155	1	0	58.768	391.6	0	155
2	156	1	0	81.3731343283582	396.45522388059703	0	156
2	157	1	3	336.8819762122598	398.1097895699908	0	157
2	158	1	0	117.9795918367347	399.02267573696145	0	158
2	159	1	2	229.80528846153845	399.75961538461536	0	159
2	160	1	0	298.0084388185654	400.9324894514768	0	160
2	161	1	1	33.5984555984556	405.4111969111969	0	161
2	162	1	0	441.11270125223615	412.9767441860465	0	162
2	163	1	0	503.73066666666665	425.65866666666665	0	163
2	164	1	2	179.69032258064516	423.9268817204301	0	164
2	165	1	0	64.9877300613497	427.4141104294479	0	165
2	166	1	0	9.570512820512821	431.97435897435895	0	166
2	167	1	0	167.98757763975155	436.8975155279503	0	167
2	168	1	1	384.8355828220859	436.41104294478527	0	168
2	169	1	6	98.71627906976744	435.5813953488372	0	169
2	170	1	49	333.5508806262231	434.1976516634051	0	170
2	171	1	0	132.7093023255814	446.74418604651163	0	171
2	172	1	0	25.332506203473944	450.7593052109181	0	172
2	173	1	32	467.8993710691824	446.62735849056605	0	173
2	174	1	0	78.40666666666667	462.0966666666667	0	174
2	175	1	0	451.76458333333335	471.9458333333333	0	175
2	176	1	2	339.8757225433526	471.14161849710985	0	176
2	177	1	0	118.24324324324324	472.8828828828829	0	177
2	178	1	27	294.32101167315176	474.6828793774319	0	178
2	179	1	0	503.67295597484275	473.8301886792453	0	179
2	180	1	0	178.36170212765958	487.1843971631206	0	180
2	181	1	0	24.68421052631579	487.07085020242914	0	181
2	182	1	0	80.70075757575758	487.4810606060606	0	182
2	183	1	0	47.692477876106196	490.86504424778764	0	183
2	184	1	0	141.78925619834712	491.1115702479339	0	184
2	185	1	0	9.26984126984127	491.32142857142856	0	185
2	186	1	0	327.10578512396694	492.6694214876033	0	186
2	187	1	0	468.31060606060606	494.7651515151515	0	187
2	188	1	0	2.625	500.3333333333333	0	188
2	189	1	0	112.41269841269842	502.25079365079364	0	189
2	190	1	0	508.55882352941177	502.5980392156863	0	190
2	191	1	0	399.01769911504425	501.37168141592923	0	191
2	192	1	0	64.18617021276596	505.73936170212767	0	192
2	193	1	1	423.4347826086956	503.7572463768116	0	193
2	194	1	1	480.45454545454544	507.79545454545456	0	194
3	1	1	0	226.4017094017094	3.2564102564102564	0	1
3	2	1	0	273.5962441314554	4.788732394366197	0	2
3	3	1	0	455.9628252788104	5.156133828996283	0	3
3	4	1	0	294.74353876739565	9.829025844930417	0	4
3	5	1	0	94.0725806451613	8.650537634408602	0	5
3	6	1	0	420.61315789473684	20.157894736842106	0	6
3	7	1	0	508.92783505154637	20.721649484536083	0	7
3	8	1	14	115.63270777479893	24.19034852546917	0	8
3	9	1	0	368.4089147286822	26.552325581395348	0	9
3	10	1	0	257.37010676156586	29.16370106761566	0	10
3	11	1	0	199.0700808625337	29.51212938005391	0	11
3	12	1	0	305.44954128440367	34.67584097859327	0	12
3	13	1	0	189.14157303370786	43.26741573033708	0	13
3	14	1	0	496.5112359550562	38.83426966292135	0	14
3	15	1	0	41.34842249657064	41.27297668038409	0	15
3	16	1	0	236.4078014184397	40.290780141843975	0	16
3	17	1	22	451.0032840722496	42.80623973727422	0	17
3	18	1	0	264.7844611528822	49.15538847117794	0	18
3	19	1	0	320.55313351498637	48.93460490463215	0	19
3	20	1	0	163.8136645962733	53.507246376811594	0	20
3	21	1	0	213.3684210526316	52.01857585139319	0	21
3	22	1	0	395.1577287066246	55.094637223974765	0	22
3	23	1	0	233.88990825688074	62.97859327217125	0	23
3	24	1	0	259.59154929577466	63.436619718309856	0	24
3	25	1	0	85.41012658227848	65.2506329113924	0	25
3	26	1	0	355.1203703703704	69.24074074074075	0	26
3	27	1	0	401.0459183673469	71.2295918367347	0	27
3	28	1	0	505.3849372384937	71.82845188284519	0	28
3	29	1	0	261.74620390455533	78.34273318872017	0	29
3	30	1	0	163.31788079470198	77.01103752759381	0	30
3	31	1	0	180.2905027932961	75.26256983240224	0	31
3	32	1	0	202.00387596899225	77.3875968992248	0	32
3	33	1	0	443.991103202847	78.29537366548043	0	33
3	34	1	0	217.75174013921114	80.44083526682135	0	34
3	35	1	0	310.89325842696627	87.48314606741573	0	35
3	36	1	0	69.3083109919571	88.86595174262735	0	36
3	37	1	0	194.52519893899205	94.54907161803713	0	37
3	38	1	0	358.7624633431085	94.71847507331378	0	38
3	39	1	0	168.0820895522388	94.0223880597015	0	39
3	40	1	0	151.1715481171548	105.66108786610879	0	40
3	41	1	0	237.2926267281106	107.5552995391705	0	41
3	42	1	0	387.0595238095238	106.98333333333333	0	42
3	43	1	0	427.85677749360616	109.0076726342711	0	43
3	44	1	0	51.16546762589928	106.44424460431655	0	44
3	45	1	0	472.2846347607053	110.7984886649874	0	45
3	46	1	0	326.90291262135923	110.48058252427184	0	46
3	47	1	0	283.5994897959184	113.59438775510205	0	47
3	48	1	0	171.9895287958115	112.48167539267016	0	48
3	49	1	0	411.53668763102723	116.15932914046121	0	49
3	50	1	0	160.8859649122807	121.31286549707602	0	50
3	51	1	0	363.4732142857143	120.4077380952381	0	51
3	52	1	0	125.48125	128.478125	0	52
3	53	1	0	149.8	133.38571428571427	0	53
3	54	1	0	310.2390572390572	133.4747474747475	0	54
3	55	1	0	240.90395480225988	140.9915254237288	0	55
3	56	1	0	341.1384248210024	141.62291169451075	0	56
3	57	1	0	199.42404006677796	142.90317195325542	0	57
3	58	1	0	295.6812749003984	148.0796812749004	0	58
3	59	1	1	107.22625698324022	153.6759776536313	0	59
3	60	1	0	317.61299435028246	155.82203389830508	0	60
3	61	1	0	452.6625	159.48125	0	61
3	62	1	0	183.2448132780083	163.98340248962654	0	62
3	63	1	0	374.24817518248176	161.4014598540146	0	63
3	64	1	0	395.6528735632184	164.10114942528736	0	64
3	65	1	0	307.5847619047619	171.3695238095238	0	65
3	66	1	0	432.32119914346896	170.31049250535332	0	66
3	67	1	0	354.77386934673365	173.41959798994975	0	67
3	68	1	0	334.96264367816093	176.06034482758622	0	68
3	69	1	0	136.8780487804878	177.484756097561	0	69
3	70	1	0	458.90157480314963	181.83661417322836	0	70
3	71	1	0	26.183574879227052	181.91545893719805	0	71
3	72	1	0	161.37792642140468	186.05351170568562	0	72
3	73	1	0	132.05742574257425	194.75247524752476	0	73
3	74	1	0	362.65738161559887	190.6350974930362	0	74
3	75	1	0	41.67333333333333	192.77666666666667	0	75
3	76	1	0	114.57004830917874	195.6231884057971	0	76
3	77	1	0	396.3649635036496	198.73357664233578	0	77
3	78	1	0	359.2664233576642	205.8102189781022	0	78
3	79	1	1	425.01234567901236	204.79423868312756	0	79
3	80	1	0	501.0	209.9727626459144	0	80
3	81	1	0	207.10064935064935	211.21753246753246	0	81
3	82	1	0	89.52058823529411	219.60294117647058	0	82
3	83	1	3	115.26182965299685	221.82649842271294	0	83
3	84	1	0	493.337037037037	226.25555555555556	0	84
3	85	1	0	444.03050847457627	230.0271186440678	0	85
3	86	1	0	370.97460317460315	231.62539682539682	0	86
3	87	1	0	471.5311203319502	232.81535269709545	0	87
3	88	1	0	153.11182108626198	235.6038338658147	0	88
3	89	1	0	421.1798561151079	233.36450839328538	0	89
3	90	1	0	6.3452768729641695	237.2345276872964	0	90
3	91	1	0	305.81074168797954	238.80306905370844	0	91
3	92	1	0	355.993031358885	238.46689895470382	0	92
3	93	1	0	171.83596214511041	248.92429022082018	0	93
3	94	1	1	236.7208814270724	249.3934942287513	0	94
3	95	1	0	92.40310077519379	253.52713178294573	0	95
3	96	1	0	130.5105105105105	255.24624624624624	0	96
3	97	1	11	4.336134453781512	259.2268907563025	0	97
3	98	1	0	385.04260089686096	268.19058295964123	0	98
3	99	1	0	449.36783733826246	270.3419593345656	0	99
3	100	1	1	328.7525	277.16	0	100
3	101	1	0	500.4630225080386	274.8135048231511	0	101
3	102	1	0	29.995475113122172	270.40723981900453	0	102
3	103	1	0	474.5530546623794	278.475884244373	0	103
3	104	1	0	194.9805194805195	277.1525974025974	0	104
3	105	1	0	4.631147540983607	282.9754098360656	0	105
3	106	1	0	32.16153846153846	283.94615384615383	0	106
3	107	1	0	358.7750410509031	286.83415435139574	0	107
3	108	1	26	292.7832167832168	286.46853146853147	0	108
3	109	1	0	176.16932907348243	292.814696485623	0	109
3	110	1	0	100.5962962962963	292.95185185185187	0	110
3	111	1	1	151.02724795640327	291.6866485013624	0	111
3	112	1	1	220.01103752759383	297.0971302428256	0	112
3	113	1	0	467.60960334029227	300.92066805845513	0	113
3	114	1	1	262.34586466165416	303.7518796992481	0	114
3	115	1	0	505.37810945273634	301.8358208955224	0	115
3	116	1	0	402.84844384303113	307.595399188092	0	116
3	117	1	0	54.38509316770186	308.944099378882	0	117
3	118	1	0	115.90697674418605	308.7267441860465	0	118
3	119	1	0	7.799307958477509	311.02768166089965	0	119
3	120	1	0	150.99204771371768	312.91053677932405	0	120
3	121	1	0	90.16610169491526	315.22033898305085	0	121
3	122	1	1	332.46720214190094	315.0053547523427	0	122
3	123	1	1	235.32658227848103	317.6227848101266	0	123
3	124	1	0	427.26785714285717	318.04761904761904	0	124
3	125	1	46	280.63380281690144	319.13302034428796	0	125
3	126	1	0	367.07766990291265	321.0849514563107	0	126
3	127	1	0	134.73	320.93666666666667	0	127
3	128	1	0	451.9593495934959	323.8292682926829	0	128
3	129	1	0	505.48214285714283	322.3080357142857	0	129
3	130	1	0	67.09655172413792	327.20344827586206	0	130
3	131	1	0	164.39636363636365	342.29818181818183	0	131
3	132	1	0	306.5065359477124	333.3496732026144	0	132
3	133	1	0	475.22398589065256	340.55026455026456	0	133
3	134	1	0	185.45197740112994	349.81073446327684	0	134
3	135	1	0	233.35223880597016	353.90746268656716	0	135
3	136	1	2	278.46153846153845	354.5	0	136
3	137	1	0	318.22543352601156	356.6936416184971	0	137
3	138	1	0	88.86976744186046	359.2348837209302	0	138
3	139	1	0	412.0270880361174	358.9977426636569	0	139
3	140	1	0	111.47546012269939	355.83895705521473	0	140
3	141	1	0	496.2877492877493	367.5042735042735	0	141
3	142	1	0	216.93103448275863	367.3816091954023	0	142
3	143	1	0	374.15064935064936	372.22597402597404	0	143
3	144	1	0	468.0945945945946	372.9864864864865	0	144
3	145	1	1	173.29222011385198	378.3643263757116	0	145
3	146	1	0	334.6480263157895	379.0263157894737	0	146
3	147	1	0	405.3344155844156	387.82142857142856	0	147
3	148	1	0	381.77557755775575	389.0990099009901	0	148
3	149	1	0	509.0	390.3614457831325	0	149
3	150	1	0	255.04237288135593	390.52542372881356	0	150
3	151	1	0	441.38235294117646	393.11764705882354	0	151
3	152	1	0	453.07092198581563	394.5531914893617	0	152
3	153	1	11	198.29380053908355	397.4339622641509	0	153
3	154	1	0	294.16321243523316	399.24093264248705	0	154
3	155	1	4	219.95404814004377	402.6214442013129	0	155
3	156	1	10	147.38677354709418	402.93987975951904	0	156
3	157	1	0	347.5531496062992	412.5807086614173	0	157
3	158	1	0	483.21374045801525	414.29007633587787	0	158
3	159	1	0	450.527446300716	419.13484486873506	0	159
3	160	1	0	424.73777777777775	422.53333333333336	0	160
3	161	1	32	262.6623931623932	425.8814102564103	0	161
3	162	1	0	384.3156146179402	429.1162790697674	0	162
3	163	1	0	475.67452830188677	425.438679245283	0	163
3	164	1	1	297.3269230769231	431.46346153846156	0	164
3	165	1	0	319.7991169977925	432.2295805739514	0	165
3	166	1	0	421.98434004474274	438.4675615212528	0	166
3	167	1	0	220.48217317487266	436.2988115449915	0	167
3	168	1	0	489.23946784922396	436.1352549889135	0	168
3	169	1	0	194.19858156028369	442.13120567375887	0	169
3	170	1	0	206.42465753424656	451.10502283105023	0	170
3	171	1	15	349.7979002624672	445.63254593175856	0	171
3	172	1	0	26.542857142857144	450.33142857142855	0	172
3	173	1	2	244.2216216216216	452.0612612612613	0	173
3	174	1	0	93.275	450.26	0	174
3	175	1	0	394.6666666666667	454.3985507246377	0	175
3	176	1	0	176.64125560538116	455.68161434977577	0	176
3	177	1	0	411.411320754717	456.87924528301886	0	177
3	178	1	0	493.94054054054055	457.07027027027027	0	178
3	179	1	0	88.6198347107438	461.9504132231405	0	179
3	180	1	0	373.8181818181818	465.07007575757575	0	180
3	181	1	0	62.7703125	469.1140625	0	181
3	182	1	0	505.0	470.1711711711712	0	182
3	183	1	1	279.4774590163934	467.52868852459017	0	183
3	184	1	0	160.27927927927928	471.01801801801804	0	184
3	185	1	0	402.1826923076923	476.90384615384613	0	185
3	186	1	0	429.59923664122135	476.69083969465646	0	186
3	187	1	0	466.8467966573816	484.03621169916437	0	187
3	188	1	1	186.6888888888889	485.4222222222222	0	188
3	189	1	0	409.4957264957265	487.5982905982906	0	189
3	190	1	0	96.46262626262626	491.8949494949495	0	190
3	191	1	0	175.6060606060606	492.1471861471861	0	191
3	192	1	0	347.20843672456573	492.98511166253104	0	192
3	193	1	0	241.22898550724636	496.4028985507246	0	193
3	194	1	0	301.1114551083591	498.91021671826627	0	194
3	195	1	0	261.7594501718213	499.03092783505156	0	195
3	196	1	0	130.59354838709677	501.3784946236559	0	196
3	197	1	0	427.59316770186336	503.04037267080747	0	197
3	198	1	11	280.88314606741574	502.48539325842694	0	198
3	199	1	0	330.07236842105266	505.6118421052632	0	199
3	200	1	0	183.26497695852535	504.9400921658986	0	200
4	1	1	1	6.336917562724015	8.949820788530467	0	1
4	2	1	0	53.95652173913044	5.1404682274247495	0	2
4	3	1	0	175.0612244897959	2.4591836734693877	0	3
4	4	1	0	197.53191489361703	4.3936170212765955	0	4
4	5	1	0	292.17391304347825	1.6630434782608696	0	5
4	6	1	0	325.6193181818182	4.005681818181818	0	6
4	7	1	0	349.2112676056338	4.46830985915493	0	7
4	8	1	0	382.04379562043795	2.9051094890510947	0	8
4	9	1	1	466.22669491525426	6.783898305084746	0	9
4	10	1	0	416.64021164021165	6.291005291005291	0	10
4	11	1	0	406.2266112266112	17.887733887733887	0	11
4	12	1	1	34.860952380952384	13.401904761904762	0	12
4	13	1	0	271.27027027027026	18.469594594594593	0	13
4	14	1	0	80.63779527559055	20.771653543307085	0	14
4	15	1	0	254.53634085213034	22.586466165413533	0	15
4	16	1	0	308.7024291497976	23.19838056680162	0	16
4	17	1	0	449.8324324324324	25.2	0	17
4	18	1	0	503.4311594202899	27.3768115942029	0	18
4	19	1	4	188.17391304347825	28.839130434782607	0	19
4	20	1	0	148.84556962025317	30.640506329113926	0	20
4	21	1	0	5.7514450867052025	38.56936416184971	0	21
4	22	1	0	97.85011709601874	38.84543325526932	0	22
4	23	1	0	437.663082437276	36.97491039426523	0	23
4	24	1	0	245.98540145985402	38.934306569343065	0	24
4	25	1	0	121.17210144927536	37.38768115942029	0	25
4	26	1	0	26.663594470046082	38.97235023041475	0	26
4	27	1	0	410.5506172839506	37.355555555555554	0	27
4	28	1	0	220.97577092511014	45.79955947136564	0	28
4	29	1	18	195.23389021479713	49.23866348448687	0	29
4	30	1	0	470.74891774891773	48.95021645021645	0	30
4	31	1	0	314.83561643835617	50.29109589041096	0	31
4	32	1	0	410.98646616541356	54.13082706766917	0	32
4	33	1	0	441.2283950617284	52.30246913580247	0	33
4	34	1	0	239.183908045977	51.86206896551724	0	34
4	35	1	0	89.30593607305936	59.602739726027394	0	35
4	36	1	0	263.8625	57.88125	0	36
4	37	1	0	283.0	59.00727272727273	0	37
4	38	1	0	125.08192771084337	57.76385542168675	0	38
4	39	1	0	503.42123287671234	62.12328767123287	0	39
4	40	1	2	19.4468085106383	75.18617021276596	0	40
4	41	1	0	458.5698113207547	77.39056603773585	0	41
4	42	1	20	359.9615975422427	76.4715821812596	0	42
4	43	1	0	233.9378640776699	79.61553398058253	0	43
4	44	1	0	431.8658536585366	79.6859756097561	0	44
4	45	1	0	73.36616161616162	88.36868686868686	0	45
4	46	1	0	138.27692307692308	86.5978021978022	0	46
4	47	1	0	298.29468599033817	87.84541062801932	0	47
4	48	1	0	201.19268292682926	88.79512195121951	0	48
4	49	1	0	269.83061224489796	93.66938775510204	0	49
4	50	1	0	334.65156794425087	92.84320557491289	0	50
4	51	1	0	418.1686746987952	107.66666666666667	0	51
4	52	1	4	370.7270341207349	105.5984251968504	0	52
4	53	1	26	8.942339373970347	114.27018121911038	0	53
4	54	1	0	147.10408921933086	114.1728624535316	0	54
4	55	1	1	360.2077922077922	121.42207792207792	0	55
4	56	1	0	459.1981424148607	121.45510835913312	0	56
4	57	1	0	508.9620253164557	122.84810126582279	0	57
4	58	1	0	57.36918604651163	124.47093023255815	0	58
4	59	1	0	91.22037914691943	122.53554502369668	0	59
4	60	1	13	381.27666666666664	124.13	0	60
4	61	1	0	111.25316455696202	129.1139240506329	0	61
4	62	1	0	410.0757180156658	127.87467362924282	0	62
4	63	1	0	203.33546325878595	131.30191693290735	0	63
4	64	1	0	331.90555555555557	134.38611111111112	0	64
4	65	1	0	39.80082987551867	133.29253112033194	0	65
4	66	1	0	304.7615062761506	135.32635983263597	0	66
4	67	1	0	360.71774193548384	138.80241935483872	0	67
4	68	1	0	231.0	144.16083916083917	0	68
4	69	1	0	260.82293762575455	143.2394366197183	0	69
4	70	1	0	279.2121212121212	149.09848484848484	0	70
4	71	1	1	372.9739336492891	150.2962085308057	0	71
4	72	1	0	14.101156069364162	153.41618497109826	0	72
4	73	1	0	442.0883720930233	155.93720930232558	0	73
4	74	1	0	34.57425742574257	158.2838283828383	0	74
4	75	1	0	328.2278481012658	154.65400843881858	0	75
4	76	1	0	81.87755102040816	161.58503401360545	0	76
4	77	1	0	384.2617021276596	164.5255319148936	0	77
4	78	1	0	304.93028322440085	169.66666666666666	0	78
4	79	1	0	123.50561797752809	170.9438202247191	0	79
4	80	1	0	323.51162790697674	170.03255813953487	0	80
4	81	1	0	470.77672955974845	170.22012578616352	0	81
4	82	1	0	103.65161290322581	173.91612903225806	0	82
4	83	1	0	339.0	172.76558603491273	0	83
4	84	1	0	171.873786407767	176.66747572815535	0	84
4	85	1	0	388.73205741626793	180.22966507177034	0	85
4	86	1	0	364.0414746543779	180.1520737327189	0	86
4	87	1	0	220.35331905781584	182.42826552462526	0	87
4	88	1	0	461.67940552016984	183.49256900212313	0	88
4	89	1	0	63.43031784841076	182.1882640586797	0	89
4	90	1	0	262.5221518987342	192.25	0	90
4	91	1	0	239.8322440087146	189.99564270152504	0	91
4	92	1	0	368.26573426573424	192.98601398601397	0	92
4	93	1	0	119.57963446475196	189.65013054830288	0	93
4	94	1	0	63.244897959183675	196.5408163265306	0	94
4	95	1	0	330.0747663551402	199.60046728971963	0	95
4	96	1	0	40.23514211886305	198.51937984496124	0	96
4	97	1	0	506.8618421052632	202.5921052631579	0	97
4	98	1	0	347.0627450980392	204.54509803921567	0	98
4	99	1	1	305.2350597609562	203.5378486055777	0	99
4	100	1	1	171.83257918552036	201.9049773755656	0	100
4	101	1	0	195.95495495495496	206.47147147147146	0	101
4	102	1	0	262.8452380952381	208.13095238095238	0	102
4	103	1	0	483.33528265107213	210.05263157894737	0	103
4	104	1	0	241.81463414634146	212.57073170731707	0	104
4	105	1	9	145.85659287776707	218.0798845043311	0	105
4	106	1	0	423.34170854271355	218.53266331658293	0	106
4	107	1	0	385.6026200873362	221.6244541484716	0	107
4	108	1	0	68.12457912457913	223.06060606060606	0	108
4	109	1	0	429.8169014084507	227.7112676056338	0	109
4	110	1	0	329.59395973154363	228.7013422818792	0	110
4	111	1	0	352.6148148148148	232.5074074074074	0	111
4	112	1	0	440.5133333333333	233.54666666666665	0	112
4	113	1	1	416.8588235294118	236.66470588235293	0	113
4	114	1	0	211.8183486238532	241.03119266055046	0	114
4	115	1	0	11.292270531400966	250.70531400966183	0	115
4	116	1	0	34.64069264069264	247.44155844155844	0	116
4	117	1	0	58.856617647058826	250.30514705882354	0	117
4	118	1	0	338.61867704280155	251.03112840466926	0	118
4	119	1	0	305.94567062818334	254.6553480475382	0	119
4	120	1	0	458.328125	256.89732142857144	0	120
4	121	1	0	81.34275618374558	257.12720848056534	0	121
4	122	1	0	169.96774193548387	257.56129032258065	0	122
4	123	1	0	66.62130177514793	262.2899408284024	0	123
4	124	1	0	251.31695331695332	260.64619164619165	0	124
4	125	1	0	414.1217391304348	264.3478260869565	0	125
4	126	1	3	505.3592233009709	264.6925566343042	0	126
4	127	1	0	18.15806451612903	276.01935483870966	0	127
4	128	1	0	2.7304347826086954	275.4260869565217	0	128
4	129	1	0	109.89492753623189	277.3695652173913	0	129
4	130	1	0	237.43486973947896	282.0741482965932	0	130
4	131	1	0	135.16843971631207	280.8723404255319	0	131
4	132	1	0	387.3655589123867	282.4108761329305	0	132
4	133	1	0	169.6845124282983	282.94263862332696	0	133
4	134	1	0	441.2655172413793	281.83103448275864	0	134
4	135	1	0	289.8897637795276	286.4724409448819	0	135
4	136	1	0	485.6011235955056	286.8792134831461	0	136
4	137	1	13	90.04430379746836	293.1518987341772	0	137
4	138	1	0	421.5349794238683	294.0082304526749	0	138
4	139	1	0	25.980891719745223	296.95222929936307	0	139
4	140	1	0	312.37931034482756	294.60919540229884	0	140
4	141	1	1	343.7408963585434	300.5840336134454	0	141
4	142	1	0	282.89965397923874	305.80795847750863	0	142
4	143	1	0	442.0764705882353	308.3529411764706	0	143
4	144	1	1	257.30281690140845	318.13615023474176	0	144
4	145	1	0	460.4913043478261	322.89565217391305	0	145
4	146	1	0	73.53488372093024	323.3110465116279	0	146
4	147	1	0	115.01554404145078	324.4611398963731	0	147
4	148	1	0	10.293548387096774	330.4225806451613	0	148
4	149	1	19	348.18279569892474	330.5994623655914	0	149
4	150	1	0	105.1344537815126	337.21008403361344	0	150
4	151	1	0	418.26984126984127	342.3795093795094	0	151
4	152	1	0	71.79452054794521	344.0993150684931	0	152
4	153	1	0	494.4095238095238	345.32380952380953	0	153
4	154	1	0	370.09774436090225	350.09774436090225	0	154
4	155	1	39	255.7391304347826	354.22654462242565	0	155
4	156	1	0	50.02127659574468	357.37386018237083	0	156
4	157	1	13	316.6515151515151	356.58181818181816	0	157
4	158	1	0	462.4824561403509	359.93859649122805	0	158
4	159	1	0	478.3881578947368	360.6513157894737	0	159
4	160	1	0	31.74468085106383	364.22074468085106	0	160
4	161	1	0	86.94520547945206	368.1027397260274	0	161
4	162	1	1	354.56171284634763	374.19647355163727	0	162
4	163	1	0	181.14117647058825	375.10980392156864	0	163
4	164	1	0	112.40440165061898	381.3191196698762	0	164
4	165	1	0	381.9406392694064	381.87214611872145	0	165
4	166	1	0	152.0187969924812	386.26691729323306	0	166
4	167	1	12	487.81167108753317	390.39257294429706	0	167
4	168	1	0	270.1278195488722	391.55388471177946	0	168
4	169	1	0	50.43425076452599	392.9816513761468	0	169
4	170	1	0	84.734375	393.078125	0	170
4	171	1	0	387.2563559322034	400.7118644067797	0	171
4	172	1	0	449.3956310679612	406.4296116504854	0	172
4	173	1	13	359.7540453074434	406.6601941747573	0	173
4	174	1	0	325.93887530562347	412.79462102689484	0	174
4	175	1	0	82.57768924302789	414.1553784860558	0	175
4	176	1	1	228.11960132890366	413.4485049833887	0	176
4	177	1	0	23.973039215686274	417.89950980392155	0	177
4	178	1	0	506.7	417.5	0	178
4	179	1	0	178.97323600973235	417.7542579075426	0	179
4	180	1	0	253.64356435643563	421.7178217821782	0	180
4	181	1	0	63.145833333333336	421.09027777777777	0	181
4	182	1	0	229.49242424242425	431.9166666666667	0	182
4	183	1	0	109.34246575342466	432.3013698630137	0	183
4	184	1	0	97.17874396135265	435.80676328502415	0	184
4	185	1	0	148.21100917431193	438.297247706422	0	185
4	186	1	7	294.1407249466951	440.4136460554371	0	186
4	187	1	0	336.7319587628866	447.69329896907215	0	187
4	188	1	10	362.21140142517817	449.249406175772	0	188
4	189	1	0	379.63106796116506	451.50485436893206	0	189
4	190	1	0	231.55192878338278	453.1424332344214	0	190
4	191	1	0	463.74678111587986	451.5171673819743	0	191
4	192	1	0	128.88311688311688	454.2857142857143	0	192
4	193	1	0	50.66730401529637	460.2619502868069	0	193
4	194	1	0	164.75824175824175	465.72802197802196	0	194
4	195	1	0	96.70612244897958	466.51836734693876	0	195
4	196	1	0	121.45229681978799	470.2579505300353	0	196
4	197	1	0	317.7887323943662	472.0394366197183	0	197
4	198	1	0	256.0282352941176	475.05176470588236	0	198
4	199	1	0	4.8940677966101696	478.04237288135596	0	199
4	200	1	0	336.85714285714283	481.2214285714286	0	200
4	201	1	0	458.0114068441065	483.2446134347275	0	201
4	202	1	0	310.7755102040816	490.94897959183675	0	202
4	203	1	0	133.86260869565217	490.8330434782609	0	203
4	204	1	0	221.6600985221675	496.22906403940885	0	204
4	205	1	0	286.5878136200717	495.40860215053766	0	205
4	206	1	0	320.75539568345323	496.1798561151079	0	206
4	207	1	0	273.0669144981413	495.85873605947955	0	207
4	208	1	0	364.46741573033705	501.6674157303371	0	208
4	209	1	0	49.59502262443439	503.4886877828054	0	209
4	210	1	0	96.28181818181818	505.45454545454544	0	210
4	211	1	0	411.75935828877004	507.59893048128345	0	211
5	1	1	0	173.23809523809524	2.5238095238095237	0	1
5	2	1	0	233.65925925925927	3.6592592592592594	0	2
5	3	1	0	252.19811320754718	3.7830188679245285	0	3
5	4	1	0	506.7657142857143	8.051428571428572	0	4
5	5	1	13	59.18939393939394	8.469696969696969	0	5
5	6	1	0	151.03855421686748	9.448192771084337	0	6
5	7	1	1	410.6281690140845	13.307042253521127	0	7
5	8	1	0	304.12875536480686	13.525035765379114	0	8
5	9	1	9	430.71276595744683	13.817629179331307	0	9
5	10	1	0	103.89935760171306	12.379014989293362	0	10
5	11	1	0	125.60723514211887	22.160206718346252	0	11
5	12	1	0	173.35656836461126	22.99731903485255	0	12
5	13	1	0	267.7218045112782	28.50877192982456	0	13
5	14	1	0	64.29550321199143	30.289079229122056	0	14
5	15	1	15	449.59112709832135	31.54196642685851	0	15
5	16	1	0	89.95939086294416	37.34517766497462	0	16
5	17	1	0	244.87761194029852	38.973134328358206	0	17
5	18	1	0	49.54216867469879	40.265060240963855	0	18
5	19	1	0	15.291585127201566	39.6105675146771	0	19
5	20	1	0	161.71604938271605	48.550617283950615	0	20
5	21	1	6	280.47330960854094	50.743772241992886	0	21
5	22	1	0	101.8274111675127	51.68020304568528	0	22
5	23	1	0	479.80555555555554	53.90909090909091	0	23
5	24	1	0	210.9145728643216	52.86683417085427	0	24
5	25	1	0	432.2814814814815	58.696296296296296	0	25
5	26	1	0	323.15384615384613	60.25213675213675	0	26
5	27	1	0	133.68489583333334	61.864583333333336	0	27
5	28	1	0	387.2105263157895	63.82775119617225	0	28
5	29	1	0	70.54298642533936	64.54298642533936	0	29
5	30	1	0	159.06451612903226	67.12609970674487	0	30
5	31	1	0	297.3619047619048	69.00238095238095	0	31
5	32	1	0	88.5	66.83544303797468	0	32
5	33	1	0	428.1978021978022	70.3956043956044	0	33
5	34	1	0	507.9809523809524	68.0952380952381	0	34
5	35	1	0	341.4540682414698	76.63517060367454	0	35
5	36	1	0	174.5374331550802	77.09893048128342	0	36
5	37	1	0	465.7233502538071	77.13959390862944	0	37
5	38	1	0	3.4761904761904763	79.81746031746032	0	38
5	39	1	1	273.51428571428573	80.15324675324675	0	39
5	40	1	0	68.23076923076923	85.0034965034965	0	40
5	41	1	13	371.57339449541286	86.74770642201835	0	41
5	42	1	0	507.79617834394907	84.87898089171975	0	42
5	43	1	0	493.91645569620255	87.23544303797469	0	43
5	44	1	3	96.16519546027743	89.94199243379572	0	44
5	45	1	1	208.80104712041884	88.75130890052355	0	45
5	46	1	28	311.0843989769821	95.75959079283888	0	46
5	47	1	0	182.20735785953178	99.3010033444816	0	47
5	48	1	0	138.25	99.775	0	48
5	49	1	0	252.32817337461302	99.76780185758514	0	49
5	50	1	0	439.22483940042827	99.89079229122056	0	50
5	51	1	0	131.0	108.38053097345133	0	51
5	52	1	0	233.85714285714286	111.04761904761905	0	52
5	53	1	0	161.55048076923077	112.25	0	53
5	54	1	0	79.99053627760253	115.0	0	54
5	55	1	0	10.669421487603305	122.57851239669421	0	55
5	56	1	0	412.31010452961675	122.70731707317073	0	56
5	57	1	0	330.7916666666667	123.2172619047619	0	57
5	58	1	0	142.87128712871288	123.88118811881188	0	58
5	59	1	1	263.8516320474777	125.29376854599407	0	59
5	60	1	0	48.386313465783665	123.50110375275938	0	60
5	61	1	20	108.49166666666666	126.45555555555555	0	61
5	62	1	0	373.82911392405066	126.10443037974683	0	62
5	63	1	1	237.6846590909091	128.5880681818182	0	63
5	64	1	0	135.76216216216216	134.25945945945946	0	64
5	65	1	0	308.3520408163265	136.78061224489795	0	65
5	66	1	0	194.70689655172413	136.35632183908046	0	66
5	67	1	0	222.5686274509804	138.64145658263305	0	67
5	68	1	0	427.6741935483871	140.68709677419355	0	68
5	69	1	0	46.802919708029194	143.24087591240877	0	69
5	70	1	1	459.8301886792453	142.90880503144655	0	70
5	71	1	0	183.1505376344086	146.9641577060932	0	71
5	72	1	0	365.91907514450867	147.83236994219652	0	72
5	73	1	0	137.2334494773519	149.5574912891986	0	73
5	74	1	0	328.12573099415204	157.2514619883041	0	74
5	75	1	1	74.15513126491646	158.72315035799522	0	75
5	76	1	0	149.51623376623377	160.92532467532467	0	76
5	77	1	0	449.65269461077844	164.34930139720558	0	77
5	78	1	0	495.6381215469613	165.4254143646409	0	78
5	79	1	0	163.77859778597787	170.13653136531366	0	79
5	80	1	1	205.01538461538462	171.8830769230769	0	80
5	81	1	27	265.6754617414248	172.6042216358839	0	81
5	82	1	0	505.7894736842105	174.94210526315788	0	82
5	83	1	0	99.59537572254335	178.41907514450867	0	83
5	84	1	0	324.0672451193059	178.80911062906725	0	84
5	85	1	0	135.11640211640213	185.0079365079365	0	85
5	86	1	0	364.8625954198473	187.181679389313	0	86
5	87	1	0	177.1601941747573	187.79368932038835	0	87
5	88	1	0	394.5257731958763	191.84536082474227	0	88
5	89	1	3	452.0730158730159	194.53968253968253	0	89
5	90	1	0	411.5588785046729	195.61308411214952	0	90
5	91	1	0	220.22119815668202	199.536866359447	0	91
5	92	1	0	162.5057803468208	201.27456647398844	0	92
5	93	1	1	471.4929859719439	205.35871743486973	0	93
5	94	1	0	254.34963325183375	202.56234718826406	0	94
5	95	1	0	417.27647058823527	216.63529411764705	0	95
5	96	1	0	241.513671875	218.25390625	0	96
5	97	1	0	185.85135135135135	219.35675675675677	0	97
5	98	1	0	144.18562874251498	220.55089820359282	0	98
5	99	1	0	338.43702290076334	222.29007633587787	0	99
5	100	1	0	494.3421052631579	223.96491228070175	0	100
5	101	1	0	94.696802646086	227.9558985667034	0	101
5	102	1	0	52.38782051282051	227.00320512820514	0	102
5	103	1	0	446.3575525812619	226.90439770554494	0	103
5	104	1	0	243.39069767441862	235.353488372093	0	104
5	105	1	0	222.06542056074767	235.29595015576325	0	105
5	106	1	0	420.6354961832061	236.92748091603053	0	106
5	107	1	0	7.664576802507837	239.83072100313478	0	107
5	108	1	0	321.2277227722772	241.16584158415841	0	108
5	109	1	4	504.5044052863436	244.22687224669605	0	109
5	110	1	0	259.49	251.61	0	110
5	111	1	0	241.92098765432098	255.4543209876543	0	111
5	112	1	4	345.857421875	254.41015625	0	112
5	113	1	0	22.399429386590583	260.59201141226816	0	113
5	114	1	0	70.66180371352785	259.7997347480106	0	114
5	115	1	0	400.47755834829445	260.1579892280072	0	115
5	116	1	0	133.54747474747475	263.44444444444446	0	116
5	117	1	0	175.2037037037037	271.3407407407407	0	117
5	118	1	0	4.269430051813472	274.979274611399	0	118
5	119	1	0	113.24525745257452	274.0230352303523	0	119
5	120	1	0	452.1912568306011	278.0856102003643	0	120
5	121	1	0	330.6014234875445	276.97330960854094	0	121
5	122	1	0	287.81111111111113	286.3777777777778	0	122
5	123	1	0	30.801204819277107	287.0421686746988	0	123
5	124	1	0	122.69343065693431	292.16058394160586	0	124
5	125	1	0	49.18181818181818	292.36898395721926	0	125
5	126	1	0	216.38815789473685	301.20723684210526	0	126
5	127	1	0	397.3764434180139	306.7367205542725	0	127
5	128	1	0	240.13769363166955	314.64027538726333	0	128
5	129	1	0	159.25555555555556	309.5530864197531	0	129
5	130	1	0	342.62907268170426	320.2105263157895	0	130
5	131	1	0	193.40597014925373	335.3492537313433	0	131
5	132	1	0	114.53512396694215	336.0599173553719	0	132
5	133	1	0	458.65441176470586	335.09558823529414	0	133
5	134	1	0	498.6078431372549	341.3643790849673	0	134
5	135	1	0	159.90804597701148	343.57471264367814	0	135
5	136	1	0	90.3508064516129	345.30040322580646	0	136
5	137	1	0	454.6695464362851	352.58963282937367	0	137
5	138	1	0	58.24406047516199	349.3218142548596	0	138
5	139	1	0	343.7885714285714	352.3142857142857	0	139
5	140	1	1	423.40881763527057	351.96793587174346	0	140
5	141	1	0	142.42723004694835	360.71830985915494	0	141
5	142	1	0	189.56196943972836	362.20713073005095	0	142
5	143	1	0	243.43979933110367	360.7257525083612	0	143
5	144	1	0	477.4889779559118	376.64729458917833	0	144
5	145	1	0	395.4563758389262	379.78747203579417	0	145
5	146	1	0	228.8777120315582	378.5305719921105	0	146
5	147	1	0	352.7765567765568	381.9120879120879	0	147
5	148	1	0	293.6275071633238	382.87679083094554	0	148
5	149	1	0	251.4696132596685	387.70165745856355	0	149
5	150	1	0	8.807894736842105	391.6921052631579	0	150
5	151	1	0	94.8625678119349	392.5226039783002	0	151
5	152	1	0	310.5953307392996	393.2140077821012	0	152
5	153	1	0	358.04587155963304	396.92660550458714	0	153
5	154	1	0	62.712857142857146	405.18857142857144	0	154
5	155	1	0	348.6551724137931	406.69950738916253	0	155
5	156	1	0	408.0201149425287	402.7155172413793	0	156
5	157	1	0	428.49027237354085	405.5136186770428	0	157
5	158	1	0	228.23170731707316	406.4959349593496	0	158
5	159	1	0	323.3095238095238	406.0654761904762	0	159
5	160	1	0	381.04457364341084	409.25	0	160
5	161	1	0	313.986301369863	414.716894977169	0	161
5	162	1	0	175.325	417.725	0	162
5	163	1	0	192.91387559808612	417.0622009569378	0	163
5	164	1	0	149.45474137931035	421.9913793103448	0	164
5	165	1	0	434.72865275142317	423.6337760910816	0	165
5	166	1	0	408.44329896907215	425.37113402061857	0	166
5	167	1	0	274.3575	429.8925	0	167
5	168	1	19	481.28368017524645	431.4457831325301	0	168
5	169	1	2	506.30379746835445	444.6835443037975	0	169
5	170	1	0	345.6506849315069	450.2260273972603	0	170
5	171	1	0	174.5339412360689	450.19452887537994	0	171
5	172	1	0	328.5145631067961	455.1747572815534	0	172
5	173	1	0	123.34749034749035	455.5849420849421	0	173
5	174	1	0	105.16455696202532	465.79493670886075	0	174
5	175	1	0	11.733542319749215	471.8557993730407	0	175
5	176	1	0	237.50927835051547	473.6432989690722	0	176
5	177	1	0	206.2110266159696	485.48098859315587	0	177
5	178	1	0	410.9214659685864	486.6086387434555	0	178
5	179	1	6	321.1168032786885	489.9200819672131	0	179
5	180	1	0	186.55384615384617	494.7641025641026	0	180
5	181	1	0	282.998347107438	499.198347107438	0	181
5	182	1	0	104.78571428571429	505.9795918367347	0	182
5	183	1	0	91.12727272727273	507.95454545454544	0	183
5	184	1	0	126.33142857142857	506.36	0	184
6	1	1	0	141.71794871794873	2.051282051282051	0	1
6	2	1	0	180.0561403508772	6.459649122807018	0	2
6	3	1	0	232.4490861618799	8.516971279373369	0	3
6	4	1	0	300.905	5.115	0	4
6	5	1	0	448.652278177458	8.311750599520384	0	5
6	6	1	0	388.1745856353591	18.464088397790054	0	6
6	7	1	0	26.991643454038996	21.696378830083564	0	7
6	8	1	0	199.18309859154928	22.293427230046948	0	8
6	9	1	0	364.15209125475286	22.70342205323194	0	9
6	10	1	0	285.64	25.551666666666666	0	10
6	11	1	0	167.9064748201439	30.311750599520384	0	11
6	12	1	0	267.26735218509	34.159383033419026	0	12
6	13	1	0	106.91981132075472	44.39150943396226	0	13
6	14	1	0	423.9261083743842	44.243021346469625	0	14
6	15	1	0	232.8970189701897	46.20867208672087	0	15
6	16	1	0	485.7943925233645	61.69314641744548	0	16
6	17	1	0	301.5777777777778	66.44444444444444	0	17
6	18	1	0	84.52721617418351	66.55832037325038	0	18
6	19	1	0	40.0	68.75741239892183	0	19
6	20	1	0	258.330303030303	73.78181818181818	0	20
6	21	1	0	316.18243243243245	72.38513513513513	0	21
6	22	1	0	225.27342549923196	77.84485407066052	0	22
6	23	1	0	377.9954887218045	78.40751879699248	0	23
6	24	1	0	192.8458961474037	83.03517587939699	0	24
6	25	1	0	328.63295880149815	83.2247191011236	0	25
6	26	1	0	486.72868217054264	82.3875968992248	0	26
6	27	1	0	27.419014084507044	83.66901408450704	0	27
6	28	1	0	349.09154929577466	85.38380281690141	0	28
6	29	1	0	134.3656597774245	100.80763116057234	0	29
6	30	1	0	3.111111111111111	100.3157894736842	0	30
6	31	1	0	61.255765199161424	111.87840670859539	0	31
6	32	1	0	327.43564356435644	109.75	0	32
6	33	1	0	431.531914893617	113.8581560283688	0	33
6	34	1	0	40.3993993993994	114.17417417417417	0	34
6	35	1	0	96.46817248459959	120.35112936344969	0	35
6	36	1	0	223.86764705882354	131.5672268907563	0	36
6	37	1	0	11.813186813186814	132.4532967032967	0	37
6	38	1	9	166.81967213114754	131.672131147541	0	38
6	39	1	0	140.9966611018364	148.63439065108514	0	39
6	40	1	0	200.7997256515775	142.14677640603566	0	40
6	41	1	0	494.74283154121866	150.87813620071685	0	41
6	42	1	6	43.32367149758454	152.72705314009661	0	42
6	43	1	0	410.7091988130564	152.11572700296736	0	43
6	44	1	0	314.0850340136054	158.4268707482993	0	44
6	45	1	0	283.16701030927834	157.2742268041237	0	45
6	46	1	0	369.78270042194094	166.31434599156117	0	46
6	47	1	0	433.7232472324723	169.7749077490775	0	47
6	48	1	0	148.66539923954372	168.8593155893536	0	48
6	49	1	0	196.23626373626374	169.54945054945054	0	49
6	50	1	0	69.04867256637168	169.46017699115043	0	50
6	51	1	0	125.11638591117918	179.02909647779478	0	51
6	52	1	0	292.012	180.512	0	52
6	53	1	0	83.4938775510204	182.27142857142857	0	53
6	54	1	5	31.68820224719101	187.04494382022472	0	54
6	55	1	0	199.25459317585302	191.30708661417322	0	55
6	56	1	0	51.77105831533477	200.48812095032397	0	56
6	57	1	0	236.7466307277628	197.4043126684636	0	57
6	58	1	0	480.1231884057971	198.47342995169083	0	58
6	59	1	1	305.52517985611513	202.6726618705036	0	59
6	60	1	38	336.7476923076923	206.14307692307693	0	60
6	61	1	0	371.0305676855895	211.62008733624455	0	61
6	62	1	0	442.53727506426736	214.31619537275066	0	62
6	63	1	0	10.61038961038961	219.73593073593074	0	63
6	64	1	0	228.6193853427896	219.47517730496455	0	64
6	65	1	1	399.7427536231884	221.6177536231884	0	65
6	66	1	0	118.9313432835821	222.044776119403	0	66
6	67	1	0	424.7918918918919	223.77297297297298	0	67
6	68	1	0	76.94843049327355	225.652466367713	0	68
6	69	1	0	150.64889705882354	231.38051470588235	0	69
6	70	1	25	289.56317689530687	227.82671480144404	0	70
6	71	1	0	506.90625	238.73125	0	71
6	72	1	0	454.04722792607805	244.45379876796716	0	72
6	73	1	0	93.55820105820106	243.02380952380952	0	73
6	74	1	15	302.7092819614711	241.49737302977232	0	74
6	75	1	1	205.09887005649716	248.0	0	75
6	76	1	3	330.2919389978214	251.16557734204792	0	76
6	77	1	0	150.48827292110875	257.07462686567163	0	77
6	78	1	44	251.2570093457944	252.65420560747663	0	78
6	79	1	0	433.975	253.9125	0	79
6	80	1	15	296.2562814070352	259.9430485762144	0	80
6	81	1	0	113.01038961038961	260.2181818181818	0	81
6	82	1	1	258.9891304347826	266.8478260869565	0	82
6	83	1	0	124.05463182897863	276.8289786223278	0	83
6	84	1	0	6.234527687296417	277.3485342019544	0	84
6	85	1	0	413.4726368159204	279.7139303482587	0	85
6	86	1	0	446.65977011494255	280.5264367816092	0	86
6	87	1	0	380.4767184035477	288.13968957871396	0	87
6	88	1	0	500.6521739130435	290.5108695652174	0	88
6	89	1	30	270.7903645833333	289.9283854166667	0	89
6	90	1	0	104.94776119402985	291.910447761194	0	90
6	91	1	0	171.40925266903915	293.6049822064057	0	91
6	92	1	0	354.8232558139535	294.9441860465116	0	92
6	93	1	0	55.118136439267886	297.93843594009985	0	93
6	94	1	1	142.42592592592592	302.2962962962963	0	94
6	95	1	0	38.035616438356165	301.54794520547944	0	95
6	96	1	0	335.66	306.05333333333334	0	96
6	97	1	27	457.025069637883	306.05849582172704	0	97
6	98	1	0	317.4805194805195	309.8831168831169	0	98
6	99	1	0	159.160409556314	318.1467576791809	0	99
6	100	1	0	505.4212765957447	318.1787234042553	0	100
6	101	1	1	358.5065274151436	320.1201044386423	0	101
6	102	1	0	245.88541666666666	321.2291666666667	0	102
6	103	1	0	22.175757575757576	323.45454545454544	0	103
6	104	1	0	411.49107142857144	320.75892857142856	0	104
6	105	1	5	448.52198852772466	324.8164435946463	0	105
6	106	1	18	134.0776119402985	334.9492537313433	0	106
6	107	1	0	103.85111662531017	334.7344913151365	0	107
6	108	1	0	218.66088631984584	335.7437379576108	0	108
6	109	1	0	402.28024193548384	338.508064516129	0	109
6	110	1	0	71.566757493188	343.7874659400545	0	110
6	111	1	0	191.40175438596492	346.4140350877193	0	111
6	112	1	0	29.05263157894737	346.01973684210526	0	112
6	113	1	0	208.3014705882353	349.1617647058824	0	113
6	114	1	0	10.919661733615222	349.1310782241015	0	114
6	115	1	0	167.30275229357798	355.6177370030581	0	115
6	116	1	35	352.57183908045977	356.64367816091954	0	116
6	117	1	0	55.58247422680412	361.1701030927835	0	117
6	118	1	0	139.36301369863014	358.44520547945206	0	118
6	119	1	0	378.6701030927835	360.6769759450172	0	119
6	120	1	0	153.06912442396313	369.08294930875576	0	120
6	121	1	0	118.58793969849246	370.89195979899495	0	121
6	122	1	0	403.5212355212355	370.7953667953668	0	122
6	123	1	0	505.88829787234044	368.8989361702128	0	123
6	124	1	1	237.89085545722713	378.5604719764012	0	124
6	125	1	0	14.700819672131148	381.2704918032787	0	125
6	126	1	23	468.1258865248227	384.031914893617	0	126
6	127	1	0	26.49122807017544	391.85380116959067	0	127
6	128	1	0	175.62690355329948	394.3045685279188	0	128
6	129	1	0	82.10689655172413	398.31724137931036	0	129
6	130	1	0	406.71590909090907	398.67045454545456	0	130
6	131	1	0	419.5191256830601	401.04371584699453	0	131
6	132	1	0	140.43150684931507	404.4246575342466	0	132
6	133	1	0	117.74436090225564	411.9498746867168	0	133
6	134	1	0	233.6547619047619	416.1666666666667	0	134
6	135	1	1	205.33070866141733	420.70603674540683	0	135
6	136	1	0	105.10169491525424	423.3535108958838	0	136
6	137	1	0	391.45101088646965	424.3063763608087	0	137
6	138	1	0	461.36	420.39428571428573	0	138
6	139	1	30	287.02268760907504	424.3542757417103	0	139
6	140	1	0	62.17748917748918	423.5468975468975	0	140
6	141	1	0	21.76201923076923	425.81971153846155	0	141
6	142	1	0	472.32	424.552	0	142
6	143	1	0	176.66811279826464	427.14967462039044	0	143
6	144	1	0	86.26815642458101	430.3854748603352	0	144
6	145	1	0	40.696	427.62666666666667	0	145
6	146	1	0	444.17838765008577	431.9794168096055	0	146
6	147	1	0	240.44594594594594	431.2128378378378	0	147
6	148	1	0	472.3392857142857	434.7767857142857	0	148
6	149	1	0	163.3489932885906	438.3154362416107	0	149
6	150	1	0	272.07547169811323	442.60548885077185	0	150
6	151	1	0	195.78552278820376	443.4584450402145	0	151
6	152	1	0	11.674242424242424	450.64646464646466	0	152
6	153	1	0	338.83363802559415	449.5612431444241	0	153
6	154	1	0	111.20991253644316	455.3469387755102	0	154
6	155	1	20	220.75625	457.68125	0	155
6	156	1	0	33.93333333333333	461.5051282051282	0	156
6	157	1	0	136.60970464135022	461.8544303797468	0	157
6	158	1	0	244.14077669902912	465.7281553398058	0	158
6	159	1	0	176.90666666666667	470.96	0	159
6	160	1	0	339.47008547008545	471.2735042735043	0	160
6	161	1	0	451.19820971867006	472.0319693094629	0	161
6	162	1	0	221.23144104803492	475.50655021834064	0	162
6	163	1	0	286.2909090909091	479.3818181818182	0	163
6	164	1	0	52.74763406940063	480.1293375394322	0	164
6	165	1	0	80.52078239608802	483.9804400977995	0	165
6	166	1	0	67.19540229885058	492.8477011494253	0	166
6	167	1	0	160.34894613583137	487.1686182669789	0	167
6	168	1	0	202.48797250859107	492.70274914089345	0	168
6	169	1	0	108.03980099502488	498.4179104477612	0	169
6	170	1	1	296.1508875739645	495.2573964497041	0	170
6	171	1	0	241.00760456273764	497.50950570342206	0	171
6	172	1	1	332.6304	496.0688	0	172
6	173	1	0	370.54545454545456	495.8349282296651	0	173
6	174	1	0	130.82824427480915	500.08015267175574	0	174
6	175	1	0	263.45620437956205	503.0255474452555	0	175
6	176	1	0	4.228395061728395	503.05555555555554	0	176
6	177	1	0	47.98566308243728	503.93189964157705	0	177
6	178	1	0	309.37894736842105	508.34736842105264	0	178
