ImageNumber	ObjectNumber	Children_PLA_Count	Location_Center_X	Location_Center_Y	Location_Center_Z	Number_Object_Number	Parent_Nuclei
1	1	0	70.85049833887044	4.089700996677741	0	1	1
1	2	1	124.17995689655173	12.524784482758621	0	2	2
1	3	0	158.4629948364888	6.728055077452668	0	3	3
1	4	0	198.01560468140443	10.647594278283485	0	4	4
1	5	0	250.71613832853026	11.811239193083573	0	5	5
1	6	0	411.13793103448273	4.919540229885057	0	6	6
1	7	0	327.0070546737213	11.75925925925926	0	7	7
1	8	23	374.8835616438356	11.247716894977168	0	8	8
1	9	2	276.8415529905561	14.922350472193074	0	9	9
1	10	2	47.52257336343115	18.541196388261852	0	10	10
1	11	3	228.88086956521738	22.26782608695652	0	11	11
1	12	1	472.4283079760258	20.68326417704011	0	12	12
1	13	4	162.38079470198676	27.80546357615894	0	13	13
1	14	1	9.051136363636363	17.15909090909091	0	14	14
1	15	0	410.4415322580645	23.930443548387096	0	15	15
1	16	1	346.99279093717814	31.453141091658086	0	16	16
1	17	1	298.8744091829845	33.526671168129646	0	17	17
1	18	0	382.09703504043125	43.480682839173404	0	18	18
1	19	0	108.86821266968326	41.57692307692308	0	19	19
1	20	1	73.4454926624738	38.90041928721174	0	20	20
1	21	1	422.65610510046366	46.75115919629057	0	21	21
1	22	1	221.46930280957335	48.09781477627472	0	22	22
1	23	2	191.3371681415929	45.054867256637166	0	23	23
1	24	27	20.67736883320282	48.04385277995301	0	24	24
1	25	0	363.234375	55.75	0	25	25
1	26	0	84.42278481012659	65.67974683544304	0	26	26
1	27	1	274.0323242688558	66.10364289379169	0	27	27
1	28	1	170.58448275862068	61.48275862068966	0	28	28
1	29	1	12.657331136738057	74.40197693574959	0	29	29
1	30	4	49.20373027259684	70.72238163558106	0	30	30
1	31	0	332.54984093319194	72.70148462354189	0	31	31
1	32	1	138.8588498879761	66.93502613890963	0	32	32
1	33	1	245.05441478439425	78.89219712525667	0	33	33
1	34	1	191.9480088495575	81.74889380530973	0	34	34
1	35	0	221.01117318435755	83.23463687150839	0	35	35
1	36	0	159.21790722761597	87.24056094929881	0	36	36
1	37	1	371.1921397379913	86.97941359950093	0	37	37
1	38	0	485.12832824094284	79.3701440419031	0	38	38
1	39	2	418.18559051527586	85.14409484724122	0	39	39
1	40	0	455.55739058629234	97.49463253509496	0	40	40
1	41	1	78.56010928961749	90.76047358834244	0	41	41
1	42	2	33.52157943067034	101.05785123966942	0	42	42
1	43	1	120.16728855721394	99.63308457711443	0	43	43
1	44	2	304.8986650485437	99.39927184466019	0	44	44
1	45	1	69.09548611111111	112.5625	0	45	45
1	46	57	14.48456057007126	116.74425969912906	0	46	46
1	47	1	178.36746490503717	112.60198183319571	0	47	47
1	48	0	93.46858168761221	122.84560143626571	0	48	48
1	49	0	266.7146017699115	117.304203539823	0	49	49
1	50	2	351.75135135135133	121.0972972972973	0	50	50
1	51	1	421.1300417246175	126.14881780250347	0	51	51
1	52	1	208.47236765561374	125.32926119837114	0	52	52
1	53	0	464.41354723707667	126.83600713012478	0	53	53
1	54	0	490.3359273670558	131.8599221789883	0	54	54
1	55	1	322.1574074074074	141.28240740740742	0	55	55
1	56	6	388.84463061690786	137.85986290936785	0	56	56
1	57	1	157.31927710843374	131.92570281124497	0	57	57
1	58	6	55.57333333333333	141.7678787878788	0	58	58
1	59	1	174.86899563318778	148.53275109170306	0	59	59
1	60	2	286.0927523727351	156.77696289905091	0	60	60
1	61	0	16.666082383873796	153.32953549517967	0	61	61
1	62	6	137.54164588528678	151.12668329177058	0	62	62
1	63	0	489.59982253771074	159.01597160603373	0	63	63
1	64	3	363.0761609907121	161.25263157894736	0	64	64
1	65	1	453.7321559970567	163.0941869021339	0	65	65
1	66	1	89.6710816777042	155.10596026490066	0	66	66
1	67	2	109.54114158636027	166.8013343217198	0	67	67
1	68	4	232.11231324059764	158.97527047913448	0	68	68
1	69	0	36.4	172.06516853932584	0	69	69
1	70	0	421.2433951658235	170.08881394041597	0	70	70
1	71	0	82.7668016194332	184.13117408906882	0	71	71
1	72	3	197.3960396039604	174.2993145468393	0	72	72
1	73	0	7.995798319327731	180.39915966386553	0	73	73
1	74	1	164.40540540540542	179.31644144144144	0	74	74
1	75	1	57.70452155625657	182.72344900105153	0	75	75
1	76	1	494.0219607843137	191.73882352941177	0	76	76
1	77	0	238.83517417162278	191.9124893797791	0	77	77
1	78	6	333.59444746869895	191.4735982580294	0	78	78
1	79	2	170.71867881548974	200.91799544419135	0	79	79
1	80	3	371.50820668693007	202.54224924012158	0	80	80
1	81	1	267.9703832752613	199.00435540069685	0	81	81
1	82	1	465.6790799561884	200.44359255202627	0	82	82
1	83	6	405.6589420654912	207.41662468513854	0	83	83
1	84	1	24.76219512195122	211.78048780487805	0	84	84
1	85	1	304.80990712074305	208.82600619195046	0	85	85
1	86	0	6.282571912013537	215.99153976311337	0	86	86
1	87	0	243.69679300291546	223.7871720116618	0	87	87
1	88	1	54.87980769230769	217.81936813186815	0	88	88
1	89	33	137.88245462402764	209.73725151253242	0	89	89
1	90	1	209.0280821917808	218.73219178082192	0	90	90
1	91	1	174.145	219.7225	0	91	91
1	92	1	443.46004169562195	226.41695621959695	0	92	92
1	93	3	269.2581314878893	237.41868512110727	0	93	93
1	94	0	475.9369217830109	234.95710681244742	0	94	94
1	95	1	107.11755952380952	227.86458333333334	0	95	95
1	96	6	158.1348973607038	238.22873900293254	0	96	96
1	97	1	135.126582278481	242.8379746835443	0	97	97
1	98	2	77.97815292949355	236.12313803376367	0	98	98
1	99	0	178.54926108374383	238.19704433497537	0	99	99
1	100	1	297.2405247813411	251.08236151603498	0	100	100
1	101	2	336.9646464646465	240.6940836940837	0	101	101
1	102	2	191.20809248554914	252.76878612716763	0	102	102
1	103	2	217.89310954063603	253.9982332155477	0	103	103
1	104	0	376.4924681344148	248.27404403244495	0	104	104
1	105	0	51.77495769881557	257.7013536379019	0	105	105
1	106	0	495.6587403598972	265.47686375321337	0	106	106
1	107	0	440.6248864668483	267.2838328792007	0	107	107
1	108	56	177.93271461716938	269.7911832946636	0	108	108
1	109	1	84.0715123094959	271.01406799531065	0	109	109
1	110	2	336.46889226100154	275.2040971168437	0	110	110
1	111	0	127.85639229422067	271.0017513134851	0	111	111
1	112	1	104.3743842364532	279.0541871921182	0	112	112
1	113	2	26.731048121292023	275.20171390903096	0	113	113
1	114	0	231.29950900163666	278.06792144026184	0	114	114
1	115	0	368.3649193548387	284.0241935483871	0	115	115
1	116	6	161.11693989071037	283.86010928961747	0	116	116
1	117	1	260.92338072669827	281.11611374407585	0	117	117
1	118	1	398.8026237328563	294.2581991651759	0	118	118
1	119	0	68.30065359477125	297.90341321713873	0	119	119
1	120	2	142.40848806366049	302.4575596816976	0	120	120
1	121	2	472.06607275426876	296.56867112100963	0	121	121
1	122	2	211.0344234079174	307.6566265060241	0	122	122
1	123	1	11.360300250208507	308.91075896580486	0	123	123
1	124	0	238.15	309.19444444444446	0	124	124
1	125	1	262.38085539714865	310.4460285132383	0	125	125
1	126	3	290.86361031518624	316.9249283667622	0	126	126
1	127	5	123.59070990359334	316.3786152497809	0	127	127
1	128	6	178.24560216508794	310.17320703653587	0	128	128
1	129	0	335.6862433862434	314.8042328042328	0	129	129
1	130	2	37.778749159381306	322.969737726967	0	130	130
1	131	0	459.5066430469442	323.74136403897256	0	131	131
1	132	0	248.5742857142857	322.45428571428573	0	132	132
1	133	1	372.65028901734104	327.8085260115607	0	133	133
1	134	29	105.89082278481013	333.8528481012658	0	134	134
1	135	0	493.0058394160584	336.0861313868613	0	135	135
1	136	0	178.90197764402407	339.5382631126397	0	136	136
1	137	6	69.64098073555166	334.81873905429075	0	137	137
1	138	1	249.30232558139534	342.2845417236662	0	138	138
1	139	1	218.13850063532402	348.1886912325286	0	139	139
1	140	0	379.4555555555556	349.9763888888889	0	140	140
1	141	0	273.7194465795542	357.29900076863953	0	141	141
1	142	0	92.81538461538462	356.6215384615385	0	142	142
1	143	0	9.752100840336135	354.2296918767507	0	143	143
1	144	0	431.50241805480925	362.3073616335304	0	144	144
1	145	3	393.32593457943926	368.16004672897196	0	145	145
1	146	1	83.98510638297873	370.11489361702127	0	146	146
1	147	0	145.17823834196892	360.4839378238342	0	147	147
1	148	0	59.17309941520468	372.19649122807016	0	148	148
1	149	1	40.782710280373834	366.5735981308411	0	149	149
1	150	3	28.03560830860534	371.31454005934717	0	150	150
1	151	0	123.6	371.7551912568306	0	151	151
1	152	0	241.82165109034267	376.9252336448598	0	152	152
1	153	2	174.5765100671141	372.11208053691274	0	153	153
1	154	1	472.7429158110883	379.52443531827515	0	154	154
1	155	4	33.56617647058823	389.9852941176471	0	155	155
1	156	2	301.0659253375695	377.93486894360603	0	156	156
1	157	2	342.32071061243573	382.2954651706405	0	157	157
1	158	1	78.39722572509457	392.2433795712484	0	158	158
1	159	1	15.344062947067238	397.1766809728183	0	159	159
1	160	2	111.64091308165057	396.0149253731343	0	160	160
1	161	0	152.8121387283237	397.82369942196533	0	161	161
1	162	0	303.2712355212355	405.93629343629345	0	162	162
1	163	4	248.86917098445596	406.8160621761658	0	163	163
1	164	2	183.11491442542788	405.8765281173594	0	164	164
1	165	0	141.4878892733564	416.92387543252596	0	165	165
1	166	48	74.97705882352942	421.48411764705884	0	166	166
1	167	0	377.0301545420279	418.9208443271768	0	167	167
1	168	0	265.27443609022555	425.5864661654135	0	168	168
1	169	3	210.20410065237652	421.80615097856474	0	169	169
1	170	2	293.85613760750584	431.7748240813135	0	170	170
1	171	2	195.75427682737168	444.2628304821151	0	171	171
1	172	1	175.81806930693068	436.3799504950495	0	172	172
1	173	25	112.80092899800928	437.9422694094227	0	173	173
1	174	3	243.85813148788927	439.81891580161476	0	174	174
1	175	0	51.73637264618434	440.06937561942516	0	175	175
1	176	0	271.61460446247463	450.84077079107504	0	176	176
1	177	4	154.97804610318332	444.63885839736554	0	177	177
1	178	0	6.621993127147766	450.77319587628864	0	178	178
1	179	0	35.5244019138756	454.30526315789473	0	179	179
1	180	9	223.15006468305305	453.2432082794308	0	180	180
1	181	0	417.9400359066427	455.76660682226213	0	181	181
1	182	21	148.56118665018542	465.69962917181704	0	182	182
1	183	1	359.6527170518426	458.32479700187383	0	183	183
1	184	3	320.13828786453433	460.2695202257761	0	184	184
1	185	0	17.693089430894307	467.4654471544715	0	185	185
1	186	3	219.4518348623853	471.4334862385321	0	186	186
1	187	0	125.87101910828025	470.99044585987264	0	187	187
1	188	0	98.80645161290323	469.0454002389486	0	188	188
1	189	0	73.24407753050968	475.02010050251255	0	189	189
1	190	0	245.59074475777297	482.0708604483008	0	190	190
1	191	0	34.3026444662096	486.9676787463271	0	191	191
1	192	1	179.54741379310346	485.8534482758621	0	192	192
1	193	0	369.3803888419273	487.6559594251902	0	193	193
1	194	0	207.53333333333333	493.87581699346407	0	194	194
1	195	0	110.0110159118727	494.03182374541	0	195	195
1	196	0	11.961702127659574	496.26382978723404	0	196	196
1	197	1	279.94331983805665	493.50067476383265	0	197	197
1	198	0	389.64914772727275	502.31107954545456	0	198	198
1	199	0	23.885057471264368	507.5	0	199	199
1	200	1	140.82835820895522	499.55223880597015	0	200	200
1	201	0	228.29601990049753	506.3134328358209	0	201	201
1	202	0	315.427752293578	497.45756880733944	0	202	202
1	203	0	343.4835390946502	502.3065843621399	0	203	203
2	1	0	9.488335925349922	13.968895800933126	0	1	1
2	2	0	88.63598901098901	7.9739010989010985	0	2	2
2	3	1	212.26018396846254	12.78580814717477	0	3	3
2	4	0	245.83558994197293	8.013539651837524	0	4	4
2	5	0	410.0747474747475	8.634343434343434	0	5	5
2	6	0	433.33131801692866	13.587666263603385	0	6	6
2	7	0	49.27583333333333	13.11	0	7	7
2	8	0	284.60876536611437	18.4484233030465	0	8	8
2	9	0	467.0655147588193	20.437005039596833	0	9	9
2	10	0	183.48199233716474	18.42528735632184	0	10	10
2	11	0	99.44371345029239	27.31578947368421	0	11	11
2	12	0	135.03269069572505	24.076278290025147	0	12	12
2	13	2	232.32741312741314	34.32509652509653	0	13	13
2	14	0	447.8840579710145	30.492753623188406	0	14	14
2	15	1	154.6183294663573	36.28538283062645	0	15	15
2	16	0	31.95	37.81038961038961	0	16	16
2	17	2	493.12098991750685	44.88130155820348	0	17	17
2	18	1	264.87175452399686	47.94964594807239	0	18	18
2	19	0	118.28125	50.52430555555556	0	19	19
2	20	2	434.10296333500753	52.488196885986945	0	20	20
2	21	1	176.72797676669893	50.40174249757987	0	21	21
2	22	0	101.54698795180722	59.18072289156626	0	22	22
2	23	0	202.91453744493393	63.57973568281938	0	23	23
2	24	2	20.798926014319807	69.13603818615752	0	24	24
2	25	1	67.21613663133098	61.871024734982335	0	25	25
2	26	4	262.22585227272725	77.56107954545455	0	26	26
2	27	0	341.3312820512821	74.55384615384615	0	27	27
2	28	0	107.23009495982468	84.57414170927684	0	28	28
2	29	0	143.23394185260312	81.90331304935768	0	29	29
2	30	0	177.3069657615112	80.88547815820543	0	30	30
2	31	1	402.725786163522	79.52704402515724	0	31	31
2	32	1	226.22010178117048	87.17302798982189	0	32	32
2	33	1	72.23076923076923	95.91097666378565	0	33	33
2	34	53	428.9231119199272	102.55004549590537	0	34	34
2	35	0	178.46	107.56814814814815	0	35	35
2	36	0	320.609375	105.863125	0	36	36
2	37	3	380.3311458859162	103.3311458859162	0	37	37
2	38	34	8.612582781456954	104.18377483443709	0	38	38
2	39	56	268.3829531812725	106.48619447779112	0	39	39
2	40	7	33.102074688796684	107.36514522821577	0	40	40
2	41	0	241.20084566596194	114.16067653276956	0	41	41
2	42	12	4.918439716312057	129.7304964539007	0	42	42
2	43	2	127.81625066383431	122.72437599575146	0	43	43
2	44	1	67.53078078078079	126.22372372372372	0	44	44
2	45	0	294.40113708149084	127.87681617182565	0	45	45
2	46	3	253.3270013568521	132.280868385346	0	46	46
2	47	0	352.5813630041725	136.80203987019007	0	47	47
2	48	1	225.44422890397672	138.91270611057226	0	48	48
2	49	2	201.74333026678931	138.49494020239192	0	49	49
2	50	2	22.63242375601926	138.76404494382024	0	50	50
2	51	5	43.61692969870875	147.0674318507891	0	51	51
2	52	1	99.23034482758621	146.63931034482758	0	52	52
2	53	2	148.1784090909091	152.41931818181817	0	53	53
2	54	7	182.31927319922127	157.01881894873458	0	54	54
2	55	2	273.4995801847187	157.1570109151973	0	55	55
2	56	0	321.86833654463715	162.47141939627488	0	56	56
2	57	2	74.31385281385282	164.19588744588745	0	57	57
2	58	2	244.92261904761904	166.16517857142858	0	58	58
2	59	0	14.778975741239892	165.99281221922732	0	59	59
2	60	0	49.24941724941725	167.74825174825176	0	60	60
2	61	1	161.91017964071855	177.30988023952096	0	61	61
2	62	2	222.33895131086143	172.02059925093633	0	62	62
2	63	2	265.60302197802196	184.41071428571428	0	63	63
2	64	1	122.81005586592178	178.951582867784	0	64	64
2	65	4	366.3610129564193	181.80447585394583	0	65	65
2	66	0	391.3443496801706	199.04264392324095	0	66	66
2	67	2	338.4264305177112	199.70299727520435	0	67	67
2	68	1	46.04304635761589	197.02152317880794	0	68	68
2	69	3	227.56025641025641	198.04871794871795	0	69	69
2	70	0	12.066765578635016	199.1186943620178	0	70	70
2	71	2	85.49001814882033	195.82486388384754	0	71	71
2	72	35	184.8125	201.57900943396226	0	72	72
2	73	34	207.3940990516333	200.9462592202318	0	73	73
2	74	3	145.51879010082493	202.96975252062327	0	74	74
2	75	1	313.6439894319683	204.2120211360634	0	75	75
2	76	4	250.83023082650783	214.1608339538347	0	76	76
2	77	0	71.6972972972973	224.81216216216217	0	77	77
2	78	2	159.31807031888798	226.28618152085036	0	78	78
2	79	0	7.3023622047244094	229.31496062992127	0	79	79
2	80	1	368.8716372021522	224.61260568793236	0	80	80
2	81	0	26.629533678756477	223.57253886010363	0	81	81
2	82	0	436.01592039800994	223.1363184079602	0	82	82
2	83	18	109.85037674919268	226.89504843918192	0	83	83
2	84	2	486.19528301886794	232.261320754717	0	84	84
2	85	1	37.42290748898679	234.3568281938326	0	85	85
2	86	3	196.98303777949113	237.10100231303008	0	86	86
2	87	0	409.3319002579536	233.85984522785898	0	87	87
2	88	0	466.43975903614455	243.10692771084337	0	88	88
2	89	3	449.1382636655949	247.44694533762058	0	89	89
2	90	3	347.9745390693591	245.26953467954345	0	90	90
2	91	3	244.24702194357366	246.89529780564263	0	91	91
2	92	4	54.3469387755102	245.8021978021978	0	92	92
2	93	14	293.6930178880554	249.49682631275246	0	93	93
2	94	0	498.60799136069113	258.4276457883369	0	94	94
2	95	39	106.72436604189636	253.55678059536936	0	95	95
2	96	47	28.61578947368421	259.1168421052632	0	96	96
2	97	1	376.0134228187919	256.3590604026846	0	97	97
2	98	0	80.96470588235294	262.8941176470588	0	98	98
2	99	1	57.05564924114671	272.34738617200674	0	99	99
2	100	0	400.4571759259259	264.73726851851853	0	100	100
2	101	3	219.09455958549222	271.16904145077723	0	101	101
2	102	2	163.67755532139094	258.304531085353	0	102	102
2	103	0	437.7390313390313	272.71339031339033	0	103	103
2	104	21	132.26338797814208	269.1639344262295	0	104	104
2	105	5	333.7001201923077	275.57632211538464	0	105	105
2	106	2	186.10912343470483	278.0554561717352	0	106	106
2	107	1	285.1326714801444	277.9675090252708	0	107	107
2	108	0	373.8916938110749	284.93892508143324	0	108	108
2	109	1	12.816269284712483	282.9985974754558	0	109	109
2	110	1	101.94229415904293	286.7691766361717	0	110	110
2	111	0	75.31531531531532	289.18918918918916	0	111	111
2	112	7	150.8231325301205	299.304578313253	0	112	112
2	113	2	266.05168776371306	293.9398734177215	0	113	113
2	114	2	239.78094194961665	298.71631982475355	0	114	114
2	115	0	497.9540918163673	304.4750499001996	0	115	115
2	116	1	398.9057492931197	304.3327049952875	0	116	116
2	117	0	428.2821782178218	304.394801980198	0	117	117
2	118	0	458.5930962343096	308.407949790795	0	118	118
2	119	10	294.06201550387595	314.45542635658916	0	119	119
2	120	1	326.55043859649123	312.55043859649123	0	120	120
2	121	4	216.5619266055046	317.7928134556575	0	121	121
2	122	4	60.00794621026895	318.18948655256725	0	122	122
2	123	1	29.188552188552187	322.30808080808083	0	123	123
2	124	0	435.00251889168766	329.3904282115869	0	124	124
2	125	19	366.6390977443609	318.21303258145366	0	125	125
2	126	3	186.55331882480957	328.1479869423286	0	126	126
2	127	2	249.26671408250357	334.9352773826458	0	127	127
2	128	3	99.37274096385542	325.17243975903614	0	128	128
2	129	1	487.10161812297736	327.43689320388347	0	129	129
2	130	0	409.49787234042554	329.45106382978724	0	130	130
2	131	1	280.5542168674699	335.1401971522453	0	131	131
2	132	0	8.024475524475525	330.6695804195804	0	132	132
2	133	0	346.5829027712541	346.3673085955848	0	133	133
2	134	2	390.43469591226324	342.22532402791626	0	134	134
2	135	2	134.85172171468727	338.86437104708364	0	135	135
2	136	0	495.6465005931198	356.7627520759193	0	136	136
2	137	1	100.96678966789668	359.13653136531366	0	137	137
2	138	0	152.49427917620136	356.545766590389	0	138	138
2	139	0	76.4922711058264	361.5624256837099	0	139	139
2	140	13	440.3372956909361	352.89598811292717	0	140	140
2	141	0	10.974656810982049	364.6906019007392	0	141	141
2	142	0	28.712435233160623	361.3911917098446	0	142	142
2	143	0	52.14055299539171	360.12442396313367	0	143	143
2	144	3	210.8042194092827	360.38396624472574	0	144	144
2	145	6	425.6789751318764	378.68123587038434	0	145	145
2	146	6	156.8793998845932	383.3594922100404	0	146	146
2	147	4	286.97346859149434	373.8384705423332	0	147	147
2	148	33	462.5764705882353	377.3494117647059	0	148	148
2	149	3	37.47013782542113	381.30015313935684	0	149	149
2	150	1	216.47124117053482	382.5499495459132	0	150	150
2	151	0	499.09779951100245	384.9621026894865	0	151	151
2	152	3	383.00678851174933	385.43707571801565	0	152	152
2	153	1	253.98884120171672	390.6875536480687	0	153	153
2	154	1	478.6449275362319	398.89764492753625	0	154	154
2	155	0	61.51481481481481	392.39629629629627	0	155	155
2	156	1	82.34597156398104	396.40521327014216	0	156	156
2	157	12	338.094395280236	394.89464812473665	0	157	157
2	158	2	119.50526899611758	399.0377149195785	0	158	158
2	159	4	226.82930631332815	406.9314107560405	0	159	159
2	160	2	296.9462272333044	408.30529054640067	0	160	160
2	161	3	31.323021582733812	406.72661870503595	0	161	161
2	162	5	437.0909583107742	416.0806713589605	0	162	162
2	163	0	499.5270394133822	428.28414298808434	0	163	163
2	164	3	184.78549477566074	420.8973570989551	0	164	164
2	165	0	63.259319286871964	428.6215559157212	0	165	165
2	166	0	12.599406528189911	432.20623145400594	0	166	166
2	167	1	164.9532117367169	440.7525773195876	0	167	167
2	168	11	386.70489353754203	437.50466940605156	0	168	168
2	169	14	99.98363750786659	433.8867212083071	0	169	169
2	170	102	331.7237237237237	436.044187044187	0	170	170
2	171	1	135.79145173176124	446.07516580692703	0	171	171
2	172	0	27.516220028208746	452.02256699576867	0	172	172
2	173	55	470.3608597285068	444.9994343891403	0	173	173
2	174	1	74.67269439421338	461.4566003616637	0	174	174
2	175	0	446.99934210526317	472.5986842105263	0	175	175
2	176	8	346.6279329608939	470.71564245810055	0	176	176
2	177	0	116.98588899341486	471.9181561618062	0	177	177
2	178	55	288.776220145379	472.7066458982347	0	178	178
2	179	1	498.44444444444446	472.2007797270955	0	179	179
2	180	0	179.50709018718095	486.98298355076577	0	180	180
2	181	2	24.4672131147541	485.6075819672131	0	181	181
2	182	0	82.82558139534883	488.5825581395349	0	182	182
2	183	0	49.42110358180058	486.6969990319458	0	183	183
2	184	0	145.84405458089668	490.0204678362573	0	184	184
2	185	0	8.112676056338028	487.9389671361502	0	185	185
2	186	1	328.1648700063412	497.59543436905517	0	186	186
2	187	1	468.2474820143885	493.46618705035974	0	187	187
2	188	0	2.973684210526316	501.3070175438597	0	188	188
2	189	0	109.37128712871286	499.5309405940594	0	189	189
2	190	0	503.93375394321765	500.77917981072557	0	190	190
2	191	0	394.83247232472326	494.49446494464945	0	191	191
2	192	0	67.76616915422886	504.547263681592	0	192	192
2	193	1	427.9403341288783	498.3162291169451	0	193	193
2	194	3	482.30315789473684	503.88631578947366	0	194	194
3	1	0	227.01960784313727	8.261904761904763	0	1	1
3	2	0	267.3883299798793	7.23943661971831	0	2	2
3	3	0	459.62512873326466	9.553038105046344	0	3	3
3	4	0	294.0865603644647	14.0	0	4	4
3	5	0	88.62655971479501	13.485739750445633	0	5	5
3	6	0	418.5228712174525	21.71076706544687	0	6	6
3	7	0	504.03076923076924	13.964835164835165	0	7	7
3	8	18	117.63120176405734	27.040242557883133	0	8	8
3	9	0	367.27640036730946	24.444444444444443	0	9	9
3	10	1	257.7057387057387	24.912087912087912	0	10	10
3	11	0	199.232693911593	22.220183486238533	0	11	11
3	12	0	303.558648111332	36.02882703777336	0	12	12
3	13	0	185.97732696897376	43.15871121718377	0	13	13
3	14	2	491.7132867132867	38.39238539238539	0	14	14
3	15	0	41.75104311543811	41.08970792767733	0	15	15
3	16	0	234.6299862448418	35.87207702888583	0	16	16
3	17	23	452.2935684647303	42.905601659751035	0	17	17
3	18	0	271.21166306695466	48.696544276457885	0	18	18
3	19	0	324.00999286224123	49.25410421127766	0	19	19
3	20	0	157.5887384176764	48.68781183178903	0	20	20
3	21	0	213.50357142857143	51.67142857142857	0	21	21
3	22	0	394.5911764705882	51.16372549019608	0	22	22
3	23	0	234.98398576512454	64.63345195729538	0	23	23
3	24	0	261.53051643192487	63.347417840375584	0	24	24
3	25	0	87.17225161669606	62.67842445620224	0	25	25
3	26	0	353.89249806651196	66.24129930394432	0	26	26
3	27	0	402.6252158894646	72.92141623488774	0	27	27
3	28	0	498.76984126984127	75.31845238095238	0	28	28
3	29	0	265.67651888341544	82.21346469622331	0	29	29
3	30	0	155.5550510783201	78.45402951191828	0	30	30
3	31	0	182.0162162162162	74.03513513513514	0	31	31
3	32	0	200.01839080459771	74.28045977011494	0	32	32
3	33	0	445.9417122040073	78.8354584092289	0	33	33
3	34	0	219.91809775429326	83.14002642007927	0	34	34
3	35	0	309.6772968868641	84.90888382687928	0	35	35
3	36	0	70.65728077232502	87.65486725663717	0	36	36
3	37	0	195.3281767955801	100.48508287292817	0	37	37
3	38	0	358.4401294498382	93.99137001078749	0	38	38
3	39	0	169.29122807017544	95.00350877192983	0	39	39
3	40	0	144.67977528089887	102.46629213483146	0	40	40
3	41	0	237.8109965635739	108.74639175257732	0	41	41
3	42	0	387.3142345568487	107.45837063563116	0	42	42
3	43	0	433.6209813874788	112.86717428087987	0	43	43
3	44	0	47.77319086935405	110.2491500728509	0	44	44
3	45	0	473.3065476190476	112.24603174603175	0	45	45
3	46	0	327.802270577105	109.43708609271523	0	46	46
3	47	0	281.42337298810355	114.16235129461161	0	47	47
3	48	0	176.62173913043478	113.67391304347827	0	48	48
3	49	0	410.3847926267281	120.33026113671275	0	49	49
3	50	0	163.24137931034483	124.77758620689656	0	50	50
3	51	0	364.06602641056423	122.61224489795919	0	51	51
3	52	0	121.77011494252874	124.88013136288998	0	52	52
3	53	0	150.22433035714286	140.80691964285714	0	53	53
3	54	0	310.3178294573643	131.32713178294574	0	54	54
3	55	0	243.30812151270925	143.81835089894605	0	55	55
3	56	0	342.1014799154334	140.97885835095138	0	56	56
3	57	0	201.72170585019137	140.65500273373428	0	57	57
3	58	0	287.9638709677419	146.5483870967742	0	58	58
3	59	1	103.32227185705169	154.03573707721762	0	59	59
3	60	0	319.4514925373134	155.40111940298507	0	60	60
3	61	0	455.24444444444447	152.3820512820513	0	61	61
3	62	0	183.40112464854732	166.9568884723524	0	62	62
3	63	0	373.84936479128856	157.80943738656987	0	63	63
3	64	0	399.3615771812081	160.8951342281879	0	64	64
3	65	0	303.4959677419355	177.68682795698925	0	65	65
3	66	0	428.41964285714283	169.22483766233765	0	66	66
3	67	0	354.72996515679444	171.0121951219512	0	67	67
3	68	0	334.6773722627737	179.9956204379562	0	68	68
3	69	0	138.26874279123413	170.60207612456747	0	69	69
3	70	0	464.35946462715106	186.52772466539196	0	70	70
3	71	0	22.217391304347824	178.59677419354838	0	71	71
3	72	0	164.496	188.6496	0	72	72
3	73	0	135.76053442959918	199.81603288797533	0	73	73
3	74	0	365.41744548286607	191.55919003115264	0	74	74
3	75	0	46.77176586325627	195.5986227250369	0	75	75
3	76	1	108.3063524590164	192.06967213114754	0	76	76
3	77	0	396.2773722627737	201.21167883211677	0	77	77
3	78	0	354.89410348977134	208.60529482551144	0	78	78
3	79	1	426.1283482142857	203.80580357142858	0	79	79
3	80	0	498.9731182795699	202.83870967741936	0	80	80
3	81	0	206.3720682302772	210.25639658848615	0	81	81
3	82	0	84.13493800145879	218.45222465353757	0	82	82
3	83	3	117.01956271576525	225.20713463751437	0	83	83
3	84	0	495.75291375291374	232.17715617715618	0	84	84
3	85	0	445.7429854096521	228.72615039281706	0	85	85
3	86	0	377.40579710144925	231.4575569358178	0	86	86
3	87	0	471.35315445975345	233.77302393038434	0	87	87
3	88	1	153.7348416289593	231.01538461538462	0	88	88
3	89	0	415.7140883977901	237.39019337016575	0	89	89
3	90	1	13.074569789674952	232.4168260038241	0	90	90
3	91	0	305.3932527693857	237.24420946626384	0	91	91
3	92	0	349.6184092940125	240.49865951742626	0	92	92
3	93	2	174.37122969837586	250.05104408352668	0	93	93
3	94	1	237.96026490066225	248.81110059918007	0	94	94
3	95	0	90.01851851851852	255.786717752235	0	95	95
3	96	0	129.5805958747135	258.2452253628724	0	96	96
3	97	16	9.166666666666666	259.07738095238096	0	97	97
3	98	1	388.0857338820302	266.20713305898494	0	98	98
3	99	0	443.73907615480647	269.52559300873907	0	99	99
3	100	1	328.2372093023256	273.59457364341085	0	100	100
3	101	0	498.89531079607417	269.8473282442748	0	101	101
3	102	1	33.50868232890705	264.00306435137895	0	102	102
3	103	0	476.38002773925103	275.64771151178917	0	103	103
3	104	0	196.3827392120075	273.2673545966229	0	104	104
3	105	0	8.582867783985103	282.9776536312849	0	105	105
3	106	0	34.95700636942675	288.11464968152865	0	106	106
3	107	0	360.00146412884334	285.3433382137628	0	107	107
3	108	43	293.7268106734435	281.31067344345615	0	108	108
3	109	0	178.05046728971962	294.9878504672897	0	109	109
3	110	0	98.46905222437137	287.5657640232108	0	110	110
3	111	2	147.09680542110357	285.85866408518876	0	111	111
3	112	1	219.4910007199424	296.04319654427644	0	112	112
3	113	0	467.8783542039356	302.1618962432916	0	113	113
3	114	1	259.84719710669077	297.88426763110306	0	114	114
3	115	0	500.5329457364341	299.6744186046512	0	115	115
3	116	0	402.2343268242549	306.8509763617677	0	116	116
3	117	0	52.61340206185567	306.2371134020619	0	117	117
3	118	1	117.13270142180095	308.2630331753555	0	118	118
3	119	0	13.8670465337132	315.2431149097816	0	119	119
3	120	0	152.6791314837153	314.22316043425815	0	120	120
3	121	0	89.56023391812866	316.14736842105265	0	121	121
3	122	2	332.4362455726092	317.4037780401417	0	122	122
3	123	1	234.10617283950617	321.7662551440329	0	123	123
3	124	0	428.2025620496397	318.5788630904724	0	124	124
3	125	67	279.64084507042253	322.41901408450707	0	125	125
3	126	0	367.2040673211781	325.92847124824686	0	126	126
3	127	0	133.54448871181938	325.9123505976096	0	127	127
3	128	0	450.6677454153182	327.6073354908306	0	128	128
3	129	0	501.6530944625407	325.83061889250814	0	129	129
3	130	0	63.85207100591716	332.4881656804734	0	130	130
3	131	0	161.41351888667992	343.3836978131213	0	131	131
3	132	0	305.328320802005	332.8521303258145	0	132	132
3	133	0	475.20569395017793	341.3138790035587	0	133	133
3	134	1	190.67528735632183	346.4798850574713	0	134	134
3	135	1	237.1707509881423	351.39525691699606	0	135	135
3	136	10	277.71026490066225	358.07201986754967	0	136	136
3	137	1	317.51981566820274	357.45069124423964	0	137	137
3	138	0	83.42263122017724	362.4894342194956	0	138	138
3	139	1	414.0304114490161	357.0137149672033	0	139	139
3	140	0	116.18598660484287	358.1231324059763	0	140	140
3	141	0	496.6214953271028	367.4663551401869	0	141	141
3	142	0	216.60533333333333	369.0248888888889	0	142	142
3	143	0	372.23217247097847	366.8142620232172	0	143	143
3	144	0	465.1761467889908	373.4183486238532	0	144	144
3	145	2	172.01848998459167	378.73651771956855	0	145	145
3	146	0	334.38242574257424	379.22153465346537	0	146	146
3	147	1	407.8135426889107	390.6447497546614	0	147	147
3	148	0	380.3884892086331	394.6906474820144	0	148	148
3	149	0	504.2241379310345	394.1961206896552	0	149	149
3	150	2	256.03055555555557	386.78055555555557	0	150	150
3	151	0	436.58306709265173	388.19488817891374	0	151	151
3	152	0	458.03537735849056	393.65330188679246	0	152	152
3	153	24	194.23836126629422	400.304469273743	0	153	153
3	154	3	294.1143674052895	394.638313080772	0	154	154
3	155	9	223.26961226330027	402.9630297565374	0	155	155
3	156	21	144.3389199255121	405.05167597765364	0	156	156
3	157	1	348.63197026022306	411.1635687732342	0	157	157
3	158	0	485.8123076923077	407.3353846153846	0	158	158
3	159	0	451.3348017621145	422.92322215229706	0	159	159
3	160	0	421.4936247723133	416.8870673952641	0	160	160
3	161	52	262.6576680068926	423.5709362435382	0	161	161
3	162	3	384.8920664206642	425.74446494464945	0	162	162
3	163	0	473.11516853932585	429.29213483146066	0	163	163
3	164	6	296.8022922636103	433.7774594078319	0	164	164
3	165	0	321.2325581395349	433.75830564784053	0	165	165
3	166	0	423.61186770428014	440.4212062256809	0	166	166
3	167	0	221.7816091954023	433.32088122605364	0	167	167
3	168	0	490.4106334841629	436.3122171945701	0	168	168
3	169	1	190.99446749654217	435.02213001383126	0	169	169
3	170	0	208.05345911949686	459.8364779874214	0	170	170
3	171	35	347.86413902053715	448.79778830963664	0	171	171
3	172	0	25.14392905866303	449.34242837653477	0	172	172
3	173	3	243.1879404855129	457.88018794048554	0	173	173
3	174	0	95.6879100281162	444.36082474226805	0	174	174
3	175	0	394.9363449691992	452.258726899384	0	175	175
3	176	3	174.19864750633982	452.40912933220625	0	176	176
3	177	0	413.3726315789474	457.73052631578946	0	177	177
3	178	0	490.0723606168446	458.01542111506524	0	178	178
3	179	0	92.37881508078995	464.3608617594255	0	179	179
3	180	0	372.2957430918596	468.87677371172515	0	180	180
3	181	0	58.58169291338583	470.19832677165357	0	181	181
3	182	0	500.5075593952484	474.2526997840173	0	182	182
3	183	7	281.1701215153681	467.25375268048606	0	183	183
3	184	0	154.024236983842	470.0206463195691	0	184	184
3	185	0	398.2674825174825	478.77272727272725	0	185	185
3	186	0	433.54085155350975	475.0897583429229	0	186	186
3	187	0	467.22885283893396	485.3545770567787	0	187	187
3	188	1	192.4116331096197	481.38926174496646	0	188	188
3	189	0	407.1862068965517	492.7241379310345	0	189	189
3	190	0	95.62793572311496	491.9103831891224	0	190	190
3	191	0	170.62809917355372	491.72314049586777	0	191	191
3	192	1	347.0384917517675	489.8884524744698	0	192	192
3	193	0	235.49257232212665	493.34714620797496	0	193	193
3	194	0	306.47792494481234	492.68101545253865	0	194	194
3	195	1	261.4482109227872	496.12994350282486	0	195	195
3	196	0	132.48109412711182	496.7489943684634	0	196	196
3	197	0	427.3481182795699	501.1975806451613	0	197	197
3	198	14	282.0	498.9178743961353	0	198	198
3	199	0	327.27370689655174	501.5431034482759	0	199	199
3	200	0	186.85682326621924	502.04250559284117	0	200	200
4	1	1	8.601895734597157	10.25829383886256	0	1	1
4	2	0	58.28810020876827	6.3528183716075155	0	2	2
4	3	0	170.40139211136892	6.494199535962877	0	3	3
4	4	0	203.44652908067542	6.956848030018762	0	4	4
4	5	0	292.04620462046205	4.419141914191419	0	5	5
4	6	0	324.09714285714284	6.797142857142857	0	6	6
4	7	0	351.9290465631929	12.19290465631929	0	7	7
4	8	0	380.33858267716533	8.356955380577428	0	8	8
4	9	1	468.843984962406	9.628759398496241	0	9	9
4	10	0	422.11478260869563	7.363478260869565	0	10	10
4	11	0	402.72759433962267	19.003537735849058	0	11	11
4	12	1	36.51111111111111	16.847619047619048	0	12	12
4	13	0	274.3100120627262	19.03980699638118	0	13	13
4	14	0	80.98357424441524	20.151773981603153	0	14	14
4	15	0	250.90694935217903	22.348645465253238	0	15	15
4	16	0	309.2026194144838	24.722650231124806	0	16	16
4	17	0	451.3808664259928	25.072202166064983	0	17	17
4	18	0	499.49038461538464	24.495726495726494	0	18	18
4	19	4	186.63939899833056	27.935726210350584	0	19	19
4	20	0	151.03851744186048	29.126453488372093	0	20	20
4	21	0	7.275747508305648	42.699335548172755	0	21	21
4	22	0	96.49173553719008	36.230027548209364	0	22	22
4	23	0	436.39344262295083	34.59953161592506	0	23	23
4	24	0	246.00552486187846	38.027624309392266	0	24	24
4	25	0	121.71654275092936	30.21003717472119	0	25	25
4	26	1	32.07193605683837	42.292184724689164	0	26	26
4	27	0	404.2894736842105	36.566481994459835	0	27	27
4	28	1	220.33172147001935	41.90618955512573	0	28	28
4	29	22	191.03846153846155	55.27838827838828	0	29	29
4	30	0	474.11033883579495	45.987836663770636	0	30	30
4	31	2	318.92051905920516	52.60340632603406	0	31	31
4	32	0	403.51612903225805	58.62163978494624	0	32	32
4	33	0	442.24408014571947	54.64845173041894	0	33	33
4	34	0	241.3887399463807	54.43699731903485	0	34	34
4	35	0	86.42301458670988	62.31442463533225	0	35	35
4	36	0	262.4636510500808	58.474959612277864	0	36	36
4	37	1	284.72297297297297	56.96734234234234	0	37	37
4	38	1	125.26673132880698	61.96023278370514	0	38	38
4	39	0	498.43202764976957	63.96198156682028	0	39	39
4	40	2	22.674531575294935	75.48022206800833	0	40	40
4	41	1	461.74877878576416	81.2595952547104	0	41	41
4	42	43	360.6703011422638	71.07113187954309	0	42	42
4	43	0	233.98092105263157	83.2125	0	43	43
4	44	0	428.38461538461536	80.95454545454545	0	44	44
4	45	0	71.52297042164884	87.88735053492763	0	45	45
4	46	0	139.3448051948052	84.53636363636363	0	46	46
4	47	0	301.57615894039736	89.3701250919794	0	47	47
4	48	0	196.87021414665801	90.02595717066839	0	48	48
4	49	0	268.21423862887275	97.41595253790376	0	49	49
4	50	3	332.4527659574468	93.98893617021277	0	50	50
4	51	0	418.4903160040775	105.16921508664628	0	51	51
4	52	4	374.23915737298637	101.3271375464684	0	52	52
4	53	39	13.342433697347895	112.50858034321372	0	53	53
4	54	0	149.6068931068931	117.2937062937063	0	54	54
4	55	1	356.2013769363167	119.83648881239243	0	55	55
4	56	0	461.80113367973547	121.22579121398205	0	56	56
4	57	0	502.3838526912181	124.39801699716713	0	57	57
4	58	0	58.7938864628821	123.40698689956332	0	58	58
4	59	0	91.56279434850863	120.47252747252747	0	59	59
4	60	14	384.6771653543307	123.44881889763779	0	60	60
4	61	0	116.0179806362379	131.68326417704012	0	61	61
4	62	1	411.49439102564105	131.13942307692307	0	62	62
4	63	0	200.2461187214612	131.0246575342466	0	63	63
4	64	1	333.0660377358491	130.51533018867926	0	64	64
4	65	0	38.19635627530364	130.915991902834	0	65	65
4	66	1	303.32039573820396	130.81430745814308	0	66	66
4	67	0	357.82964601769913	140.35398230088495	0	67	67
4	68	0	231.37689713322092	142.27908937605397	0	68	68
4	69	0	260.1121495327103	140.20920201294032	0	69	69
4	70	0	279.4993394980185	152.96433289299867	0	70	70
4	71	1	373.6868686868687	150.26695526695528	0	71	71
4	72	1	13.65556831228473	154.4052812858783	0	72	72
4	73	1	437.6447902571042	157.08119079837618	0	73	73
4	74	0	37.1169305724726	162.77101096224118	0	74	74
4	75	0	328.49877750611245	153.43031784841077	0	75	75
4	76	0	81.66395112016293	157.94840461642906	0	76	76
4	77	0	391.5144385026738	162.4385026737968	0	77	77
4	78	0	299.23962743437767	172.01439458086367	0	78	78
4	79	0	128.21732745961822	164.72834067547723	0	79	79
4	80	0	322.2950819672131	173.68852459016392	0	80	80
4	81	0	477.74098671726756	166.29222011385198	0	81	81
4	82	0	102.37925696594428	174.8421052631579	0	82	82
4	83	0	342.1001371742112	171.43484224965707	0	83	83
4	84	2	170.79744525547446	170.7220194647202	0	84	84
4	85	0	394.5872170439414	184.50599201065248	0	85	85
4	86	0	361.9978401727862	179.50539956803456	0	86	86
4	87	0	216.06169078446305	178.98476770754	0	87	87
4	88	0	456.5757341576507	187.1599690880989	0	88	88
4	89	0	65.18589743589743	182.39957264957266	0	89	89
4	90	0	267.2332233223322	189.0924092409241	0	90	90
4	91	0	240.6508108108108	187.71135135135134	0	91	91
4	92	0	369.449591280654	195.79019073569484	0	92	92
4	93	1	118.44406490179334	193.47651579846286	0	93	93
4	94	0	67.40116279069767	200.20058139534885	0	94	94
4	95	0	328.73895582329317	199.73627844712183	0	95	95
4	96	0	33.84588804422944	200.0276434001382	0	96	96
4	97	0	504.65834932821497	200.95201535508636	0	97	97
4	98	0	349.91205211726384	206.58957654723127	0	98	98
4	99	1	300.32234432234435	206.0668498168498	0	99	99
4	100	1	173.44110576923077	204.96634615384616	0	100	100
4	101	1	198.67453798767968	209.00102669404518	0	101	101
4	102	0	268.30388692579504	213.5512367491166	0	102	102
4	103	0	481.7842105263158	214.75029239766081	0	103	103
4	104	1	240.79245283018867	218.1243063263041	0	104	104
4	105	11	142.61712247324613	221.6195005945303	0	105	105
4	106	0	424.9806598407281	210.6825938566553	0	106	106
4	107	0	386.0685900925422	222.87588459444746	0	107	107
4	108	0	70.99456943366951	222.52986811481767	0	108	108
4	109	0	431.58152173913044	226.3586956521739	0	109	109
4	110	0	326.1246056782334	226.88958990536278	0	110	110
4	111	0	355.69710806697105	231.19786910197868	0	111	111
4	112	0	446.4200298953662	231.45291479820628	0	112	112
4	113	1	414.8044619422572	239.33595800524935	0	113	113
4	114	1	211.0693670886076	242.79443037974684	0	114	114
4	115	0	10.845528455284553	245.260162601626	0	115	115
4	116	0	34.59836065573771	243.22876304023845	0	116	116
4	117	0	57.963541666666664	248.046875	0	117	117
4	118	1	343.6633892423366	257.8316946211683	0	118	118
4	119	0	300.9401993355482	253.82225913621264	0	119	119
4	120	0	461.5055624227441	255.52904820766378	0	120	120
4	121	0	86.10111111111111	253.89333333333335	0	121	121
4	122	0	171.93294216261526	252.7376362112322	0	122	122
4	123	0	62.96322241681261	270.14886164623465	0	123	123
4	124	0	255.22680412371133	256.69974226804123	0	124	124
4	125	0	412.28424976700836	263.31686859273066	0	125	125
4	126	9	500.83569979716026	258.5618661257607	0	126	126
4	127	0	20.20679012345679	276.0679012345679	0	127	127
4	128	0	4.019047619047619	275.7952380952381	0	128	128
4	129	0	110.05978705978706	273.1064701064701	0	129	129
4	130	0	233.63079564968518	285.8506010303377	0	130	130
4	131	0	137.34175691937423	280.99578820697957	0	131	131
4	132	1	384.6340836012862	282.4424437299035	0	132	132
4	133	0	173.92035928143713	288.3185628742515	0	133	133
4	134	0	443.8261904761905	281.92738095238093	0	134	134
4	135	0	287.20746268656717	281.5970149253731	0	135	135
4	136	0	484.43300970873787	289.989644012945	0	136	136
4	137	23	85.76344086021506	293.97772657450076	0	137	137
4	138	0	418.51564310544615	296.946697566628	0	138	138
4	139	0	30.006901840490798	299.81365030674846	0	139	139
4	140	0	312.36131386861314	293.65875912408757	0	140	140
4	141	1	344.9634146341463	299.70403377110694	0	141	141
4	142	1	284.84722222222223	308.119708994709	0	142	142
4	143	0	442.2451253481894	309.57103064066854	0	143	143
4	144	1	252.80856945404284	319.6482377332412	0	144	144
4	145	0	462.2846347607053	324.58774139378676	0	145	145
4	146	1	70.08640939597315	319.51258389261744	0	146	146
4	147	0	120.42793462109955	323.85809806835067	0	147	147
4	148	1	14.292006525285482	330.86704730831974	0	148	148
4	149	35	345.07354116706637	331.8577138289368	0	149	149
4	150	0	104.76682692307692	342.3954326923077	0	150	150
4	151	0	418.48600223964166	344.2329227323628	0	151	151
4	152	0	72.4041184041184	345.44916344916345	0	152	152
4	153	0	494.4298245614035	344.0672514619883	0	153	153
4	154	0	374.6919540229885	347.6704980842912	0	154	154
4	155	120	255.1814834297738	355.21988427143606	0	155	155
4	156	1	51.899481865284976	356.2538860103627	0	156	156
4	157	30	314.5830028328612	356.9767705382436	0	157	157
4	158	0	456.9814126394052	361.02478314745974	0	158	158
4	159	0	478.26942355889724	361.6466165413534	0	159	159
4	160	0	26.19807834441981	365.57058388765705	0	160	160
4	161	0	84.97846153846154	366.66	0	161	161
4	162	4	348.91148325358853	375.1937799043062	0	162	162
4	163	0	183.76158940397352	373.3596026490066	0	163	163
4	164	0	116.9935960591133	381.17931034482757	0	164	164
4	165	0	386.89646464646466	377.0138888888889	0	165	165
4	166	0	152.3372582001682	387.3650126156434	0	166	166
4	167	26	488.7756452680344	390.8987425545996	0	167	167
4	168	5	272.75125768585804	390.31581889323644	0	168	168
4	169	0	50.63382737576286	393.0514385353095	0	169	169
4	170	0	82.55503144654088	392.5157232704403	0	170	170
4	171	0	392.94167206740116	405.5638366817887	0	171	171
4	172	0	447.3897280966767	406.6294058408862	0	172	172
4	173	24	358.8898148148148	409.4	0	173	173
4	174	1	323.6771653543307	410.28891580860085	0	174	174
4	175	0	85.15	414.53194444444443	0	175	175
4	176	1	225.28597957288764	406.1782729805014	0	176	176
4	177	0	23.058285714285713	420.0628571428571	0	177	177
4	178	0	500.8074398249453	420.9431072210066	0	178	178
4	179	1	181.72086570477248	417.34128745837955	0	179	179
4	180	1	257.7567567567568	424.02211302211305	0	180	180
4	181	0	60.45252774352651	423.83723797780516	0	181	181
4	182	0	224.9551912568306	432.7081967213115	0	182	182
4	183	0	113.70317002881845	427.3314121037464	0	183	183
4	184	0	92.2394366197183	438.6802816901409	0	184	184
4	185	0	148.57290991574854	434.4031108230719	0	185	185
4	186	22	291.9655737704918	439.7573770491803	0	186	186
4	187	1	335.39781746031747	445.55059523809524	0	187	187
4	188	16	363.26015625	450.715625	0	188	188
4	189	0	387.0919395465995	451.36146095717885	0	189	189
4	190	2	228.49116904962153	456.1194280908326	0	190	190
4	191	0	465.6682641107561	448.34078807241747	0	191	191
4	192	0	127.8347245409015	453.7762938230384	0	192	192
4	193	0	50.602487333026254	460.5057577153386	0	193	193
4	194	0	169.45626631853787	466.5626631853786	0	194	194
4	195	0	92.80653482373172	467.7463456577816	0	195	195
4	196	0	120.5752688172043	470.5017921146953	0	196	196
4	197	0	314.0799112097669	469.2785793562708	0	197	197
4	198	2	257.65423242467716	472.3586800573888	0	198	198
4	199	0	11.510170870626526	478.40764849471117	0	199	199
4	200	0	340.7150259067358	480.63082901554407	0	200	200
4	201	0	456.9899253731343	484.54141791044776	0	201	201
4	202	0	307.3581267217631	493.0082644628099	0	202	202
4	203	0	136.02208201892745	493.603785488959	0	203	203
4	204	0	219.8982645122681	494.7534410532615	0	204	204
4	205	0	290.0984393757503	492.40576230492195	0	205	205
4	206	0	323.1540041067762	501.5154004106776	0	206	206
4	207	0	267.43150684931504	498.17397260273975	0	207	207
4	208	0	365.8928327645051	496.45597269624574	0	208	208
4	209	0	49.37765957446808	498.094414893617	0	209	209
4	210	0	94.63193657984145	500.2525481313703	0	210	210
4	211	0	413.52203721841335	501.1234084231146	0	211	211
5	1	0	181.15076923076924	4.476923076923077	0	1	1
5	2	0	227.57384615384615	9.024615384615384	0	2	2
5	3	0	256.54987834549877	6.8345498783454985	0	3	3
5	4	0	500.3592233009709	14.384188626907074	0	4	4
5	5	21	56.732283464566926	11.250656167979002	0	5	5
5	6	0	149.78825136612022	12.867486338797814	0	6	6
5	7	1	404.1359773371105	19.033050047214353	0	7	7
5	8	0	306.4838888888889	16.733333333333334	0	8	8
5	9	11	431.7067901234568	15.525720164609053	0	9	9
5	10	0	101.13436123348018	14.135462555066079	0	10	10
5	11	0	127.46424759871931	26.233724653148347	0	11	11
5	12	0	179.23479087452472	24.825095057034222	0	12	12
5	13	0	268.6235167206041	24.639697950377563	0	13	13
5	14	1	65.80516684607105	30.865446716899893	0	14	14
5	15	22	454.0695102685624	30.642443391258556	0	15	15
5	16	0	89.46408839779005	36.644567219152854	0	16	16
5	17	0	241.03648424543948	40.63515754560531	0	17	17
5	18	0	45.85338345864662	44.17293233082707	0	18	18
5	19	0	19.354104254044337	36.180347513481124	0	19	19
5	20	0	162.0380658436214	45.8724279835391	0	20	20
5	21	6	279.4848484848485	50.39309764309764	0	21	21
5	22	0	106.07736943907156	50.1431334622824	0	22	22
5	23	1	483.19827586206895	49.492163009404386	0	23	23
5	24	0	210.57380073800738	51.35916359163592	0	24	24
5	25	0	430.4620253164557	56.38132911392405	0	25	25
5	26	0	325.01847575057735	54.47190146266359	0	26	26
5	27	0	130.6267605633803	62.684859154929576	0	27	27
5	28	0	389.8548752834467	60.585789871504154	0	28	28
5	29	0	65.14150943396227	61.160377358490564	0	29	29
5	30	0	157.11713286713288	70.06643356643356	0	30	30
5	31	2	298.23753280839895	70.53543307086615	0	31	31
5	32	0	90.02325581395348	65.81860465116279	0	32	32
5	33	0	422.74342105263156	73.27960526315789	0	33	33
5	34	0	504.921875	61.067708333333336	0	34	34
5	35	1	344.1048593350384	77.94202898550725	0	35	35
5	36	0	177.04474272930648	75.94519015659955	0	36	36
5	37	0	462.61955555555556	78.11733333333333	0	37	37
5	38	0	10.53265602322206	82.8388969521045	0	38	38
5	39	3	271.8775330396476	82.431718061674	0	39	39
5	40	0	62.04651162790697	86.27209302325582	0	40	40
5	41	23	373.0866710439921	89.23046618516086	0	41	41
5	42	0	507.7984496124031	91.16666666666667	0	42	42
5	43	0	491.23735050597975	92.70193192272309	0	43	43
5	44	4	100.91061452513966	91.19413407821229	0	44	44
5	45	1	212.27331420373028	88.91535150645625	0	45	45
5	46	33	309.79340836012864	98.42604501607717	0	46	46
5	47	0	184.96648793565683	102.03753351206434	0	47	47
5	48	0	138.2776073619632	94.42331288343559	0	48	48
5	49	0	251.04242424242423	96.16666666666667	0	49	49
5	50	0	440.21002949852505	101.70678466076696	0	50	50
5	51	0	126.92711370262391	108.86297376093295	0	51	51
5	52	0	229.46265060240964	108.12530120481928	0	52	52
5	53	0	162.65368852459017	113.88217213114754	0	53	53
5	54	1	78.72062084257206	118.37139689578714	0	54	54
5	55	0	14.101418439716312	123.51560283687944	0	55	55
5	56	0	409.27175843694494	119.37744227353464	0	56	56
5	57	0	334.3243243243243	121.38622493461203	0	57	57
5	58	0	145.22843822843822	124.85780885780886	0	58	58
5	59	1	268.48821292775665	127.4532319391635	0	59	59
5	60	0	47.747126436781606	119.13455037187289	0	60	60
5	61	38	107.89310954063605	130.07773851590105	0	61	61
5	62	0	374.02311643835617	122.99229452054794	0	62	62
5	63	1	240.58861578266493	132.3221216041397	0	63	63
5	64	0	133.4093567251462	133.81578947368422	0	64	64
5	65	1	302.2890044576523	137.02526002971769	0	65	65
5	66	0	195.30054644808743	132.6568306010929	0	66	66
5	67	0	222.57486136783734	141.4343807763401	0	67	67
5	68	0	424.7144194756554	142.57865168539325	0	68	68
5	69	0	42.836436170212764	149.98670212765958	0	69	69
5	70	1	464.32881085395053	138.57940941739824	0	70	70
5	71	0	179.8016415868673	148.109439124487	0	71	71
5	72	0	368.3012379642366	150.07496561210453	0	72	72
5	73	0	133.3437908496732	150.74771241830067	0	73	73
5	74	0	328.7467391304348	156.675	0	74	74
5	75	3	73.64298615291993	159.63937387116195	0	75	75
5	76	0	149.88031496062993	159.8566929133858	0	76	76
5	77	3	449.2283996994741	166.31630353117956	0	77	77
5	78	0	490.3345259391771	163.17799642218247	0	78	78
5	79	0	165.83895131086143	170.23970037453182	0	79	79
5	80	1	207.37027027027028	170.89549549549548	0	80	80
5	81	37	267.08947664603267	170.20258863252673	0	81	81
5	82	0	504.03478260869565	183.2195652173913	0	82	82
5	83	0	99.42090395480226	178.82697740112994	0	83	83
5	84	0	320.23036303630363	182.64224422442246	0	84	84
5	85	0	131.958407079646	186.8150442477876	0	85	85
5	86	0	365.6251944012442	187.88491446345256	0	86	86
5	87	0	180.99763593380615	188.12174940898345	0	87	87
5	88	0	391.5865800865801	191.71428571428572	0	88	88
5	89	7	449.27667493796525	192.9714640198511	0	89	89
5	90	0	413.0033467202142	192.33868808567604	0	90	90
5	91	0	218.9923273657289	198.34356351236147	0	91	91
5	92	0	160.536690647482	201.8820143884892	0	92	92
5	93	2	476.3931558935361	204.62661596958174	0	93	93
5	94	0	259.0729579698652	202.71609833465504	0	94	94
5	95	0	416.3333333333333	216.34296724470136	0	95	95
5	96	0	241.01875901875903	218.06926406926408	0	96	96
5	97	0	186.29992520568436	223.55646970830216	0	97	97
5	98	0	142.84345281638625	223.57790782735918	0	98	98
5	99	0	339.03608923884514	219.54265091863516	0	99	99
5	100	1	492.64094488188977	222.5448818897638	0	100	100
5	101	0	98.05048790835808	224.948663555367	0	101	101
5	102	0	51.045288912024986	222.09786569495054	0	102	102
5	103	0	448.945885841364	231.19421793921424	0	103	103
5	104	0	247.29107981220656	235.518779342723	0	104	104
5	105	0	215.95817120622567	238.8647859922179	0	105	105
5	106	0	420.4583333333333	240.25462962962962	0	106	106
5	107	1	11.54006968641115	232.93379790940767	0	107	107
5	108	0	313.8141447368421	241.49588815789474	0	108	108
5	109	11	497.90281562216165	247.23069936421436	0	109	109
5	110	1	266.12960436562076	251.0586630286494	0	110	110
5	111	0	238.72643097643098	262.3636363636364	0	111	111
5	112	5	353.4439592430859	254.95633187772927	0	112	112
5	113	0	26.751141552511417	260.36377473363774	0	113	113
5	114	1	69.7888956680903	261.91946308724835	0	114	114
5	115	0	397.2536092396535	262.0009624639076	0	115	115
5	116	0	137.20437405731522	257.96983408748116	0	116	116
5	117	0	178.39842597147074	269.45400885391047	0	117	117
5	118	0	6.590909090909091	282.702479338843	0	118	118
5	119	1	108.84197376639601	275.44971892567145	0	119	119
5	120	4	452.7775071051563	279.90986601705237	0	120	120
5	121	0	329.7662116040956	279.7844141069397	0	121	121
5	122	0	286.88446559930765	287.3933362180874	0	122	122
5	123	0	25.47906976744186	290.5751937984496	0	123	123
5	124	0	122.9002849002849	299.3119658119658	0	124	124
5	125	0	53.00212464589235	297.0856940509915	0	125	125
5	126	0	212.97177848775294	298.37965921192756	0	126	126
5	127	0	397.2549837737599	307.1534538711173	0	127	127
5	128	0	245.54701298701298	316.04623376623374	0	128	128
5	129	1	157.65520446096653	308.59200743494426	0	129	129
5	130	1	342.9854096520763	318.45454545454544	0	130	130
5	131	0	196.4700996677741	333.19933554817277	0	131	131
5	132	0	117.47557840616966	332.8843187660668	0	132	132
5	133	0	458.4317912218268	328.16963226571767	0	133	133
5	134	0	495.1870206489676	338.91386430678466	0	134	134
5	135	0	161.34220532319392	344.8079847908745	0	135	135
5	136	0	89.17129928894634	345.3102779573368	0	136	136
5	137	0	454.2166517457475	356.041181736795	0	137	137
5	138	0	54.41139846743295	348.76724137931035	0	138	138
5	139	2	342.2909090909091	352.979797979798	0	139	139
5	140	1	420.87544483985766	349.69954245043215	0	140	140
5	141	0	141.7031528851874	365.390243902439	0	141	141
5	142	1	187.89849414389292	368.13496932515335	0	142	142
5	143	1	246.2135319677219	355.9130974549969	0	143	143
5	144	1	478.414590747331	378.8297746144721	0	144	144
5	145	0	393.24346629986246	373.9828060522696	0	145	145
5	146	0	222.84438305709023	377.89686924493554	0	146	146
5	147	1	352.63941299790355	378.8186582809224	0	147	147
5	148	0	290.4357326478149	380.4125964010283	0	148	148
5	149	0	257.9812030075188	389.953634085213	0	149	149
5	150	0	16.624313186813186	392.94436813186815	0	150	150
5	151	0	99.9047376464595	392.01120733571065	0	151	151
5	152	0	313.64814814814815	389.3835978835979	0	152	152
5	153	0	361.6676056338028	396.28169014084506	0	153	153
5	154	0	59.325951825951826	406.73543123543124	0	154	154
5	155	0	346.25964391691394	411.63204747774483	0	155	155
5	156	0	409.03852080123266	401.54237288135596	0	156	156
5	157	0	433.8590909090909	398.75454545454545	0	157	157
5	158	0	229.15889691398556	410.7760998030204	0	158	158
5	159	0	328.028384279476	404.98908296943233	0	159	159
5	160	0	379.15285714285716	414.09714285714284	0	160	160
5	161	0	311.53609341825904	421.7016985138004	0	161	161
5	162	0	172.57068062827224	415.4267015706806	0	162	162
5	163	0	194.95472287275567	414.3887587822014	0	163	163
5	164	0	146.97693672383204	417.27321111768185	0	164	164
5	165	0	438.57733927434754	429.49458943348185	0	165	165
5	166	0	405.94944707740916	431.0268562401264	0	166	166
5	167	0	272.7728315741166	430.40890316659016	0	167	167
5	168	44	479.90279214064117	431.37642192347465	0	168	168
5	169	2	504.13527851458883	450.9973474801061	0	169	169
5	170	0	349.91750841750843	449.73569023569024	0	170	170
5	171	0	175.69521912350598	453.4808764940239	0	171	171
5	172	0	321.92857142857144	455.0628571428571	0	172	172
5	173	0	125.78154761904761	454.02202380952383	0	173	173
5	174	0	99.5	466.01028277634964	0	174	174
5	175	0	16.61340206185567	471.6011597938144	0	175	175
5	176	0	240.98351914687348	472.39408628211345	0	176	176
5	177	0	209.4594982078853	486.2437275985663	0	177	177
5	178	0	409.5584777227723	485.0247524752475	0	178	178
5	179	8	323.172859450727	489.3613354873452	0	179	179
5	180	0	180.25225225225225	494.70188370188373	0	180	180
5	181	0	279.9419953596288	493.54408352668213	0	181	181
5	182	1	105.632	499.43733333333336	0	182	182
5	183	1	84.61091549295774	501.65492957746477	0	183	183
5	184	0	131.1640826873385	500.31007751937983	0	184	184
6	1	0	137.93375796178344	8.25859872611465	0	1	1
6	2	0	179.13945578231292	7.173469387755102	0	2	2
6	3	0	234.6074074074074	11.64537037037037	0	3	3
6	4	0	306.4867256637168	8.427728613569322	0	4	4
6	5	0	450.1634408602151	13.13978494623656	0	5	5
6	6	0	392.4781923279033	22.767735155018393	0	6	6
6	7	0	28.2256	21.651733333333333	0	7	7
6	8	0	201.79006410256412	25.295673076923077	0	8	8
6	9	0	357.68685645063596	24.897032101756512	0	9	9
6	10	0	289.83168316831683	25.86930693069307	0	10	10
6	11	0	163.87287602265576	34.91944619257394	0	11	11
6	12	0	265.3549180327869	35.50327868852459	0	12	12
6	13	0	109.87403314917127	41.31823204419889	0	13	13
6	14	0	425.40982142857143	46.71026785714286	0	14	14
6	15	0	232.2184666117065	45.14756801319044	0	15	15
6	16	0	484.9244935543278	57.06077348066298	0	16	16
6	17	0	296.01276102088167	65.59048723897912	0	17	17
6	18	0	83.43090167648391	68.38015405527865	0	18	18
6	19	0	40.85548293391431	64.12490922294843	0	19	19
6	20	0	261.94945355191254	75.94808743169399	0	20	20
6	21	0	318.00643776824035	69.53648068669528	0	21	21
6	22	0	225.87451843698403	82.1832691249312	0	22	22
6	23	0	380.3133788670149	78.24989955805545	0	23	23
6	24	0	188.3926128590971	84.38394892840857	0	24	24
6	25	0	328.2729007633588	84.66030534351145	0	25	25
6	26	0	487.21724890829694	88.6877729257642	0	26	26
6	27	0	24.436482084690553	84.14766558089033	0	27	27
6	28	1	351.7742980561555	87.43088552915766	0	28	28
6	29	0	135.35391822827938	97.73722316865417	0	29	29
6	30	0	6.886581469648562	98.24121405750799	0	30	30
6	31	0	63.76230076230076	112.06999306999307	0	31	31
6	32	0	326.0058004640371	113.73723897911833	0	32	32
6	33	0	432.18410700236035	112.77616050354052	0	33	33
6	34	0	37.62176724137931	114.52047413793103	0	34	34
6	35	0	96.79274611398964	121.90673575129534	0	35	35
6	36	0	228.38132064247472	129.61748958953004	0	36	36
6	37	0	14.650390625	133.0546875	0	37	37
6	38	13	166.32976827094475	130.27183600713013	0	38	38
6	39	0	136.9260808926081	144.64016736401675	0	39	39
6	40	0	199.88326127239037	138.62198888202593	0	40	40
6	41	0	488.6803892215569	149.9925149700599	0	41	41
6	42	9	42.06104651162791	152.4890988372093	0	42	42
6	43	0	407.94246575342464	151.12739726027397	0	43	43
6	44	1	319.5893939393939	156.7479797979798	0	44	44
6	45	0	278.2501467997651	153.1015854374633	0	45	45
6	46	0	369.15707547169814	165.9391509433962	0	46	46
6	47	0	436.3901791639018	171.49037823490377	0	47	47
6	48	0	155.8768197088466	172.16797312430012	0	48	48
6	49	0	193.8052347959969	169.0392609699769	0	49	49
6	50	0	68.96282973621103	164.2494004796163	0	50	50
6	51	0	123.47656661400737	180.80463401790416	0	51	51
6	52	0	287.6842105263158	184.30023923444975	0	52	52
6	53	0	88.21345875542691	184.7727930535456	0	53	53
6	54	6	28.35186794092094	185.39704604691573	0	54	54
6	55	0	195.9443190368698	196.41309255079005	0	55	55
6	56	0	51.39811912225705	204.5744514106583	0	56	56
6	57	0	241.05533333333332	191.058	0	57	57
6	58	0	480.93283582089555	199.65565031982942	0	58	58
6	59	1	304.2617230098146	203.01090512540895	0	59	59
6	60	70	337.7207062600321	205.0294275013376	0	60	60
6	61	0	370.6350314026518	211.72505233775297	0	61	61
6	62	0	444.3477551020408	208.81142857142856	0	62	62
6	63	1	15.375895765472313	223.09967426710097	0	63	63
6	64	0	228.89956647398844	221.50794797687863	0	64	64
6	65	1	399.09474954737476	222.7592033796017	0	65	65
6	66	0	115.9621668099742	219.9415305245056	0	66	66
6	67	0	423.9757281553398	225.77184466019418	0	67	67
6	68	0	74.35647816750179	225.26270579813888	0	68	68
6	69	0	154.91167753408416	227.24303497332542	0	69	69
6	70	33	282.4316469321851	223.57158234660926	0	70	70
6	71	0	500.59526261585995	238.74665293511845	0	71	71
6	72	1	460.00467289719626	243.84112149532712	0	72	72
6	73	0	91.35585156993339	247.0618458610847	0	73	73
6	74	19	303.3783505154639	238.2742268041237	0	74	74
6	75	3	202.61108122646584	249.54168908015063	0	75	75
6	76	21	335.0361842105263	253.9671052631579	0	76	76
6	77	1	153.1638846737481	260.91881638846735	0	77	77
6	78	59	248.39959568733153	250.1933962264151	0	78	78
6	79	0	429.00192307692305	254.46346153846153	0	79	79
6	80	17	296.0678832116788	264.15547445255476	0	80	80
6	81	0	112.2491730981257	258.2965821389195	0	81	81
6	82	6	258.00314465408803	269.4559748427673	0	82	82
6	83	0	127.09378531073446	278.87796610169494	0	83	83
6	84	0	11.848242811501597	276.07108626198084	0	84	84
6	85	0	412.47090663058185	278.9729364005413	0	85	85
6	86	0	449.06164931945557	279.99439551641314	0	86	86
6	87	0	382.1480075901328	285.60531309297915	0	87	87
6	88	0	494.6601435094586	286.2159165035877	0	88	88
6	89	43	272.6306345733042	293.1317286652079	0	89	89
6	90	0	100.45477178423236	294.64066390041495	0	90	90
6	91	0	176.60287443267777	291.5642965204236	0	91	91
6	92	8	353.3423860329777	289.1193016488846	0	92	92
6	93	2	59.51935325820676	295.6467417932386	0	93	93
6	94	1	140.22337962962962	301.41435185185185	0	94	94
6	95	0	33.27450980392157	299.9504643962848	0	95	95
6	96	0	333.7776162790698	306.125	0	96	96
6	97	32	461.8704761904762	304.7990476190476	0	97	97
6	98	3	313.62635379061373	311.02166064981947	0	98	98
6	99	1	162.3258064516129	320.59032258064514	0	99	99
6	100	0	499.05721393034827	323.06592039800995	0	100	100
6	101	2	360.63651315789474	323.6439144736842	0	101	101
6	102	0	247.5841121495327	322.27881619937693	0	102	102
6	103	1	23.108381502890172	321.14161849710985	0	103	103
6	104	0	411.7906976744186	315.2311901504788	0	104	104
6	105	6	448.3099415204678	330.07602339181284	0	105	105
6	106	31	133.65413533834587	332.19226638023633	0	106	106
6	107	0	102.43669064748201	332.8388489208633	0	107	107
6	108	0	220.44521981856246	332.3440334961619	0	108	108
6	109	0	401.9226594301221	338.41383989145186	0	109	109
6	110	0	73.18174539631705	341.87670136108886	0	110	110
6	111	0	190.1706629055007	345.3011283497884	0	111	111
6	112	0	33.7147766323024	345.7250859106529	0	112	112
6	113	0	211.21291866028707	358.3732057416268	0	113	113
6	114	0	12.525657071339173	350.11264080100125	0	114	114
6	115	1	167.12955974842768	354.08553459119497	0	115	115
6	116	51	347.81258366800535	358.22222222222223	0	116	116
6	117	0	55.52285050348567	365.4500387296669	0	117	117
6	118	0	138.17837837837837	357.64144144144143	0	118	118
6	119	5	377.96981499513146	362.77312560856865	0	119	119
6	120	0	154.12596899224806	373.22286821705427	0	120	120
6	121	0	114.4043956043956	372.87106227106227	0	121	121
6	122	0	406.20246659815007	371.31654676258995	0	122	122
6	123	0	500.4149659863946	368.7921390778534	0	123	123
6	124	1	238.2361835245047	378.6376433785193	0	124	124
6	125	0	12.786567164179104	381.2	0	125	125
6	126	44	466.96727924697444	382.23756163155537	0	126	126
6	127	0	30.863809523809525	391.8485714285714	0	127	127
6	128	0	178.47816593886463	392.42576419213975	0	128	128
6	129	0	81.86717428087987	393.06598984771574	0	129	129
6	130	0	404.29395604395603	394.8598901098901	0	130	130
6	131	0	426.4451450189155	400.26986128625475	0	131	131
6	132	0	142.70443740095087	405.1553090332805	0	132	132
6	133	0	117.58390804597701	408.8183908045977	0	133	133
6	134	0	235.25463743676224	411.18549747048905	0	134	134
6	135	1	207.10471204188482	415.6151832460733	0	135	135
6	136	0	107.84274193548387	426.0766129032258	0	136	136
6	137	0	389.13986874487284	427.28917145200984	0	137	137
6	138	0	460.43149284253576	414.2474437627812	0	138	138
6	139	56	290.2234262125903	419.9256965944272	0	139	139
6	140	0	62.05388383484954	423.48635409377187	0	140	140
6	141	0	19.28447204968944	424.08819875776396	0	141	141
6	142	0	479.77204301075267	420.06021505376344	0	142	142
6	143	0	175.0168918918919	423.9527027027027	0	143	143
6	144	0	85.17523364485982	436.7873831775701	0	144	144
6	145	0	40.78688524590164	425.9016393442623	0	145	145
6	146	0	439.1953663118347	432.69067000626177	0	146	146
6	147	1	240.71002386634845	432.41885441527444	0	147	147
6	148	0	477.7567567567568	440.3198198198198	0	148	148
6	149	0	159.89449541284404	441.0489296636086	0	149	149
6	150	0	275.4169360051713	447.7575953458306	0	150	150
6	151	0	195.16013824884791	446.61981566820276	0	151	151
6	152	0	11.027845036319613	452.6585956416465	0	152	152
6	153	0	338.1828922495274	445.20982986767484	0	153	153
6	154	0	108.56441149212233	457.0407784986098	0	154	154
6	155	26	220.12466487935657	455.5603217158177	0	155	155
6	156	0	33.57617021276596	464.5642553191489	0	156	156
6	157	0	138.19680464778503	459.9992737835875	0	157	157
6	158	0	248.3091849935317	465.5058214747736	0	158	158
6	159	0	177.43628185907048	467.9640179910045	0	159	159
6	160	0	338.5668549905838	472.5838041431262	0	160	160
6	161	0	451.95115143056523	474.5638520586183	0	161	161
6	162	1	221.60039761431412	477.5666003976143	0	162	162
6	163	0	285.3114973262032	475.02941176470586	0	163	163
6	164	0	50.955380577427825	477.2703412073491	0	164	164
6	165	0	82.84151593453919	479.2316968130922	0	165	165
6	166	0	68.8881118881119	497.39335664335664	0	166	166
6	167	0	161.64239631336406	488.8635944700461	0	167	167
6	168	0	200.5146379044684	491.11479198767336	0	168	168
6	169	0	106.37308146399056	494.741440377804	0	169	169
6	170	3	294.5658227848101	495.33037974683543	0	170	170
6	171	0	241.5876726886291	494.4410201912859	0	171	171
6	172	1	331.5976535541753	493.3402346445825	0	172	172
6	173	0	371.7212643678161	489.63433908045977	0	173	173
6	174	0	133.53551296505074	498.3652762119504	0	174	174
6	175	0	266.29837518463813	499.10635155096014	0	175	175
6	176	0	9.26359143327842	495.84678747940694	0	176	176
6	177	0	44.61379310344827	501.02758620689656	0	177	177
6	178	0	309.5263157894737	508.2631578947368	0	178	178
