ImageNumber	ObjectNumber	Location_Center_X	Location_Center_Y	Location_Center_Z	Number_Object_Number	Parent_Cells
1	1	95.5	0.0	0	1	0
1	2	109.0	0.0	0	2	0
1	3	121.0	0.0	0	3	0
1	4	123.0	0.0	0	4	0
1	5	154.0	0.0	0	5	0
1	6	185.0	0.0	0	6	3
1	7	188.5	0.5	0	7	0
1	8	323.0	0.0	0	8	0
1	9	376.0	0.0	0	9	0
1	10	423.3333333333333	0.6666666666666666	0	10	0
1	11	106.0	1.0	0	11	0
1	12	114.0	1.0	0	12	0
1	13	143.0	1.0	0	13	0
1	14	187.0	1.0	0	14	3
1	15	409.0	1.0	0	15	0
1	16	417.0	1.0	0	16	0
1	17	94.0	2.0	0	17	0
1	18	118.75	2.0	0	18	0
1	19	146.0	2.0	0	19	0
1	20	63.0	3.3333333333333335	0	20	2
1	21	193.0	3.0	0	21	0
1	22	331.6666666666667	3.3333333333333335	0	22	1
1	23	409.0	3.0	0	23	0
1	24	108.5	4.0	0	24	0
1	25	110.0	4.0	0	25	0
1	26	148.0	4.0	0	26	0
1	27	191.0	4.0	0	27	3
1	28	290.0	4.0	0	28	0
1	29	46.0	5.5	0	29	2
1	30	49.5	5.0	0	30	2
1	31	64.0	5.0	0	31	2
1	32	311.3333333333333	5.333333333333333	0	32	0
1	33	351.5	5.0	0	33	1
1	34	393.0	5.0	0	34	0
1	35	54.0	6.333333333333333	0	35	2
1	36	65.66666666666667	5.333333333333333	0	36	2
1	37	56.0	7.0	0	37	2
1	38	370.0	7.0	0	38	0
1	39	396.6666666666667	7.666666666666667	0	39	0
1	40	38.0	8.0	0	40	2
1	41	46.5	8.5	0	41	2
1	42	51.5	8.0	0	42	2
1	43	69.0	8.0	0	43	2
1	44	355.0	8.0	0	44	1
1	45	44.0	9.0	0	45	2
1	46	62.0	9.0	0	46	2
1	47	80.5	9.0	0	47	2
1	48	195.5	9.0	0	48	3
1	49	369.6666666666667	9.666666666666666	0	49	0
1	50	411.5	9.0	0	50	0
1	51	151.0	10.0	0	51	0
1	52	168.2	10.8	0	52	3
1	53	170.5	10.0	0	53	3
1	54	181.0	10.0	0	54	3
1	55	202.5	10.0	0	55	0
1	56	340.0	10.0	0	56	1
1	57	348.0	10.0	0	57	1
1	58	373.0	10.0	0	58	0
1	59	45.0	11.0	0	59	2
1	60	58.4	10.8	0	60	2
1	61	77.0	11.5	0	61	2
1	62	148.0	11.0	0	62	0
1	63	396.5	11.5	0	63	0
1	64	26.0	12.0	0	64	0
1	65	144.0	12.0	0	65	0
1	66	242.0	12.0	0	66	0
1	67	344.5	12.0	0	67	1
1	68	412.5	12.0	0	68	0
1	69	174.0	13.333333333333334	0	69	3
1	70	332.5	13.0	0	70	1
1	71	44.0	14.0	0	71	2
1	72	47.0	14.0	0	72	2
1	73	78.0	14.0	0	73	2
1	74	353.5	14.0	0	74	1
1	75	17.0	15.0	0	75	0
1	76	39.0	15.0	0	76	2
1	77	48.5	15.0	0	77	2
1	78	70.0	15.0	0	78	2
1	79	73.5	15.0	0	79	2
1	80	149.0	15.0	0	80	0
1	81	187.0	16.0	0	81	3
1	82	244.0	16.0	0	82	0
1	83	342.0	16.0	0	83	1
1	84	375.5	16.0	0	84	0
1	85	43.5	17.0	0	85	2
1	86	49.0	17.5	0	86	2
1	87	74.0	17.0	0	87	2
1	88	216.0	17.0	0	88	4
1	89	222.0	17.0	0	89	4
1	90	228.0	17.0	0	90	4
1	91	7.0	18.0	0	91	0
1	92	55.0	17.75	0	92	2
1	93	182.5	18.0	0	93	3
1	94	218.33333333333334	17.666666666666668	0	94	4
1	95	70.5	19.0	0	95	2
1	96	199.0	19.5	0	96	3
1	97	215.0	19.0	0	97	4
1	98	338.5	19.5	0	98	1
1	99	47.0	20.0	0	99	2
1	100	51.0	20.0	0	100	2
1	101	73.0	19.5	0	101	2
1	102	177.5	20.0	0	102	3
1	103	197.0	20.0	0	103	3
1	104	225.0	20.5	0	104	4
1	105	341.0	20.5	0	105	1
1	106	350.0	19.75	0	106	1
1	107	222.0	20.5	0	107	4
1	108	269.5	21.0	0	108	0
1	109	48.0	22.0	0	109	2
1	110	68.0	22.0	0	110	2
1	111	75.0	22.0	0	111	2
1	112	187.0	22.0	0	112	3
1	113	214.5	22.0	0	113	4
1	114	217.0	22.0	0	114	4
1	115	219.5	22.0	0	115	4
1	116	45.5	23.0	0	116	2
1	117	59.0	23.0	0	117	2
1	118	176.0	23.0	0	118	3
1	119	226.0	23.0	0	119	4
1	120	55.5	24.0	0	120	2
1	121	62.5	25.0	0	121	2
1	122	83.0	25.0	0	122	2
1	123	176.0	25.0	0	123	3
1	124	191.0	25.0	0	124	3
1	125	213.0	25.0	0	125	4
1	126	68.5	26.0	0	126	2
1	127	63.5	27.0	0	127	2
1	128	151.0	27.0	0	128	7
1	129	154.66666666666666	26.666666666666668	0	129	7
1	130	173.0	27.333333333333332	0	130	3
1	131	239.5	27.5	0	131	6
1	132	389.6666666666667	27.333333333333332	0	132	5
1	133	159.0	28.0	0	133	7
1	134	184.33333333333334	28.333333333333332	0	134	3
1	135	191.5	28.0	0	135	3
1	136	220.0	28.0	0	136	4
1	137	223.0	28.0	0	137	4
1	138	141.0	29.0	0	138	7
1	139	210.0	29.5	0	139	4
1	140	217.0	29.0	0	140	4
1	141	226.0	29.0	0	141	4
1	142	464.5	29.0	0	142	0
1	143	59.0	30.0	0	143	2
1	144	150.33333333333334	30.333333333333332	0	144	7
1	145	153.33333333333334	29.333333333333332	0	145	7
1	146	192.75	29.25	0	146	3
1	147	219.5	30.0	0	147	4
1	148	235.0	30.0	0	148	6
1	149	242.5	30.0	0	149	6
1	150	386.5	30.0	0	150	5
1	151	389.5	29.5	0	151	5
1	152	148.0	31.0	0	152	7
1	153	227.0	31.0	0	153	4
1	154	161.0	32.0	0	154	7
1	155	184.5	32.0	0	155	3
1	156	201.0	32.5	0	156	8
1	157	205.5	32.5	0	157	8
1	158	218.0	32.0	0	158	4
1	159	242.5	32.0	0	159	6
1	160	386.0	32.0	0	160	5
1	161	388.0	32.0	0	161	5
1	162	141.0	33.0	0	162	7
1	163	178.5	33.0	0	163	3
1	164	236.5	33.0	0	164	6
1	165	240.5	33.5	0	165	6
1	166	192.0	34.0	0	166	3
1	167	206.0	34.0	0	167	8
1	168	230.0	34.0	0	168	6
1	169	383.5	34.5	0	169	5
1	170	59.0	35.0	0	170	2
1	171	78.5	36.5	0	171	2
1	172	143.5	36.5	0	172	7
1	173	201.0	36.0	0	173	8
1	174	152.0	37.0	0	174	7
1	175	154.0	37.0	0	175	7
1	176	157.5	37.5	0	176	7
1	177	215.0	37.0	0	177	4
1	178	383.0	37.0	0	178	5
1	179	146.0	38.0	0	179	7
1	180	150.0	37.666666666666664	0	180	7
1	181	188.0	38.0	0	181	3
1	182	390.0	38.0	0	182	5
1	183	403.5	38.0	0	183	5
1	184	406.0	38.0	0	184	5
1	185	143.33333333333334	39.333333333333336	0	185	7
1	186	152.0	39.0	0	186	7
1	187	240.0	39.333333333333336	0	187	6
1	188	392.0	39.0	0	188	5
1	189	395.0	39.5	0	189	5
1	190	232.5	40.0	0	190	6
1	191	382.5	40.0	0	191	5
1	192	402.5	40.0	0	192	5
1	193	143.5	41.0	0	193	7
1	194	191.0	41.0	0	194	8
1	195	197.0	41.0	0	195	8
1	196	208.0	41.0	0	196	8
1	197	217.0	41.0	0	197	4
1	198	389.25	41.25	0	198	5
1	199	394.5	41.0	0	199	5
1	200	147.33333333333334	42.333333333333336	0	200	7
1	201	163.5	42.0	0	201	7
1	202	185.0	41.5	0	202	3
1	203	193.0	42.5	0	203	8
1	204	200.0	41.5	0	204	8
1	205	243.0	42.0	0	205	6
1	206	397.0	42.0	0	206	5
1	207	136.5	43.0	0	207	7
1	208	142.66666666666666	43.333333333333336	0	208	7
1	209	144.5	43.0	0	209	7
1	210	160.5	43.5	0	210	7
1	211	175.0	43.0	0	211	3
1	212	219.0	43.5	0	212	4
1	213	237.5	43.0	0	213	6
1	214	331.6666666666667	44.0	0	214	0
1	215	389.0	43.0	0	215	5
1	216	401.0	43.0	0	216	5
1	217	202.0	43.5	0	217	8
1	218	208.66666666666666	43.666666666666664	0	218	8
1	219	149.5	45.0	0	219	7
1	220	210.5	45.0	0	220	8
1	221	243.0	45.5	0	221	9
1	222	397.5	45.0	0	222	5
1	223	402.0	45.0	0	223	5
1	224	179.0	46.0	0	224	3
1	225	201.5	46.0	0	225	8
1	226	206.0	45.5	0	226	8
1	227	214.0	46.0	0	227	8
1	228	247.0	45.5	0	228	9
1	229	145.5	47.5	0	229	7
1	230	152.0	47.0	0	230	7
1	231	227.0	47.0	0	231	6
1	232	239.0	47.0	0	232	6
1	233	208.0	47.5	0	233	8
1	234	210.0	48.0	0	234	8
1	235	236.0	48.0	0	235	6
1	236	198.5	49.5	0	236	8
1	237	203.5	49.5	0	237	8
1	238	252.5	49.0	0	238	9
1	239	195.0	50.0	0	239	8
1	240	206.0	50.0	0	240	8
1	241	217.0	50.0	0	241	8
1	242	147.0	51.0	0	242	7
1	243	152.0	51.0	0	243	7
1	244	201.0	51.0	0	244	8
1	245	420.0	51.0	0	245	0
1	246	145.0	52.0	0	246	7
1	247	231.5	52.0	0	247	6
1	248	245.0	52.0	0	248	9
1	249	281.5	51.5	0	249	0
1	250	214.5	53.0	0	250	8
1	251	255.5	53.0	0	251	9
1	252	133.5	54.0	0	252	11
1	253	199.5	54.5	0	253	8
1	254	204.5	53.5	0	254	8
1	255	245.5	54.5	0	255	9
1	256	6.4	56.0	0	256	0
1	257	175.0	56.0	0	257	10
1	258	227.0	56.0	0	258	6
1	259	76.0	58.0	0	259	0
1	260	203.0	58.0	0	260	8
1	261	243.5	58.5	0	261	9
1	262	199.0	59.0	0	262	8
1	263	249.0	58.5	0	263	9
1	264	1.0	60.0	0	264	0
1	265	137.0	60.0	0	265	11
1	266	206.66666666666666	60.333333333333336	0	266	8
1	267	211.0	60.0	0	267	8
1	268	218.0	60.0	0	268	8
1	269	133.5	61.5	0	269	11
1	270	212.8	61.0	0	270	8
1	271	248.0	61.0	0	271	9
1	272	174.0	62.0	0	272	10
1	273	210.5	62.5	0	273	8
1	274	254.0	62.0	0	274	9
1	275	257.0	62.0	0	275	9
1	276	159.5	63.0	0	276	12
1	277	185.0	63.0	0	277	10
1	278	207.66666666666666	62.666666666666664	0	278	8
1	279	18.0	64.0	0	279	0
1	280	82.0	64.0	0	280	0
1	281	137.5	64.0	0	281	11
1	282	140.0	64.0	0	282	11
1	283	180.5	64.0	0	283	10
1	284	193.5	64.0	0	284	8
1	285	251.0	64.0	0	285	9
1	286	256.0	64.33333333333333	0	286	9
1	287	122.0	65.0	0	287	11
1	288	134.66666666666666	65.33333333333333	0	288	11
1	289	143.0	65.0	0	289	11
1	290	156.0	65.0	0	290	12
1	291	198.0	64.5	0	291	8
1	292	259.0	65.5	0	292	9
1	293	206.4	65.2	0	293	8
1	294	212.0	66.0	0	294	8
1	295	138.0	67.0	0	295	11
1	296	174.5	67.0	0	296	10
1	297	202.5	67.0	0	297	8
1	298	252.5	67.0	0	298	9
1	299	142.5	68.0	0	299	11
1	300	154.0	68.5	0	300	12
1	301	219.5	68.0	0	301	8
1	302	132.0	69.0	0	302	11
1	303	139.66666666666666	69.33333333333333	0	303	11
1	304	259.5	69.0	0	304	9
1	305	143.5	70.0	0	305	11
1	306	221.33333333333334	69.66666666666667	0	306	8
1	307	224.0	70.0	0	307	8
1	308	119.5	71.0	0	308	11
1	309	131.0	71.0	0	309	11
1	310	133.5	71.0	0	310	11
1	311	156.5	71.0	0	311	12
1	312	159.0	71.0	0	312	12
1	313	207.5	71.0	0	313	8
1	314	262.5	71.0	0	314	9
1	315	154.2	71.6	0	315	12
1	316	205.0	72.0	0	316	8
1	317	145.0	73.0	0	317	12
1	318	160.0	73.0	0	318	12
1	319	211.66666666666666	73.33333333333333	0	319	8
1	320	220.5	73.0	0	320	8
1	321	261.6666666666667	73.66666666666667	0	321	9
1	322	366.0	73.0	0	322	0
1	323	122.0	74.0	0	323	11
1	324	131.0	74.0	0	324	11
1	325	153.5	73.5	0	325	12
1	326	170.5	74.0	0	326	10
1	327	126.5	75.0	0	327	11
1	328	188.5	75.0	0	328	10
1	329	133.0	76.5	0	329	11
1	330	143.0	76.0	0	330	14
1	331	473.0	76.0	0	331	15
1	332	153.0	77.0	0	332	12
1	333	158.0	77.5	0	333	12
1	334	213.75	76.75	0	334	8
1	335	398.0	77.0	0	335	13
1	336	464.0	77.0	0	336	15
1	337	477.0	77.0	0	337	15
1	338	485.5	77.0	0	338	15
1	339	13.0	78.0	0	339	0
1	340	117.0	78.0	0	340	11
1	341	126.5	78.5	0	341	11
1	342	131.0	78.0	0	342	11
1	343	177.0	78.0	0	343	10
1	344	184.0	78.0	0	344	10
1	345	362.0	78.0	0	345	0
1	346	405.5	78.5	0	346	13
1	347	125.33333333333333	79.66666666666667	0	347	11
1	348	400.5	79.0	0	348	13
1	349	408.5	79.0	0	349	13
1	350	481.0	79.0	0	350	15
1	351	172.0	80.0	0	351	10
1	352	464.0	80.0	0	352	15
1	353	117.5	81.5	0	353	11
1	354	145.5	81.0	0	354	14
1	355	157.5	81.0	0	355	12
1	356	159.5	81.0	0	356	12
1	357	274.0	81.0	0	357	0
1	358	398.0	81.0	0	358	13
1	359	408.0	81.0	0	359	13
1	360	412.5	81.0	0	360	13
1	361	132.33333333333334	81.66666666666667	0	361	11
1	362	153.0	82.0	0	362	12
1	363	410.2	81.4	0	363	13
1	364	120.5	83.0	0	364	11
1	365	122.0	83.0	0	365	11
1	366	144.0	83.0	0	366	14
1	367	147.0	83.0	0	367	14
1	368	178.0	83.0	0	368	10
1	369	372.0	83.0	0	369	0
1	370	117.5	84.0	0	370	11
1	371	139.0	84.0	0	371	14
1	372	174.66666666666666	83.66666666666667	0	372	10
1	373	183.0	84.0	0	373	10
1	374	403.6666666666667	84.33333333333333	0	374	13
1	375	467.3333333333333	84.33333333333333	0	375	15
1	376	144.0	84.5	0	376	14
1	377	153.0	85.0	0	377	12
1	378	163.66666666666666	84.66666666666667	0	378	12
1	379	201.0	84.83333333333333	0	379	17
1	380	400.5	85.5	0	380	13
1	381	405.5	85.5	0	381	13
1	382	127.5	86.0	0	382	11
1	383	219.0	86.0	0	383	0
1	384	264.5	85.5	0	384	0
1	385	480.0	86.0	0	385	15
1	386	136.5	87.0	0	386	11
1	387	146.0	86.5	0	387	14
1	388	160.5	87.0	0	388	12
1	389	270.0	87.0	0	389	0
1	390	342.0	87.0	0	390	0
1	391	141.85714285714286	88.42857142857143	0	391	14
1	392	335.0	88.0	0	392	0
1	393	415.0	88.0	0	393	13
1	394	417.5	88.0	0	394	13
1	395	126.0	89.5	0	395	11
1	396	144.5	89.5	0	396	14
1	397	488.0	88.5	0	397	15
1	398	117.66666666666667	90.33333333333333	0	398	11
1	399	158.5	90.0	0	399	12
1	400	267.5	90.0	0	400	0
1	401	417.0	90.5	0	401	13
1	402	454.0	90.0	0	402	15
1	403	458.5	90.0	0	403	15
1	404	473.0	90.0	0	404	15
1	405	221.0	91.0	0	405	17
1	406	415.0	91.0	0	406	13
1	407	149.5	92.0	0	407	14
1	408	277.5	92.0	0	408	18
1	409	406.5	92.0	0	409	13
1	410	409.5	92.0	0	410	13
1	411	464.0	92.66666666666667	0	411	15
1	412	467.5	92.25	0	412	15
1	413	121.0	92.5	0	413	11
1	414	125.5	93.0	0	414	11
1	415	144.0	93.5	0	415	14
1	416	156.66666666666666	93.83333333333333	0	416	12
1	417	268.0	92.5	0	417	18
1	418	418.5	93.0	0	418	13
1	419	455.5	93.0	0	419	15
1	420	503.0	93.0	0	420	0
1	421	139.0	94.0	0	421	14
1	422	148.0	94.0	0	422	14
1	423	152.5	94.0	0	423	14
1	424	160.5	94.0	0	424	12
1	425	181.5	94.0	0	425	10
1	426	342.6666666666667	94.33333333333333	0	426	0
1	427	475.0	94.0	0	427	15
1	428	132.5	95.0	0	428	11
1	429	134.0	95.0	0	429	11
1	430	273.0	95.0	0	430	18
1	431	278.3333333333333	95.33333333333333	0	431	18
1	432	460.0	95.5	0	432	15
1	433	472.0	95.0	0	433	15
1	434	479.5	95.0	0	434	15
1	435	484.0	95.0	0	435	15
1	436	121.5	96.0	0	436	11
1	437	206.0	96.0	0	437	17
1	438	277.0	96.0	0	438	18
1	439	475.0	96.0	0	439	15
1	440	134.5	97.0	0	440	14
1	441	156.0	97.0	0	441	14
1	442	463.0	97.0	0	442	15
1	443	117.5	98.0	0	443	11
1	444	126.5	98.0	0	444	11
1	445	130.0	98.0	0	445	11
1	446	132.0	98.0	0	446	11
1	447	171.5	98.0	0	447	12
1	448	265.3333333333333	97.66666666666667	0	448	18
1	449	272.0	98.0	0	449	18
1	450	485.5	98.0	0	450	15
1	451	146.66666666666666	98.66666666666667	0	451	14
1	452	259.0	99.0	0	452	18
1	453	427.0	99.0	0	453	16
1	454	428.5	99.0	0	454	16
1	455	468.5	99.0	0	455	15
1	456	473.0	98.25	0	456	15
1	457	478.5	99.0	0	457	15
1	458	158.33333333333334	99.66666666666667	0	458	14
1	459	176.0	100.0	0	459	0
1	460	264.5	100.0	0	460	18
1	461	270.5	100.0	0	461	18
1	462	493.5	100.0	0	462	15
1	463	119.5	101.0	0	463	11
1	464	129.0	100.5	0	464	11
1	465	205.66666666666666	100.66666666666667	0	465	17
1	466	275.5	101.0	0	466	18
1	467	363.0	101.0	0	467	0
1	468	459.5	101.5	0	468	15
1	469	465.0	101.0	0	469	15
1	470	125.0	102.0	0	470	11
1	471	197.66666666666666	102.0	0	471	17
1	472	254.0	102.0	0	472	18
1	473	268.75	102.25	0	473	18
1	474	281.0	102.0	0	474	18
1	475	422.5	102.0	0	475	16
1	476	122.5	103.5	0	476	11
1	477	196.0	103.0	0	477	17
1	478	266.0	103.0	0	478	18
1	479	278.5	103.0	0	479	18
1	480	466.0	103.0	0	480	15
1	481	470.5	103.0	0	481	15
1	482	480.0	103.0	0	482	15
1	483	488.0	103.5	0	483	15
1	484	200.0	104.0	0	484	17
1	485	269.5	103.5	0	485	18
1	486	405.5	104.0	0	486	16
1	487	427.5	104.25	0	487	16
1	488	431.0	104.0	0	488	16
1	489	151.66666666666666	105.33333333333333	0	489	14
1	490	160.0	105.0	0	490	14
1	491	276.5	105.0	0	491	18
1	492	458.25	105.0	0	492	15
1	493	464.3333333333333	105.0	0	493	15
1	494	470.0	105.0	0	494	15
1	495	202.5	106.0	0	495	17
1	496	207.0	106.0	0	496	17
1	497	261.5	106.0	0	497	18
1	498	268.5	106.0	0	498	18
1	499	429.0	106.0	0	499	16
1	500	477.0	106.0	0	500	15
1	501	184.25	107.75	0	501	20
1	502	198.5	107.5	0	502	17
1	503	210.0	106.5	0	503	17
1	504	254.0	107.0	0	504	18
1	505	271.5	107.0	0	505	18
1	506	278.8	108.0	0	506	18
1	507	411.0	107.0	0	507	16
1	508	470.0	107.0	0	508	15
1	509	64.5	108.0	0	509	0
1	510	283.5	108.0	0	510	18
1	511	424.3333333333333	107.66666666666667	0	511	16
1	512	475.5	108.0	0	512	15
1	513	477.0	108.0	0	513	15
1	514	205.0	109.33333333333333	0	514	17
1	515	258.5	109.0	0	515	18
1	516	266.14285714285717	109.28571428571429	0	516	18
1	517	400.5	109.0	0	517	16
1	518	461.0	109.0	0	518	15
1	519	480.3333333333333	108.66666666666667	0	519	15
1	520	151.66666666666666	110.66666666666667	0	520	14
1	521	158.0	110.0	0	521	14
1	522	191.5	110.0	0	522	17
1	523	207.0	110.0	0	523	17
1	524	269.8333333333333	110.0	0	524	18
1	525	276.0	110.0	0	525	18
1	526	470.0	110.0	0	526	15
1	527	472.5	110.0	0	527	15
1	528	484.0	110.33333333333333	0	528	15
1	529	186.5	111.0	0	529	20
1	530	263.5	111.0	0	530	18
1	531	403.0	111.0	0	531	16
1	532	415.5	110.5	0	532	16
1	533	188.0	112.0	0	533	20
1	534	257.5	112.25	0	534	18
1	535	275.5	111.5	0	535	18
1	536	467.0	112.0	0	536	15
1	537	476.42857142857144	112.14285714285714	0	537	15
1	538	481.5	112.0	0	538	15
1	539	182.125	113.625	0	539	20
1	540	185.0	113.0	0	540	20
1	541	210.0	113.0	0	541	17
1	542	411.25	113.75	0	542	16
1	543	441.0	113.66666666666667	0	543	19
1	544	155.0	114.0	0	544	14
1	545	160.0	114.0	0	545	14
1	546	198.0	114.0	0	546	17
1	547	203.0	114.0	0	547	17
1	548	260.0	113.5	0	548	18
1	549	276.0	114.0	0	549	18
1	550	425.0	114.0	0	550	16
1	551	477.0	114.0	0	551	15
1	552	492.0	114.0	0	552	15
1	553	147.83333333333334	114.5	0	553	14
1	554	279.0	115.0	0	554	18
1	555	465.5	115.0	0	555	15
1	556	151.0	115.5	0	556	14
1	557	160.0	116.0	0	557	20
1	558	201.33333333333334	116.33333333333333	0	558	17
1	559	263.0	116.0	0	559	18
1	560	468.0	115.5	0	560	15
1	561	157.0	117.0	0	561	14
1	562	185.5	117.5	0	562	20
1	563	207.5	117.0	0	563	17
1	564	159.5	118.0	0	564	20
1	565	188.0	118.0	0	565	20
1	566	265.0	118.0	0	566	18
1	567	452.0	118.0	0	567	19
1	568	459.0	118.0	0	568	19
1	569	206.5	119.0	0	569	17
1	570	413.5	119.0	0	570	16
1	571	448.3333333333333	118.66666666666667	0	571	19
1	572	173.0	120.0	0	572	20
1	573	276.0	120.0	0	573	18
1	574	284.6666666666667	119.66666666666667	0	574	18
1	575	438.0	120.0	0	575	19
1	576	473.0	120.0	0	576	15
1	577	476.6666666666667	119.66666666666667	0	577	15
1	578	203.2	121.4	0	578	17
1	579	207.0	120.75	0	579	17
1	580	261.0	121.0	0	580	18
1	581	439.5	121.0	0	581	19
1	582	452.0	120.5	0	582	19
1	583	177.0	122.0	0	583	20
1	584	265.6	122.2	0	584	18
1	585	290.0	122.5	0	585	18
1	586	417.0	122.0	0	586	16
1	587	199.0	123.0	0	587	17
1	588	435.5	123.0	0	588	19
1	589	255.0	124.0	0	589	18
1	590	257.5	124.0	0	590	18
1	591	268.5	124.0	0	591	18
1	592	289.0	124.0	0	592	18
1	593	431.5	124.0	0	593	19
1	594	443.5	124.0	0	594	19
1	595	154.5	125.0	0	595	0
1	596	178.5	125.0	0	596	20
1	597	184.66666666666666	124.66666666666667	0	597	20
1	598	271.0	125.0	0	598	18
1	599	155.5	126.5	0	599	0
1	600	193.0	126.0	0	600	20
1	601	262.0	126.0	0	601	18
1	602	267.0	126.33333333333333	0	602	18
1	603	442.0	126.0	0	603	19
1	604	451.3333333333333	126.33333333333333	0	604	19
1	605	454.0	126.0	0	605	19
1	606	271.0	127.0	0	606	18
1	607	274.75	127.25	0	607	18
1	608	277.0	127.0	0	608	18
1	609	291.5	127.0	0	609	18
1	610	458.5	128.0	0	610	19
1	611	220.5	129.0	0	611	22
1	612	258.5	129.0	0	612	18
1	613	266.5	129.0	0	613	18
1	614	257.0	130.0	0	614	18
1	615	452.0	130.0	0	615	19
1	616	455.0	130.0	0	616	19
1	617	180.0	131.0	0	617	20
1	618	260.5	131.0	0	618	18
1	619	450.0	131.5	0	619	19
1	620	181.75	133.0	0	620	20
1	621	204.5	132.0	0	621	22
1	622	263.5	132.0	0	622	18
1	623	446.0	132.5	0	623	19
1	624	181.0	134.0	0	624	20
1	625	186.5	134.5	0	625	20
1	626	281.0	134.0	0	626	18
1	627	196.33333333333334	134.66666666666666	0	627	22
1	628	422.0	135.0	0	628	21
1	629	208.0	136.0	0	629	22
1	630	237.0	136.0	0	630	24
1	631	260.3333333333333	137.33333333333334	0	631	24
1	632	415.5	138.0	0	632	21
1	633	174.75	139.25	0	633	20
1	634	202.0	139.0	0	634	22
1	635	210.0	138.5	0	635	22
1	636	223.5	139.0	0	636	22
1	637	274.5	139.0	0	637	18
1	638	255.0	140.0	0	638	24
1	639	415.0	140.5	0	639	21
1	640	175.5	140.5	0	640	20
1	641	195.0	141.5	0	641	22
1	642	218.0	141.0	0	642	22
1	643	244.0	141.0	0	643	24
1	644	259.5	141.0	0	644	24
1	645	384.0	141.0	0	645	23
1	646	389.0	141.5	0	646	23
1	647	421.5	141.0	0	647	21
1	648	197.0	142.0	0	648	22
1	649	202.0	142.0	0	649	22
1	650	282.5	142.0	0	650	18
1	651	386.5	142.33333333333334	0	651	23
1	652	406.0	142.0	0	652	21
1	653	244.33333333333334	143.33333333333334	0	653	24
1	654	260.0	143.5	0	654	24
1	655	273.0	143.0	0	655	24
1	656	192.5	143.5	0	656	22
1	657	282.0	144.0	0	657	0
1	658	393.5	144.5	0	658	23
1	659	200.0	145.5	0	659	22
1	660	215.0	145.0	0	660	22
1	661	269.0	145.0	0	661	24
1	662	213.0	146.0	0	662	22
1	663	253.5	146.0	0	663	24
1	664	374.5	146.5	0	664	23
1	665	418.5	146.0	0	665	21
1	666	241.0	147.0	0	666	24
1	667	385.0	147.0	0	667	23
1	668	411.5	147.0	0	668	21
1	669	427.0	147.0	0	669	21
1	670	510.0	147.0	0	670	0
1	671	174.0	148.0	0	671	20
1	672	200.5	148.0	0	672	22
1	673	207.5	148.0	0	673	22
1	674	214.0	148.5	0	674	22
1	675	279.5	148.0	0	675	24
1	676	391.0	148.5	0	676	23
1	677	424.0	148.5	0	677	21
1	678	197.5	149.0	0	678	22
1	679	394.0	149.0	0	679	23
1	680	396.0	148.5	0	680	23
1	681	413.0	149.0	0	681	21
1	682	422.0	149.0	0	682	21
1	683	213.0	150.0	0	683	22
1	684	376.0	150.5	0	684	23
1	685	382.5	150.0	0	685	23
1	686	206.0	151.0	0	686	22
1	687	209.0	151.0	0	687	22
1	688	372.6	150.8	0	688	23
1	689	414.0	151.0	0	689	21
1	690	211.0	152.0	0	690	22
1	691	215.0	152.0	0	691	22
1	692	225.5	152.0	0	692	25
1	693	374.0	152.0	0	693	23
1	694	390.0	152.0	0	694	23
1	695	395.0	152.0	0	695	23
1	696	204.0	153.0	0	696	22
1	697	383.5	152.75	0	697	23
1	698	386.0	153.0	0	698	23
1	699	392.5	153.0	0	699	23
1	700	420.5	153.0	0	700	21
1	701	417.0	154.0	0	701	21
1	702	206.0	155.0	0	702	22
1	703	208.0	154.5	0	703	22
1	704	282.0	155.0	0	704	0
1	705	386.0	155.0	0	705	23
1	706	398.0	155.0	0	706	23
1	707	252.0	156.0	0	707	24
1	708	258.0	156.0	0	708	24
1	709	380.0	156.0	0	709	23
1	710	278.5	157.0	0	710	24
1	711	388.3333333333333	157.33333333333334	0	711	23
1	712	393.0	157.0	0	712	23
1	713	228.0	158.0	0	713	25
1	714	254.5	158.0	0	714	24
1	715	385.3333333333333	158.33333333333334	0	715	23
1	716	396.0	157.5	0	716	23
1	717	219.5	159.5	0	717	25
1	718	231.5	159.0	0	718	25
1	719	251.5	159.0	0	719	24
1	720	260.75	158.0	0	720	24
1	721	275.6666666666667	158.66666666666666	0	721	24
1	722	224.5	160.0	0	722	25
1	723	377.3333333333333	160.33333333333334	0	723	23
1	724	380.0	160.0	0	724	23
1	725	384.0	160.0	0	725	23
1	726	394.0	160.0	0	726	23
1	727	222.6	161.2	0	727	25
1	728	251.0	161.33333333333334	0	728	24
1	729	254.33333333333334	161.33333333333334	0	729	24
1	730	270.0	161.33333333333334	0	730	24
1	731	375.0	161.0	0	731	23
1	732	391.5	161.5	0	732	23
1	733	509.5	161.0	0	733	0
1	734	228.0	162.0	0	734	25
1	735	249.0	162.0	0	735	24
1	736	268.0	162.0	0	736	24
1	737	383.5	162.0	0	737	23
1	738	396.3333333333333	161.66666666666666	0	738	23
1	739	231.0	163.0	0	739	25
1	740	258.5	163.0	0	740	24
1	741	381.5	163.0	0	741	23
1	742	500.5	163.0	0	742	0
1	743	505.0	163.0	0	743	0
1	744	285.0	164.0	0	744	0
1	745	375.5	164.0	0	745	23
1	746	392.5	164.0	0	746	23
1	747	268.5	165.0	0	747	24
1	748	226.5	166.0	0	748	25
1	749	381.0	166.0	0	749	23
1	750	509.0	166.0	0	750	0
1	751	507.5	167.0	0	751	0
1	752	224.66666666666666	168.33333333333334	0	752	25
1	753	267.0	168.0	0	753	24
1	754	270.0	168.25	0	754	24
1	755	510.0	168.0	0	755	0
1	756	263.0	169.0	0	756	24
1	757	396.0	169.0	0	757	23
1	758	504.4	168.8	0	758	0
1	759	220.0	170.0	0	759	25
1	760	253.5	170.0	0	760	24
1	761	261.3333333333333	169.33333333333334	0	761	24
1	762	265.6666666666667	170.66666666666666	0	762	24
1	763	274.5	170.0	0	763	24
1	764	167.0	171.5	0	764	26
1	765	230.0	171.0	0	765	25
1	766	255.0	171.0	0	766	24
1	767	262.5	170.5	0	767	24
1	768	165.0	172.0	0	768	26
1	769	508.0	172.0	0	769	0
1	770	159.5	173.0	0	770	26
1	771	226.5	173.0	0	771	25
1	772	168.0	174.5	0	772	26
1	773	174.0	174.5	0	773	26
1	774	200.0	174.0	0	774	0
1	775	229.0	174.0	0	775	25
1	776	264.6666666666667	173.66666666666666	0	776	24
1	777	272.5	174.0	0	777	24
1	778	170.0	175.0	0	778	26
1	779	251.5	175.0	0	779	24
1	780	255.0	175.0	0	780	24
1	781	154.5	176.5	0	781	26
1	782	277.0	176.0	0	782	0
1	783	152.0	178.0	0	783	26
1	784	258.0	178.0	0	784	24
1	785	149.0	179.0	0	785	26
1	786	160.0	179.0	0	786	26
1	787	166.0	179.0	0	787	26
1	788	177.0	180.5	0	788	26
1	789	449.0	180.0	0	789	0
1	790	160.0	181.0	0	790	26
1	791	163.5	181.0	0	791	26
1	792	167.5	181.0	0	792	26
1	793	149.5	182.0	0	793	26
1	794	179.0	181.5	0	794	26
1	795	264.0	182.5	0	795	24
1	796	491.0	183.0	0	796	27
1	797	156.0	184.5	0	797	26
1	798	165.5	184.0	0	798	26
1	799	499.0	184.0	0	799	27
1	800	269.5	185.0	0	800	0
1	801	479.0	185.0	0	801	27
1	802	2.1666666666666665	186.33333333333334	0	802	0
1	803	497.0	186.0	0	803	27
1	804	506.0	187.0	0	804	27
1	805	481.5	188.0	0	805	27
1	806	486.0	189.0	0	806	27
1	807	499.5	190.0	0	807	27
1	808	264.0	191.0	0	808	0
1	809	443.3333333333333	191.33333333333334	0	809	0
1	810	481.6	191.2	0	810	27
1	811	495.1666666666667	191.0	0	811	27
1	812	444.0	193.0	0	812	0
1	813	486.0	193.0	0	813	27
1	814	345.0	193.5	0	814	0
1	815	482.0	194.5	0	815	27
1	816	493.5	195.5	0	816	27
1	817	491.0	195.5	0	817	27
1	818	495.0	196.0	0	818	27
1	819	489.0	197.0	0	819	27
1	820	484.5	198.0	0	820	27
1	821	504.0	198.0	0	821	27
1	822	507.0	198.0	0	822	27
1	823	505.0	200.0	0	823	27
1	824	507.0	200.0	0	824	27
1	825	486.0	201.0	0	825	27
1	826	497.0	201.0	0	826	27
1	827	502.0	201.0	0	827	27
1	828	507.5	202.0	0	828	27
1	829	509.0	202.0	0	829	27
1	830	500.0	203.0	0	830	27
1	831	491.0	205.33333333333334	0	831	27
1	832	499.0	205.0	0	832	27
1	833	501.5	206.0	0	833	27
1	834	507.5	206.0	0	834	27
1	835	290.6666666666667	207.66666666666666	0	835	28
1	836	300.5	208.0	0	836	28
1	837	490.5	208.0	0	837	27
1	838	495.5	208.0	0	838	27
1	839	501.5	208.0	0	839	27
1	840	294.5	209.0	0	840	28
1	841	487.5	209.0	0	841	27
1	842	299.0	210.0	0	842	28
1	843	301.0	211.0	0	843	28
1	844	405.0	211.0	0	844	29
1	845	489.0	211.0	0	845	27
1	846	406.3333333333333	211.66666666666666	0	846	29
1	847	304.0	213.0	0	847	28
1	848	308.0	213.0	0	848	28
1	849	292.25	215.0	0	849	28
1	850	300.3333333333333	214.66666666666666	0	850	28
1	851	409.5	214.0	0	851	29
1	852	487.0	215.0	0	852	27
1	853	507.0	215.5	0	853	27
1	854	295.0	215.5	0	854	28
1	855	403.3333333333333	216.33333333333334	0	855	29
1	856	286.0	217.0	0	856	28
1	857	303.0	217.0	0	857	28
1	858	309.5	217.5	0	858	28
1	859	342.0	217.0	0	859	0
1	860	410.0	217.0	0	860	29
1	861	293.0	218.0	0	861	28
1	862	297.0	218.5	0	862	28
1	863	405.0	219.0	0	863	29
1	864	481.0	219.0	0	864	0
1	865	289.5	220.5	0	865	28
1	866	301.0	220.0	0	866	28
1	867	309.5	220.0	0	867	28
1	868	297.3333333333333	221.33333333333334	0	868	28
1	869	396.0	222.0	0	869	29
1	870	406.0	222.0	0	870	29
1	871	413.0	222.0	0	871	29
1	872	286.0	223.5	0	872	28
1	873	300.6666666666667	223.33333333333334	0	873	28
1	874	402.6666666666667	222.33333333333334	0	874	29
1	875	305.5	224.0	0	875	28
1	876	416.0	224.0	0	876	29
1	877	402.5	225.0	0	877	29
1	878	290.5	226.5	0	878	28
1	879	183.0	227.0	0	879	0
1	880	398.0	227.0	0	880	29
1	881	402.0	228.25	0	881	29
1	882	401.0	231.0	0	882	29
1	883	407.0	231.0	0	883	29
1	884	396.5	232.0	0	884	29
1	885	396.5	233.5	0	885	29
1	886	410.0	234.0	0	886	29
1	887	406.0	239.0	0	887	29
1	888	398.5	246.0	0	888	30
1	889	307.125	247.875	0	889	0
1	890	385.5	250.5	0	890	30
1	891	388.6666666666667	250.33333333333334	0	891	30
1	892	387.0	251.0	0	892	30
1	893	392.5	250.5	0	893	30
1	894	396.5	251.0	0	894	30
1	895	373.0	253.0	0	895	30
1	896	395.0	253.0	0	896	30
1	897	376.5	254.0	0	897	30
1	898	379.5	254.0	0	898	30
1	899	388.5	254.0	0	899	30
1	900	382.3333333333333	256.3333333333333	0	900	30
1	901	400.5	256.0	0	901	30
1	902	135.0	258.0	0	902	32
1	903	374.0	258.0	0	903	30
1	904	388.5	258.0	0	904	30
1	905	54.5	259.5	0	905	0
1	906	139.5	259.0	0	906	32
1	907	386.0	259.0	0	907	30
1	908	135.5	260.0	0	908	32
1	909	396.5	260.0	0	909	30
1	910	53.5	261.0	0	910	0
1	911	133.0	261.0	0	911	32
1	912	387.0	261.0	0	912	30
1	913	379.0	262.0	0	913	30
1	914	131.5	263.0	0	914	32
1	915	133.0	263.0	0	915	32
1	916	139.0	263.0	0	916	32
1	917	415.0	262.5	0	917	31
1	918	396.0	264.0	0	918	30
1	919	425.5	264.0	0	919	31
1	920	133.0	265.6	0	920	32
1	921	409.0	265.0	0	921	31
1	922	419.5	265.0	0	922	31
1	923	422.0	265.0	0	923	31
1	924	129.0	266.0	0	924	32
1	925	135.66666666666666	265.6666666666667	0	925	32
1	926	402.5	266.0	0	926	30
1	927	415.5	266.0	0	927	31
1	928	138.5	267.5	0	928	32
1	929	408.0	267.0	0	929	31
1	930	421.5	267.0	0	930	31
1	931	423.5	267.0	0	931	31
1	932	129.5	268.0	0	932	32
1	933	416.0	268.0	0	933	31
1	934	331.0	269.0	0	934	33
1	935	428.5	269.0	0	935	31
1	936	125.5	270.0	0	936	32
1	937	131.5	270.0	0	937	32
1	938	333.57142857142856	270.42857142857144	0	938	33
1	939	431.0	270.0	0	939	31
1	940	433.0	270.0	0	940	31
1	941	428.0	271.0	0	941	31
1	942	449.5	271.0	0	942	34
1	943	452.5	271.0	0	943	34
1	944	113.66666666666667	271.6666666666667	0	944	32
1	945	454.5	272.0	0	945	34
1	946	133.5	273.0	0	946	32
1	947	139.4	273.2	0	947	32
1	948	325.0	273.0	0	948	33
1	949	330.0	273.0	0	949	33
1	950	331.5	273.0	0	950	33
1	951	414.5	273.0	0	951	31
1	952	451.5	273.0	0	952	34
1	953	120.0	274.0	0	953	32
1	954	433.5	274.0	0	954	31
1	955	136.0	274.5	0	955	32
1	956	426.0	275.0	0	956	31
1	957	441.0	274.5	0	957	34
1	958	118.66666666666667	275.6666666666667	0	958	32
1	959	133.0	276.0	0	959	32
1	960	327.3333333333333	275.3333333333333	0	960	33
1	961	332.0	276.0	0	961	33
1	962	434.0	276.0	0	962	34
1	963	445.5	276.0	0	963	34
1	964	126.0	277.0	0	964	32
1	965	330.0	276.5	0	965	33
1	966	334.5	277.0	0	966	33
1	967	422.0	277.0	0	967	31
1	968	427.0	277.0	0	968	31
1	969	430.0	277.0	0	969	31
1	970	452.0	277.0	0	970	34
1	971	123.5	278.0	0	971	32
1	972	129.0	278.0	0	972	32
1	973	132.33333333333334	278.3333333333333	0	973	32
1	974	139.5	276.75	0	974	32
1	975	326.8	278.2	0	975	33
1	976	120.0	279.3333333333333	0	976	32
1	977	126.0	279.0	0	977	32
1	978	140.33333333333334	280.3333333333333	0	978	32
1	979	324.0	280.0	0	979	33
1	980	435.5	280.0	0	980	34
1	981	119.0	281.0	0	981	32
1	982	335.0	281.5	0	982	33
1	983	337.3333333333333	280.6666666666667	0	983	33
1	984	340.0	281.0	0	984	33
1	985	438.5	281.0	0	985	34
1	986	452.5	281.0	0	986	34
1	987	140.0	282.0	0	987	32
1	988	332.5	282.0	0	988	33
1	989	129.33333333333334	282.6666666666667	0	989	32
1	990	132.66666666666666	282.6666666666667	0	990	32
1	991	137.66666666666666	283.3333333333333	0	991	32
1	992	125.5	284.0	0	992	32
1	993	434.0	284.0	0	993	34
1	994	445.0	284.0	0	994	34
1	995	118.5	285.5	0	995	32
1	996	121.5	285.0	0	996	32
1	997	328.0	285.0	0	997	33
1	998	442.0	285.0	0	998	34
1	999	136.0	286.0	0	999	32
1	1000	440.0	286.0	0	1000	34
1	1001	129.0	287.0	0	1001	32
1	1002	447.0	287.0	0	1002	34
1	1003	120.0	288.0	0	1003	32
1	1004	123.0	288.0	0	1004	32
1	1005	126.0	288.25	0	1005	32
1	1006	131.33333333333334	288.3333333333333	0	1006	32
1	1007	133.0	288.0	0	1007	32
1	1008	333.0	288.0	0	1008	33
1	1009	440.5	288.0	0	1009	34
1	1010	452.5	288.0	0	1010	34
1	1011	142.5	289.0	0	1011	32
1	1012	340.0	289.8	0	1012	33
1	1013	432.0	289.0	0	1013	34
1	1014	444.0	289.0	0	1014	34
1	1015	137.5	290.0	0	1015	32
1	1016	334.0	290.6666666666667	0	1016	33
1	1017	336.0	290.0	0	1017	33
1	1018	119.33333333333333	290.6666666666667	0	1018	32
1	1019	134.4	292.2	0	1019	32
1	1020	141.5	291.0	0	1020	32
1	1021	331.0	291.0	0	1021	33
1	1022	430.0	291.0	0	1022	34
1	1023	124.5	292.0	0	1023	32
1	1024	339.5	292.0	0	1024	33
1	1025	443.0	292.0	0	1025	34
1	1026	336.5	293.5	0	1026	33
1	1027	345.0	293.0	0	1027	33
1	1028	120.0	294.14285714285717	0	1028	32
1	1029	339.0	294.0	0	1029	33
1	1030	429.0	293.5	0	1030	34
1	1031	331.6	294.2	0	1031	33
1	1032	46.5	296.0	0	1032	0
1	1033	335.0	296.3333333333333	0	1033	33
1	1034	431.6666666666667	295.6666666666667	0	1034	34
1	1035	428.6666666666667	296.6666666666667	0	1035	34
1	1036	3.0	298.0	0	1036	0
1	1037	333.5	298.0	0	1037	33
1	1038	342.0	302.0	0	1038	33
1	1039	425.0	302.0	0	1039	35
1	1040	435.5	302.5	0	1040	34
1	1041	396.5	303.0	0	1041	0
1	1042	433.0	304.0	0	1042	35
1	1043	501.0	304.0	0	1043	0
1	1044	430.0	307.0	0	1044	35
1	1045	305.0	308.0	0	1045	0
1	1046	427.5	310.0	0	1046	35
1	1047	422.5	312.0	0	1047	35
1	1048	431.5	312.0	0	1048	35
1	1049	419.3333333333333	313.3333333333333	0	1049	35
1	1050	417.0	314.0	0	1050	35
1	1051	419.0	316.6666666666667	0	1051	35
1	1052	64.0	317.0	0	1052	0
1	1053	433.0	318.0	0	1053	35
1	1054	433.5	322.0	0	1054	35
1	1055	430.5	323.0	0	1055	35
1	1056	416.3333333333333	323.6666666666667	0	1056	35
1	1057	434.3333333333333	324.3333333333333	0	1057	35
1	1058	427.0	326.0	0	1058	35
1	1059	418.5	327.0	0	1059	35
1	1060	430.5	328.0	0	1060	35
1	1061	417.0	329.0	0	1061	35
1	1062	420.0	331.0	0	1062	35
1	1063	426.5	331.0	0	1063	35
1	1064	495.5	338.0	0	1064	36
1	1065	500.0	338.0	0	1065	36
1	1066	504.5	339.0	0	1066	36
1	1067	486.5	341.0	0	1067	36
1	1068	496.0	342.0	0	1068	36
1	1069	488.0	343.0	0	1069	36
1	1070	483.4	343.8	0	1070	36
1	1071	486.0	346.0	0	1071	36
1	1072	488.0	347.0	0	1072	36
1	1073	495.0	350.0	0	1073	36
1	1074	487.0	352.0	0	1074	36
1	1075	478.5	353.0	0	1075	36
1	1076	450.0	354.0	0	1076	0
1	1077	474.0	360.0	0	1077	37
1	1078	478.0	361.0	0	1078	37
1	1079	480.0	362.0	0	1079	37
1	1080	481.0	364.0	0	1080	37
1	1081	226.75	365.625	0	1081	0
1	1082	482.6666666666667	365.6666666666667	0	1082	37
1	1083	490.0	366.0	0	1083	37
1	1084	490.5	368.0	0	1084	37
1	1085	492.0	368.0	0	1085	37
1	1086	477.0	369.0	0	1086	37
1	1087	462.5	370.0	0	1087	37
1	1088	471.0	370.0	0	1088	37
1	1089	474.0	370.0	0	1089	37
1	1090	476.0	371.5	0	1090	37
1	1091	485.5	372.0	0	1091	37
1	1092	469.0	373.0	0	1092	37
1	1093	459.0	373.5	0	1093	37
1	1094	471.5	376.0	0	1094	37
1	1095	478.0	375.5	0	1095	37
1	1096	458.0	377.0	0	1096	37
1	1097	490.0	378.0	0	1097	38
1	1098	461.5	379.0	0	1098	37
1	1099	491.5	378.5	0	1099	38
1	1100	490.0	380.0	0	1100	38
1	1101	419.6666666666667	383.1111111111111	0	1101	0
1	1102	496.6	383.2	0	1102	38
1	1103	480.0	384.0	0	1103	38
1	1104	417.0	385.0	0	1104	0
1	1105	463.0	385.0	0	1105	37
1	1106	506.0	385.0	0	1106	38
1	1107	492.0	386.0	0	1107	38
1	1108	497.0	386.0	0	1108	38
1	1109	499.75	386.25	0	1109	38
1	1110	485.3333333333333	387.3333333333333	0	1110	38
1	1111	499.5	388.0	0	1111	38
1	1112	41.333333333333336	388.6666666666667	0	1112	0
1	1113	483.0	390.0	0	1113	38
1	1114	507.0	390.0	0	1114	38
1	1115	479.5	391.0	0	1115	38
1	1116	484.5	390.5	0	1116	38
1	1117	498.5	391.5	0	1117	38
1	1118	174.75	392.25	0	1118	0
1	1119	489.0	392.0	0	1119	38
1	1120	493.0	392.0	0	1120	38
1	1121	3.0	393.0	0	1121	0
1	1122	0.0	394.0	0	1122	0
1	1123	499.0	394.0	0	1123	38
1	1124	494.0	395.0	0	1124	38
1	1125	486.5	396.0	0	1125	38
1	1126	16.0	397.5	0	1126	0
1	1127	496.5	401.0	0	1127	38
1	1128	486.0	402.0	0	1128	38
1	1129	501.3333333333333	401.3333333333333	0	1129	40
1	1130	506.0	402.0	0	1130	40
1	1131	433.0	403.0	0	1131	41
1	1132	468.0	404.0	0	1132	39
1	1133	437.0	407.0	0	1133	41
1	1134	469.5	407.0	0	1134	39
1	1135	477.5	407.0	0	1135	39
1	1136	481.0	407.0	0	1136	39
1	1137	497.0	407.0	0	1137	40
1	1138	465.5	408.0	0	1138	39
1	1139	471.0	410.0	0	1139	39
1	1140	434.0	412.0	0	1140	41
1	1141	469.0	412.0	0	1141	39
1	1142	473.0	413.6666666666667	0	1142	39
1	1143	476.0	413.0	0	1143	39
1	1144	503.0	413.5	0	1144	40
1	1145	441.0	415.0	0	1145	41
1	1146	462.0	415.0	0	1146	39
1	1147	467.0	415.0	0	1147	39
1	1148	481.0	415.3333333333333	0	1148	39
1	1149	477.0	416.0	0	1149	39
1	1150	508.0	416.0	0	1150	40
1	1151	417.0	417.0	0	1151	41
1	1152	442.0	417.0	0	1152	41
1	1153	466.5	417.0	0	1153	39
1	1154	469.0	417.0	0	1154	39
1	1155	476.0	417.0	0	1155	39
1	1156	505.0	417.0	0	1156	40
1	1157	436.0	418.0	0	1157	41
1	1158	479.5	418.0	0	1158	39
1	1159	418.0	419.0	0	1159	41
1	1160	464.0	419.0	0	1160	39
1	1161	468.0	419.0	0	1161	39
1	1162	481.0	419.0	0	1162	39
1	1163	6.5	420.0	0	1163	0
1	1164	432.0	420.0	0	1164	41
1	1165	462.5	420.5	0	1165	39
1	1166	470.0	421.0	0	1166	39
1	1167	477.0	421.0	0	1167	39
1	1168	430.0	422.0	0	1168	41
1	1169	457.0	422.0	0	1169	39
1	1170	260.0	423.5	0	1170	0
1	1171	422.0	423.0	0	1171	41
1	1172	466.0	423.0	0	1172	39
1	1173	419.0	423.5	0	1173	41
1	1174	431.0	424.0	0	1174	41
1	1175	457.0	424.0	0	1175	39
1	1176	259.0	425.0	0	1176	0
1	1177	433.5	425.0	0	1177	41
1	1178	438.5	426.0	0	1178	41
1	1179	428.5	427.0	0	1179	41
1	1180	459.5	428.0	0	1180	42
1	1181	436.0	429.0	0	1181	41
1	1182	463.0	429.0	0	1182	42
1	1183	484.0	432.0	0	1183	42
1	1184	461.5	433.0	0	1184	42
1	1185	472.0	433.5	0	1185	42
1	1186	480.0	434.0	0	1186	42
1	1187	468.0	435.0	0	1187	42
1	1188	473.0	436.0	0	1188	42
1	1189	15.0	437.0	0	1189	0
1	1190	453.0	437.0	0	1190	43
1	1191	471.0	438.0	0	1191	42
1	1192	478.0	439.6666666666667	0	1192	42
1	1193	451.5	440.0	0	1193	43
1	1194	465.5	440.5	0	1194	42
1	1195	471.0	440.0	0	1195	42
1	1196	443.5	441.0	0	1196	43
1	1197	476.0	441.0	0	1197	42
1	1198	490.0	441.0	0	1198	42
1	1199	445.0	442.5	0	1199	43
1	1200	478.0	442.0	0	1200	42
1	1201	457.0	443.0	0	1201	43
1	1202	472.0	443.0	0	1202	42
1	1203	443.0	444.0	0	1203	43
1	1204	454.0	444.0	0	1204	43
1	1205	470.0	444.0	0	1205	42
1	1206	446.0	446.0	0	1206	43
1	1207	456.0	446.5	0	1207	43
1	1208	434.0	447.0	0	1208	43
1	1209	438.0	447.0	0	1209	43
1	1210	440.5	447.0	0	1210	43
1	1211	436.1666666666667	448.8333333333333	0	1211	43
1	1212	444.0	448.0	0	1212	43
1	1213	457.5	448.0	0	1213	43
1	1214	103.66666666666667	450.6666666666667	0	1214	0
1	1215	438.5	449.5	0	1215	43
1	1216	450.5	450.0	0	1216	43
1	1217	444.0	451.0	0	1217	43
1	1218	455.0	451.0	0	1218	43
1	1219	487.0	451.0	0	1219	44
1	1220	453.0	452.0	0	1220	43
1	1221	480.0	453.0	0	1221	44
1	1222	445.0	454.0	0	1222	43
1	1223	124.0	456.0	0	1223	0
1	1224	447.0	456.0	0	1224	43
1	1225	470.0	456.0	0	1225	44
1	1226	440.0	457.0	0	1226	43
1	1227	456.0	457.0	0	1227	43
1	1228	497.0	457.0	0	1228	44
1	1229	444.5	458.0	0	1229	43
1	1230	489.0	458.0	0	1230	44
1	1231	495.0	458.0	0	1231	44
1	1232	492.0	460.0	0	1232	44
1	1233	483.0	461.0	0	1233	44
1	1234	499.0	462.0	0	1234	45
1	1235	471.0	463.0	0	1235	44
1	1236	508.0	463.0	0	1236	45
1	1237	506.0	463.5	0	1237	45
1	1238	490.0	466.0	0	1238	44
1	1239	468.0	467.0	0	1239	44
1	1240	478.0	468.0	0	1240	44
1	1241	485.0	468.0	0	1241	44
1	1242	487.0	468.0	0	1242	44
1	1243	503.0	471.0	0	1243	45
1	1244	502.0	473.0	0	1244	45
1	1245	163.0	474.0	0	1245	0
1	1246	509.5	474.0	0	1246	45
1	1247	508.0	474.5	0	1247	45
1	1248	489.5	476.0	0	1248	45
1	1249	497.0	476.0	0	1249	45
1	1250	501.5	476.0	0	1250	45
1	1251	163.0	478.0	0	1251	0
1	1252	508.5	479.0	0	1252	45
1	1253	508.0	481.5	0	1253	45
1	1254	502.5	488.0	0	1254	45
1	1255	508.0	488.0	0	1255	45
1	1256	10.0	493.0	0	1256	0
1	1257	15.0	498.0	0	1257	0
1	1258	2.0	500.0	0	1258	0
1	1259	194.66666666666666	499.6666666666667	0	1259	0
1	1260	159.0	501.0	0	1260	0
1	1261	253.0	503.0	0	1261	0
1	1262	318.0	507.0	0	1262	0
